customer_id,cibil_score,cibil_score_bucket,payment_history_score,utilization_score,credit_history_score,credit_mix_score,inquiry_score,cibil_composite,credit_utilization_pct,credit_history_years,bureau_inquiries_6m,missed_payments_count,settled_flag,writeoff_flag,default_history_flag,active_loan_count,closed_loan_count,total_credit_limit,dti_ratio,dti_bucket,loan_lifecycle_ratio
CUST000001,841,excellent,90.84,90.01,98.77,78.55,86.83,90.1528,4.37,11,1,0,0,0,0,2,6,45017.55,0.5117,low,0.25
CUST000002,712,good,59.54,92.19,80.44,31.13,50.51,68.7259,6.46,7,3,2,0,0,0,0,6,41138.99,0.0124,low,0.0
CUST000003,774,excellent,73.73,91.03,69.39,59.62,94.74,78.9584,3.76,7,0,0,0,0,0,1,6,201306.29,0.4126,low,0.1429
CUST000004,786,excellent,92.77,75.2,75.72,61.73,83.71,80.9329,15.35,6,1,0,0,0,0,1,0,82532.42,0.3434,low,0.5
CUST000005,720,good,56.87,86.47,93.78,49.07,51.3,69.9519,14.97,13,3,4,0,0,0,0,6,92804.87,0.1294,low,0.0
CUST000006,788,excellent,98.83,95.29,43.16,40.73,75.97,81.3232,5.55,1,2,0,0,0,0,0,0,57757.79,0.0282,low,0.0
CUST000007,726,good,76.79,93.2,14.44,48.8,90.83,70.9656,4.22,0,0,1,0,0,0,0,6,33129.82,0.1489,low,0.0
CUST000008,615,high_risk,15.23,83.19,68.07,62.88,67.28,52.5116,12.76,9,2,6,0,0,0,1,1,10661.91,1.223,low,0.5
CUST000009,672,risky,43.8,99.85,32.54,46.66,71.23,61.9554,5.2,1,2,2,0,0,0,0,2,48511.23,0.1627,low,0.0
CUST000010,786,excellent,85.49,91.17,59.71,49.25,99.08,81.061,3.67,2,0,0,0,0,0,0,3,112096.56,0.0748,low,0.0
CUST000011,674,risky,25.14,88.94,79.33,77.53,82.71,62.4032,10.91,7,1,1,0,0,0,1,6,236797.92,1.265,low,0.1429
CUST000012,789,excellent,91.22,94.96,49.68,51.85,84.79,81.531,8.5,2,1,0,0,0,0,1,5,89960.07,0.5015,low,0.1667
CUST000013,708,good,56.59,88.48,66.16,42.27,75.28,68.0317,3.66,6,2,2,0,0,0,0,7,217229.89,0.1466,low,0.0
CUST000014,753,excellent,74.64,75.51,78.54,49.83,99.73,75.5154,11.08,7,0,0,0,0,0,0,3,160542.54,0.0469,low,0.0
CUST000015,820,excellent,94.24,86.09,90.54,54.79,88.73,86.7464,11.67,18,1,0,0,0,0,1,4,434318.23,0.5395,low,0.2
CUST000016,838,excellent,90.69,99.21,90.67,53.2,92.01,89.6264,4.21,13,0,0,0,0,0,1,5,62626.85,0.4616,low,0.1667
CUST000017,825,excellent,96.51,88.25,99.05,30.69,92.4,87.4186,4.87,10,0,0,0,0,0,0,7,38331.53,0.0316,low,0.0
CUST000018,616,high_risk,12.74,97.33,76.39,35.14,40.07,52.638,5.87,5,3,6,0,0,1,0,7,399003.46,0.253,low,0.0
CUST000019,777,excellent,90.79,98.42,35.1,35.87,93.3,79.4837,8.27,1,0,0,0,0,0,0,5,245225.29,0.0791,low,0.0
CUST000020,785,excellent,90.75,80.03,79.24,63.57,68.35,80.8495,14.29,8,2,0,0,0,0,1,1,91672.9,0.6027,low,0.5
CUST000021,738,good,63.5,84.85,83.2,40.6,86.96,72.9168,11.37,9,1,2,0,0,0,0,0,113494.65,0.1435,low,0.0
CUST000022,764,excellent,90.51,91.48,32.14,36.69,96.83,77.2928,9.9,0,0,0,0,0,0,0,0,80322.34,0.0653,low,0.0
CUST000023,800,excellent,85.02,95.33,87.5,31.56,86.2,83.257,6.8,10,1,0,0,0,0,0,1,44298.45,0.0309,low,0.0
CUST000024,847,excellent,92.36,97.8,79.0,87.04,90.19,91.2387,8.28,7,0,0,0,0,0,2,5,70028.42,0.4558,low,0.2857
CUST000025,738,good,55.95,97.68,86.81,45.58,65.83,73.0495,6.5,12,2,1,0,0,0,0,0,7618.04,0.1098,low,0.0
CUST000026,819,excellent,87.43,91.21,94.36,58.06,86.17,86.5392,0.43,10,1,0,0,0,0,1,4,78404.78,0.7928,low,0.2
CUST000027,780,excellent,98.08,90.4,31.08,45.15,93.33,79.9598,3.29,0,0,0,0,0,0,0,5,134753.03,0.1582,low,0.0
CUST000028,863,excellent,99.35,96.91,95.21,61.32,95.02,93.762,7.97,10,0,0,0,0,0,1,0,750092.24,0.6276,low,0.5
CUST000029,811,excellent,97.31,81.58,96.12,41.08,80.28,85.0849,12.15,14,1,0,0,0,0,0,0,819429.6,0.022,low,0.0
CUST000030,826,excellent,96.33,95.27,84.74,49.5,77.83,87.7397,0.26,5,2,0,0,0,0,1,2,59253.38,0.5529,low,0.3333
CUST000031,805,excellent,86.14,94.58,82.92,37.63,94.64,84.1855,9.72,7,0,0,0,0,0,0,7,119051.16,0.1054,low,0.0
CUST000032,812,excellent,91.35,85.94,91.94,45.22,93.42,85.4115,13.28,13,0,0,0,0,0,0,2,178996.92,0.0164,low,0.0
CUST000033,684,risky,51.5,88.51,65.85,45.13,50.97,64.0666,13.35,8,3,3,0,0,0,0,3,110496.49,0.0242,low,0.0
CUST000034,675,risky,50.1,86.6,46.24,38.42,82.69,62.5638,13.82,1,1,1,0,0,0,0,0,165421.5,0.166,low,0.0
CUST000035,842,excellent,99.4,86.66,92.94,72.43,82.99,90.2702,11.96,17,1,0,0,0,0,1,1,53304.8,0.9858,low,0.5
CUST000036,814,excellent,92.61,97.83,71.79,46.79,83.78,85.5888,1.19,5,1,0,0,0,0,0,0,16405.03,0.1042,low,0.0
CUST000037,781,excellent,86.6,93.64,61.79,36.74,88.83,80.2264,0.14,2,1,0,0,0,0,0,6,94598.35,0.0081,low,0.0
CUST000038,806,excellent,86.27,86.87,95.29,43.05,94.2,84.2729,11.69,13,0,0,0,0,0,0,3,63106.2,0.0645,low,0.0
CUST000039,591,high_risk,1.17,91.34,81.38,34.31,51.08,48.5561,1.75,8,3,3,1,1,1,0,6,631760.06,0.4963,low,0.0
CUST000040,643,high_risk,51.4,75.02,50.54,46.26,44.15,57.1195,12.28,4,4,2,0,0,0,0,1,22125.73,0.0401,low,0.0
CUST000041,822,excellent,97.28,90.29,78.59,44.08,96.1,86.9405,1.2,9,0,0,0,0,0,0,7,19275.27,0.0317,low,0.0
CUST000042,837,excellent,99.78,84.4,95.22,60.94,89.01,89.5226,14.39,14,1,0,0,0,0,1,6,20275.45,0.608,low,0.1429
CUST000043,839,excellent,98.12,89.37,85.53,64.57,93.58,89.7986,14.47,15,0,0,0,0,0,2,6,26918.74,0.9948,low,0.25
CUST000044,830,excellent,90.68,96.53,96.0,38.83,93.63,88.342,1.27,11,0,0,0,0,0,0,7,96714.29,0.0086,low,0.0
CUST000045,785,excellent,90.62,79.32,70.78,47.73,98.87,80.7912,10.61,8,0,0,0,0,0,0,0,112953.31,0.0255,low,0.0
CUST000046,748,good,94.0,88.42,23.74,35.69,80.77,74.6315,4.75,0,1,0,0,0,0,0,1,304863.0,0.0533,low,0.0
CUST000047,568,high_risk,9.57,89.97,48.84,40.3,29.95,44.6922,4.67,2,6,5,1,1,1,0,1,180336.91,0.3441,low,0.0
CUST000048,677,risky,44.59,97.12,53.03,30.82,71.09,62.8869,1.39,2,2,3,0,0,0,0,1,109414.82,0.16,low,0.0
CUST000049,822,excellent,93.56,91.07,77.4,62.6,91.26,87.064,5.49,8,0,0,0,0,0,1,0,233602.85,0.9872,low,0.5
CUST000050,769,excellent,92.11,77.57,49.48,55.11,96.9,78.1325,10.56,2,0,0,0,0,0,1,4,154597.48,0.487,low,0.2
CUST000051,770,excellent,92.34,90.21,37.63,36.51,97.24,78.3991,2.06,1,0,0,0,0,0,0,2,116105.46,0.1072,low,0.0
CUST000052,816,excellent,94.87,93.54,82.25,54.58,69.39,86.0002,2.21,7,2,0,0,0,0,1,1,103947.32,0.3932,low,0.5
CUST000053,689,risky,42.06,97.02,77.68,37.38,55.71,64.7881,7.57,6,4,2,0,0,0,0,6,59300.76,0.014,low,0.0
CUST000054,795,excellent,85.31,93.19,71.22,45.22,94.84,82.5038,6.99,7,0,0,0,0,0,0,5,151386.76,0.0787,low,0.0
CUST000055,794,excellent,98.21,95.38,10.54,82.77,94.46,82.2907,6.72,0,0,0,0,0,0,2,1,138674.55,0.7968,low,0.6667
CUST000056,829,excellent,98.04,97.32,86.79,36.3,80.78,88.2347,0.13,14,1,0,0,0,0,0,5,129333.42,0.1637,low,0.0
CUST000057,602,high_risk,11.4,96.52,42.28,79.99,40.23,50.3103,8.44,1,4,4,0,0,0,1,3,59667.49,1.1917,low,0.25
CUST000058,838,excellent,92.52,99.02,90.12,47.78,92.74,89.6611,9.55,12,0,0,0,0,0,0,4,234556.5,0.1479,low,0.0
CUST000059,713,good,49.76,89.22,97.15,44.16,57.05,68.8746,14.6,18,4,3,0,0,0,0,6,140900.14,0.1477,low,0.0
CUST000060,770,excellent,85.48,81.73,75.86,33.2,91.45,78.2802,10.61,8,1,0,0,0,0,0,6,298873.9,0.0459,low,0.0
CUST000061,706,good,53.09,94.06,64.74,40.02,71.85,67.6995,1.75,3,2,3,0,0,0,0,2,70758.33,0.0438,low,0.0
CUST000062,783,excellent,89.36,81.32,70.3,52.79,90.04,80.5015,11.5,7,0,0,0,0,0,1,6,381957.5,0.5562,low,0.1429
CUST000063,763,excellent,93.01,88.9,37.46,40.64,82.63,77.169,5.52,1,1,0,0,0,0,0,4,146616.94,0.1089,low,0.0
CUST000064,833,excellent,96.62,91.02,68.31,75.23,99.47,88.8382,0.42,5,0,0,0,0,0,2,0,26878.92,0.8259,low,0.6667
CUST000065,797,excellent,93.37,78.55,59.18,80.03,96.75,82.7986,13.93,4,0,0,0,0,0,2,7,216809.13,0.5498,low,0.2222
CUST000066,670,risky,25.82,88.06,85.64,73.32,70.0,61.6345,1.98,16,2,3,0,0,0,1,3,37428.57,1.4602,low,0.25
CUST000067,770,excellent,98.47,86.82,31.71,35.16,95.37,78.3217,12.61,0,0,0,0,0,0,0,6,94743.25,0.1245,low,0.0
CUST000068,828,excellent,98.83,87.17,89.8,46.69,90.52,87.9321,13.98,13,0,0,0,0,0,0,7,79755.29,0.0906,low,0.0
CUST000069,710,good,59.77,77.76,71.32,37.64,96.93,68.4038,10.58,6,0,3,0,0,0,0,6,83875.44,0.1835,low,0.0
CUST000070,803,excellent,95.41,75.0,86.02,59.57,91.46,83.8983,10.22,19,1,0,0,0,0,1,4,25491.18,0.867,low,0.2
CUST000071,830,excellent,98.86,74.22,97.8,73.75,93.55,88.2658,35.04,14,0,0,0,0,0,1,1,94931.6,0.3669,low,0.5
CUST000072,810,excellent,85.19,94.11,66.95,86.08,83.74,85.0719,5.11,5,1,0,0,0,0,2,4,62240.83,0.4684,low,0.3333
CUST000073,782,excellent,85.31,94.31,36.54,79.69,86.63,80.2668,9.63,1,1,0,0,0,0,1,2,23876.29,0.6291,low,0.3333
CUST000074,817,excellent,97.18,98.7,65.78,32.9,94.62,86.2407,1.17,6,0,0,0,0,0,0,0,172803.71,0.0279,low,0.0
CUST000075,729,good,89.82,84.83,17.36,39.64,81.19,71.5756,11.27,0,1,0,0,0,0,0,6,197775.2,0.1579,low,0.0
CUST000076,850,excellent,90.87,95.99,94.21,86.76,82.95,91.7048,3.63,15,1,0,0,0,0,2,5,146140.45,0.748,low,0.2857
CUST000077,794,excellent,87.87,94.89,58.33,45.73,97.56,82.3011,6.25,2,0,0,0,0,0,0,5,58431.72,0.1172,low,0.0
CUST000078,668,risky,68.71,92.88,10.53,38.34,40.04,61.3295,5.69,0,3,1,0,0,0,0,4,38986.77,0.0854,low,0.0
CUST000079,754,excellent,99.77,77.45,14.85,63.18,88.92,75.5905,13.84,0,1,0,0,0,0,1,1,167397.29,0.6849,low,0.5
CUST000080,802,excellent,93.68,77.12,98.29,30.99,98.22,83.5893,11.61,10,0,0,0,0,0,0,2,396131.9,0.1314,low,0.0
CUST000081,801,excellent,88.94,85.03,83.57,53.03,90.45,83.5214,14.05,9,1,0,0,0,0,1,5,63578.5,0.6683,low,0.1667
CUST000082,783,excellent,93.7,94.99,46.64,51.41,71.38,80.5659,0.5,1,2,0,0,0,0,1,5,206160.37,0.5606,low,0.1667
CUST000083,832,excellent,86.28,96.31,97.32,57.86,91.11,88.5855,9.25,18,0,0,0,0,0,1,1,47386.23,0.4406,low,0.5
CUST000084,679,risky,53.32,79.16,65.13,40.18,68.9,63.0871,11.75,7,2,4,0,0,0,0,6,42855.51,0.0017,low,0.0
CUST000085,737,good,43.43,94.76,88.85,67.67,91.22,72.8436,6.87,12,1,3,0,0,0,1,2,311303.98,0.8136,low,0.3333
CUST000086,820,excellent,90.5,94.25,84.85,46.13,93.45,86.6376,4.13,5,0,0,0,0,0,0,2,26367.7,0.0166,low,0.0
CUST000087,803,excellent,88.23,92.03,87.92,41.44,80.39,83.859,5.54,12,1,0,0,0,0,0,3,10319.2,0.029,low,0.0
CUST000088,787,excellent,98.02,75.85,71.99,41.93,91.96,81.2483,11.91,9,0,0,0,0,0,0,3,92559.02,0.1466,low,0.0
CUST000089,824,excellent,99.74,92.36,78.45,31.28,97.76,87.2878,9.05,8,0,0,0,0,0,0,3,202580.33,0.0783,low,0.0
CUST000090,604,high_risk,11.49,84.77,88.68,35.21,43.8,50.6546,13.45,10,4,4,0,0,1,0,4,42917.9,0.5863,low,0.0
CUST000091,784,excellent,92.22,93.04,49.42,39.91,91.44,80.7386,2.18,1,0,0,0,0,0,0,7,42401.49,0.0842,low,0.0
CUST000092,808,excellent,98.93,76.19,95.0,43.76,84.77,84.584,13.68,13,1,0,0,0,0,0,3,56216.24,0.055,low,0.0
CUST000093,762,excellent,60.97,87.96,99.92,64.83,88.3,77.029,12.72,14,1,4,0,0,0,1,1,264649.66,1.1959,low,0.5
CUST000094,584,high_risk,3.76,90.48,71.86,47.38,34.2,47.3936,2.03,6,6,8,1,1,1,0,1,100902.95,0.3775,low,0.0
CUST000095,796,excellent,98.58,79.68,75.0,34.16,95.15,82.5877,12.88,7,0,0,0,0,0,0,6,138130.24,0.0715,low,0.0
CUST000096,784,excellent,94.86,91.62,44.56,33.05,99.96,80.671,5.54,1,0,0,0,0,0,0,1,200316.16,0.1371,low,0.0
CUST000097,803,excellent,93.4,86.51,76.27,43.24,94.94,83.9004,10.23,6,0,0,0,0,0,0,3,81453.47,0.0684,low,0.0
CUST000098,816,excellent,92.82,88.23,93.31,31.24,98.78,85.9538,1.6,11,0,0,0,0,0,0,5,98686.14,0.1472,low,0.0
CUST000099,754,excellent,87.5,91.89,34.56,33.99,88.17,75.5937,4.16,1,1,0,0,0,0,0,0,89277.63,0.0647,low,0.0
CUST000100,646,high_risk,20.59,99.02,85.09,31.05,48.86,57.6674,3.92,10,3,3,0,0,1,0,1,87792.12,0.2188,low,0.0
CUST000101,803,excellent,95.39,93.32,67.6,30.69,92.96,83.8875,0.42,7,0,0,0,0,0,0,2,41111.56,0.1067,low,0.0
CUST000102,862,excellent,93.17,99.75,87.87,86.12,93.82,93.7094,4.85,13,0,0,0,0,0,2,0,54221.56,0.3551,low,0.6667
CUST000103,823,excellent,94.23,94.48,90.43,31.96,91.04,87.1879,6.55,12,0,0,0,0,0,0,1,67624.04,0.076,low,0.0
CUST000104,732,good,59.61,77.35,90.17,48.11,96.73,72.0796,12.06,15,0,4,0,0,0,0,2,28312.64,0.1764,low,0.0
CUST000105,747,good,61.01,88.01,86.88,78.11,69.73,74.5743,3.94,10,2,2,0,0,0,1,7,80102.26,1.147,low,0.125
CUST000106,764,excellent,68.29,89.84,87.08,48.42,86.56,77.4135,12.64,14,1,1,0,0,0,0,6,20008.31,0.0383,low,0.0
CUST000107,812,excellent,95.83,77.71,80.05,66.72,98.49,85.3803,13.23,6,0,0,0,0,0,1,0,55741.31,0.5653,low,0.5
CUST000108,749,good,85.38,98.53,14.08,47.74,84.27,74.753,6.83,0,1,0,0,0,0,0,3,67843.6,0.1302,low,0.0
CUST000109,740,good,89.36,75.93,42.96,37.87,90.18,73.3026,12.48,1,1,0,0,0,0,0,3,147381.44,0.0405,low,0.0
CUST000110,808,excellent,97.13,83.75,90.33,45.51,74.63,84.683,14.85,11,2,0,0,0,0,0,5,23963.34,0.12,low,0.0
CUST000111,771,excellent,88.81,90.18,48.67,39.36,91.86,78.5618,9.32,2,1,0,0,0,0,0,1,55327.67,0.1318,low,0.0
CUST000112,681,risky,30.41,98.44,72.97,37.98,85.82,63.504,4.32,8,1,4,0,0,0,0,1,73308.59,0.2416,low,0.0
CUST000113,802,excellent,89.16,81.7,92.87,44.31,96.37,83.7123,10.87,20,0,0,0,0,0,0,7,267114.32,0.0335,low,0.0
CUST000114,770,excellent,91.64,93.21,28.61,44.42,95.7,78.3399,9.68,0,0,0,0,0,0,0,4,128174.08,0.0671,low,0.0
CUST000115,835,excellent,93.19,95.85,91.83,51.42,89.25,89.2131,8.73,15,1,0,0,0,0,1,4,93436.45,0.5074,low,0.2
CUST000116,630,high_risk,25.4,94.93,27.38,42.47,93.57,55.0774,6.85,0,0,2,0,0,0,0,3,74628.12,0.121,low,0.0
CUST000117,744,good,72.5,90.01,53.8,36.04,99.48,73.9983,0.06,3,0,1,0,0,0,0,4,27815.09,0.1601,low,0.0
CUST000118,808,excellent,93.72,79.71,99.14,44.59,86.62,84.7102,12.03,13,1,0,0,0,0,0,0,190226.2,0.002,low,0.0
CUST000119,756,excellent,91.41,84.58,22.69,56.61,95.38,75.9701,14.39,0,0,0,0,0,0,1,2,83881.0,0.7259,low,0.3333
CUST000120,775,excellent,69.32,82.01,99.73,57.97,94.89,79.1094,22.18,19,0,0,0,0,0,0,7,344879.12,0.1586,low,0.0
CUST000121,791,excellent,98.42,92.71,30.96,62.56,87.4,81.8979,6.7,1,1,0,0,0,0,1,0,156067.28,0.6444,low,0.5
CUST000122,816,excellent,94.76,88.32,74.45,61.64,90.43,86.0344,10.98,9,0,0,0,0,0,1,4,66047.17,0.6716,low,0.2
CUST000123,679,risky,34.84,93.94,74.08,40.39,76.12,63.1404,5.05,5,2,1,0,0,0,0,6,314206.8,0.0277,low,0.0
CUST000124,824,excellent,93.95,92.27,95.03,30.81,94.6,87.3603,7.77,13,0,0,0,0,0,0,6,221980.68,0.1092,low,0.0
CUST000125,784,excellent,99.36,81.55,52.84,38.35,96.71,80.6728,12.2,4,0,0,0,0,0,0,7,64235.22,0.0413,low,0.0
CUST000126,822,excellent,97.19,93.67,72.79,57.15,82.39,86.9914,1.2,7,1,0,0,0,0,1,4,43787.46,0.6414,low,0.2
CUST000127,823,excellent,94.66,91.11,89.75,40.85,91.59,87.1702,7.99,16,0,0,0,0,0,0,0,68668.44,0.1062,low,0.0
CUST000128,809,excellent,92.41,99.52,66.52,38.83,87.12,84.7749,1.57,8,1,0,0,0,0,0,1,40093.27,0.0031,low,0.0
CUST000129,811,excellent,93.84,84.24,93.7,50.71,79.94,85.238,15.77,14,2,0,0,0,0,1,3,76826.41,0.4606,low,0.25
CUST000130,669,risky,44.68,77.02,59.25,48.49,90.94,61.5742,13.82,2,1,4,0,0,0,0,0,127339.48,0.2105,low,0.0
CUST000131,821,excellent,91.88,98.21,86.13,36.16,87.12,86.8695,9.03,14,1,0,0,0,0,0,1,45165.41,0.0797,low,0.0
CUST000132,819,excellent,96.51,82.9,93.23,42.74,96.43,86.5501,12.31,17,0,0,0,0,0,0,6,136433.82,0.1489,low,0.0
CUST000133,797,excellent,86.47,90.71,83.08,37.57,90.88,82.784,3.22,9,0,0,0,0,0,0,0,21951.37,0.0159,low,0.0
CUST000134,841,excellent,94.56,95.61,96.29,47.93,91.07,90.1256,4.37,17,0,0,0,0,0,0,3,224944.5,0.0114,low,0.0
CUST000135,751,excellent,70.68,95.89,57.58,31.56,97.95,75.0915,5.02,3,0,0,0,0,0,0,7,303789.7,0.0574,low,0.0
CUST000136,727,good,86.33,61.71,54.76,45.53,95.97,71.0943,46.91,2,0,0,0,0,0,0,4,108838.92,0.0708,low,0.0
CUST000137,814,excellent,85.9,89.36,80.02,73.51,93.83,85.6095,1.75,6,0,0,0,0,0,1,2,164377.43,0.8487,low,0.3333
CUST000138,757,excellent,85.87,89.85,47.84,34.99,85.03,76.1865,14.18,2,1,0,0,0,0,0,5,54217.81,0.1455,low,0.0
CUST000139,849,excellent,98.37,96.94,74.01,73.72,95.08,91.4931,4.88,6,0,0,0,0,0,1,7,33129.68,0.5977,low,0.125
CUST000140,803,excellent,85.09,93.74,87.66,43.9,83.58,83.7994,7.85,16,1,0,0,0,0,0,1,43513.63,0.012,low,0.0
CUST000141,837,excellent,98.22,86.32,90.68,63.16,92.81,89.4747,12.58,16,0,0,0,0,0,0,3,107830.22,0.1023,low,0.0
CUST000142,681,risky,41.21,79.13,86.85,45.63,78.14,63.5638,11.11,15,2,4,0,0,0,0,3,69062.82,0.077,low,0.0
CUST000143,833,excellent,98.15,89.56,84.87,57.61,91.35,88.8436,11.37,8,1,0,0,0,0,1,5,403714.58,0.7401,low,0.1667
CUST000144,712,good,42.58,89.31,92.9,42.08,88.14,68.6538,13.83,14,1,1,0,0,0,0,4,91205.23,0.1587,low,0.0
CUST000145,647,high_risk,22.54,91.46,89.04,36.96,54.06,57.7826,8.3,13,4,5,0,0,1,0,1,426556.53,0.5406,low,0.0
CUST000146,808,excellent,99.53,89.97,65.46,36.22,94.69,84.7366,9.96,6,0,0,0,0,0,0,2,74841.17,0.0696,low,0.0
CUST000147,855,excellent,99.35,95.74,94.11,54.95,93.66,92.4732,7.11,12,0,0,0,0,0,1,2,83655.35,0.7262,low,0.3333
CUST000148,821,excellent,88.39,95.56,91.32,40.19,95.73,86.8922,4.25,13,0,0,0,0,0,0,5,142179.45,0.0093,low,0.0
CUST000149,624,high_risk,31.65,84.55,49.56,40.76,59.82,53.9341,12.48,1,4,3,0,0,0,0,7,60509.42,0.1796,low,0.0
CUST000150,764,excellent,96.94,92.27,33.84,41.56,65.52,77.3974,6.16,1,2,0,0,0,0,0,6,56128.27,0.0562,low,0.0
CUST000151,575,high_risk,1.85,79.54,85.81,30.2,53.71,45.7701,14.08,13,4,1,0,1,1,0,5,125943.39,0.3415,low,0.0
CUST000152,693,risky,26.91,98.51,98.79,49.69,66.78,65.4344,1.64,13,2,2,0,0,0,0,1,70884.47,0.2476,low,0.0
CUST000153,717,good,73.54,90.54,26.67,30.76,95.01,69.477,0.91,0,0,0,0,0,0,0,5,73042.48,0.0868,low,0.0
CUST000154,853,excellent,88.88,99.71,96.05,67.11,99.56,92.0942,0.35,16,0,0,0,0,0,1,5,70420.01,0.9773,low,0.1667
CUST000155,696,risky,46.23,68.11,88.67,62.34,97.75,65.9235,39.48,15,0,2,0,0,0,0,3,114727.9,0.0229,low,0.0
CUST000156,751,excellent,88.11,89.02,18.27,49.2,99.79,75.1842,5.21,0,0,0,0,0,0,0,6,72553.84,0.148,low,0.0
CUST000157,674,risky,40.18,90.82,54.31,36.49,92.17,62.3217,2.19,2,0,4,0,0,0,0,6,33527.75,0.0709,low,0.0
CUST000158,784,excellent,86.37,91.4,60.72,39.41,99.42,80.6427,9.45,2,0,0,0,0,0,0,6,12960.75,0.0263,low,0.0
CUST000159,686,risky,54.29,91.92,26.91,40.11,97.23,64.3484,1.29,0,0,3,0,0,0,0,4,149915.76,0.1261,low,0.0
CUST000160,699,risky,68.9,77.97,34.24,44.88,93.16,66.4443,13.54,0,0,1,0,0,0,0,0,120867.75,0.0085,low,0.0
CUST000161,766,excellent,98.76,97.96,11.21,34.44,85.26,77.6069,0.2,0,1,0,0,0,0,0,5,224667.07,0.1124,low,0.0
CUST000162,710,good,70.0,90.9,23.77,46.78,83.97,68.4097,6.0,0,1,1,0,0,0,0,3,108640.53,0.11,low,0.0
CUST000163,705,good,51.93,93.29,44.23,78.23,79.48,67.5668,7.06,1,2,4,0,0,0,1,6,125292.34,1.1997,low,0.1429
CUST000164,859,excellent,97.95,94.15,99.44,60.96,96.63,93.2012,2.0,11,0,0,0,0,0,1,1,120567.87,0.827,low,0.5
CUST000165,692,risky,53.31,93.21,67.96,39.14,46.68,65.3987,0.37,5,3,1,0,0,0,0,6,239932.83,0.0962,low,0.0
CUST000166,802,excellent,93.45,99.55,45.94,51.08,90.13,83.5845,9.47,2,0,0,0,0,0,1,4,28789.7,0.4051,low,0.2
CUST000167,611,high_risk,26.09,90.17,62.09,41.25,21.71,51.7911,8.89,3,5,7,0,0,1,0,1,155988.79,0.2485,low,0.0
CUST000168,712,good,59.35,92.13,55.98,33.78,85.11,68.697,8.0,2,1,1,0,0,0,0,5,30257.26,0.1339,low,0.0
CUST000169,819,excellent,89.04,92.76,99.18,42.8,83.55,86.505,6.06,15,1,0,0,0,0,0,0,433234.36,0.076,low,0.0
CUST000170,808,excellent,86.52,88.95,96.37,41.56,91.71,84.7495,10.16,18,1,0,0,0,0,0,2,346103.04,0.0477,low,0.0
CUST000171,803,excellent,96.78,75.09,56.28,91.84,97.9,83.8162,10.48,2,0,0,0,0,0,2,2,833718.96,0.5846,low,0.5
CUST000172,807,excellent,91.64,87.93,88.74,32.37,94.2,84.4204,13.69,19,0,0,0,0,0,0,1,52802.99,0.0542,low,0.0
CUST000173,749,good,85.92,83.79,34.36,45.9,98.86,74.8395,11.14,1,0,0,0,0,0,0,4,92385.49,0.0911,low,0.0
CUST000174,795,excellent,96.75,84.9,68.2,30.14,99.79,82.5561,11.1,9,0,0,0,0,0,0,5,72656.04,0.014,low,0.0
CUST000175,862,excellent,97.38,95.1,94.46,86.46,81.76,93.6035,3.55,16,1,0,0,0,0,2,4,101259.48,0.5825,low,0.3333
CUST000176,799,excellent,85.36,93.53,83.37,35.42,92.11,83.1962,3.34,7,0,0,0,0,0,0,2,48203.63,0.1139,low,0.0
CUST000177,820,excellent,95.06,85.42,93.12,45.47,92.36,86.6504,11.23,15,0,0,0,0,0,1,5,125213.7,0.5619,low,0.1667
CUST000178,811,excellent,92.07,97.68,48.82,68.82,94.93,85.2254,7.01,3,0,0,0,0,0,1,7,284066.05,0.6974,low,0.125
CUST000179,827,excellent,96.98,98.9,67.98,47.39,92.42,87.7903,1.31,6,0,0,0,0,0,0,3,197355.05,0.0616,low,0.0
CUST000180,780,excellent,76.34,83.3,83.56,67.69,90.58,80.068,14.75,8,1,1,0,0,0,1,4,320782.05,0.9747,low,0.2
CUST000181,848,excellent,99.08,86.28,89.56,77.03,95.86,91.2858,13.95,13,0,0,0,0,0,1,3,167860.39,0.8868,low,0.25
CUST000182,706,good,45.25,97.39,78.68,31.81,76.41,67.6776,1.6,5,2,4,0,0,0,0,4,306357.32,0.1392,low,0.0
CUST000183,811,excellent,93.03,87.35,84.03,42.38,95.83,85.1895,13.24,9,0,0,0,0,0,0,3,82602.78,0.008,low,0.0
CUST000184,788,excellent,98.05,88.3,53.21,30.36,95.36,81.3616,9.15,4,0,0,0,0,0,0,1,54846.16,0.1592,low,0.0
CUST000185,812,excellent,69.98,93.5,99.37,88.76,90.02,85.3284,3.01,11,0,0,0,0,0,2,0,147588.95,0.7653,low,0.6667
CUST000186,574,high_risk,10.97,79.86,61.36,43.75,42.49,45.6243,13.45,4,4,5,0,0,1,0,2,61312.72,0.4349,low,0.0
CUST000187,822,excellent,90.55,89.75,82.65,64.46,95.98,87.0591,5.52,9,0,0,0,0,0,1,4,245361.41,0.7105,low,0.2
CUST000188,810,excellent,93.94,90.4,73.15,68.8,70.71,84.9232,3.12,7,2,0,0,0,0,1,1,42200.68,0.9579,low,0.5
CUST000189,729,good,54.05,90.93,83.99,36.11,91.05,71.5092,3.39,8,1,2,0,0,0,0,1,36762.69,0.0147,low,0.0
CUST000190,788,excellent,91.36,96.51,40.92,50.92,91.58,81.3161,6.5,1,1,0,0,0,0,1,4,92020.17,0.6019,low,0.2
CUST000191,688,risky,36.86,87.62,70.82,68.0,80.45,64.6566,11.37,8,1,1,0,0,0,1,2,447896.13,0.6733,low,0.3333
CUST000192,767,excellent,92.54,99.44,24.58,35.29,83.93,77.8308,8.64,0,1,0,0,0,0,0,5,383138.52,0.0645,low,0.0
CUST000193,607,high_risk,22.09,88.44,54.45,68.16,28.65,51.1116,6.76,3,5,5,0,0,0,1,5,63162.45,1.3315,low,0.1667
CUST000194,769,excellent,91.27,89.91,31.69,49.14,96.26,78.2098,4.33,1,0,0,0,0,0,0,1,98222.57,0.1507,low,0.0
CUST000195,820,excellent,89.25,97.18,85.37,35.42,99.54,86.693,8.2,14,0,0,0,0,0,0,1,26576.65,0.0858,low,0.0
CUST000196,713,good,41.38,87.13,88.0,70.91,79.98,68.9095,10.49,20,2,2,0,0,0,1,0,179903.66,0.7911,low,0.5
CUST000197,815,excellent,96.65,88.31,84.18,46.28,83.26,85.9024,7.6,7,1,0,0,0,0,0,0,58065.58,0.1063,low,0.0
CUST000198,793,excellent,85.49,93.85,83.33,30.41,85.18,82.1347,7.11,5,1,0,0,0,0,0,3,82473.42,0.1044,low,0.0
CUST000199,775,excellent,89.53,90.72,52.27,34.5,92.57,79.0988,1.82,2,0,0,0,0,0,0,1,156365.24,0.077,low,0.0
CUST000200,678,risky,49.19,61.04,73.08,78.34,86.6,62.9837,31.07,7,1,1,0,0,0,1,7,164922.66,0.758,low,0.125
CUST000201,728,good,62.11,92.12,86.24,36.64,53.29,71.3051,3.23,11,3,1,0,0,0,0,6,68382.56,0.1788,low,0.0
CUST000202,640,high_risk,24.18,84.28,94.7,31.99,55.91,56.7451,13.13,14,3,5,1,0,1,0,6,59071.36,0.2027,low,0.0
CUST000203,805,excellent,88.44,99.0,75.02,30.81,91.93,84.1796,0.56,6,0,0,0,0,0,0,4,134536.38,0.1291,low,0.0
CUST000204,728,good,68.14,75.78,68.1,54.1,90.68,71.2755,12.89,7,1,0,0,0,0,1,2,43802.36,0.9796,low,0.3333
CUST000205,801,excellent,87.52,91.65,87.72,30.82,92.15,83.5807,2.88,15,0,0,0,0,0,0,2,26631.41,0.1305,low,0.0
CUST000206,692,risky,60.46,91.17,45.65,36.06,63.18,65.2834,8.45,4,3,4,0,0,0,0,6,934176.54,0.0341,low,0.0
CUST000207,745,good,60.23,90.78,73.79,74.39,83.03,74.1247,8.69,6,1,1,0,0,0,1,5,92189.54,1.1407,low,0.1667
CUST000208,809,excellent,86.27,92.3,78.74,54.88,95.95,84.7814,9.67,6,0,0,0,0,0,1,2,95265.08,0.5682,low,0.3333
CUST000209,817,excellent,87.96,83.82,94.07,73.19,88.79,86.2385,11.62,11,1,0,0,0,0,1,6,255239.08,0.3911,low,0.1429
CUST000210,614,high_risk,9.27,95.14,69.28,46.2,55.34,52.3344,2.56,9,4,2,1,1,1,0,4,68913.73,0.1712,low,0.0
CUST000211,791,excellent,85.97,88.35,87.84,31.86,89.61,81.9149,5.09,18,1,0,0,0,0,0,1,136353.61,0.1089,low,0.0
CUST000212,704,good,44.29,89.58,96.62,42.18,62.3,67.3172,2.26,18,3,4,0,0,0,0,2,41083.19,0.1533,low,0.0
CUST000213,746,good,96.44,79.38,15.21,52.54,91.63,74.2678,14.89,0,0,0,0,0,0,1,1,40726.8,0.6904,low,0.5
CUST000214,820,excellent,91.45,99.17,78.77,32.69,97.71,86.6149,4.98,7,0,0,0,0,0,0,2,281141.44,0.0121,low,0.0
CUST000215,687,risky,54.46,82.35,67.28,37.74,68.5,64.4808,12.49,8,2,4,0,0,0,0,5,61993.74,0.203,low,0.0
CUST000216,659,risky,40.16,76.1,96.27,37.87,46.78,59.7896,14.13,11,3,3,0,0,0,0,6,1729740.13,0.0943,low,0.0
CUST000217,755,excellent,94.2,86.02,47.36,34.05,65.05,75.7909,12.46,2,2,0,0,0,0,0,0,160265.28,0.001,low,0.0
CUST000218,807,excellent,98.36,91.58,58.54,48.92,90.11,84.5819,3.01,4,0,0,0,0,0,0,0,63547.43,0.0408,low,0.0
CUST000219,808,excellent,94.72,77.14,89.82,49.42,99.13,84.6208,12.12,17,0,0,0,0,0,1,2,26178.94,0.9744,low,0.3333
CUST000220,768,excellent,96.54,94.19,10.17,48.86,95.04,77.9627,0.85,0,0,0,0,0,0,0,0,35059.35,0.0438,low,0.0
CUST000221,754,excellent,64.6,96.34,81.52,64.82,63.71,75.5956,6.19,9,4,2,0,0,0,1,3,18451.88,1.0681,low,0.25
CUST000222,789,excellent,90.57,90.85,45.93,70.83,85.21,81.4483,8.28,1,1,0,0,0,0,1,5,27479.81,0.3755,low,0.1667
CUST000223,802,excellent,93.44,83.57,69.26,62.12,92.13,83.5885,14.85,7,0,0,0,0,0,2,4,51024.02,0.373,low,0.3333
CUST000224,824,excellent,97.39,93.01,81.28,44.63,86.96,87.3401,7.12,6,1,0,0,0,0,0,0,98788.55,0.1224,low,0.0
CUST000225,609,high_risk,14.2,94.33,62.14,62.22,36.76,51.4864,1.96,4,6,7,0,0,0,1,0,37902.69,1.3483,low,0.5
CUST000226,835,excellent,89.43,86.31,92.31,82.82,97.73,89.095,14.52,17,0,0,0,0,0,2,0,25841.7,0.4809,low,0.6667
CUST000227,823,excellent,90.44,91.09,88.24,57.55,92.42,87.2136,0.22,13,0,0,0,0,0,1,7,198850.97,0.9323,low,0.125
CUST000228,821,excellent,88.76,84.19,99.07,61.83,94.73,86.84,13.7,18,0,0,0,0,0,1,4,890462.68,0.8927,low,0.2
CUST000229,720,good,40.24,96.26,98.47,46.8,76.27,70.0382,0.16,16,2,1,0,0,0,0,7,168143.71,0.1946,low,0.0
CUST000230,708,good,68.33,80.79,44.56,40.33,90.96,67.9654,10.81,1,0,1,0,0,0,0,7,261564.39,0.1077,low,0.0
CUST000231,771,excellent,87.7,82.84,53.96,49.83,99.19,78.5458,13.0,2,0,0,0,0,0,0,4,197068.25,0.0395,low,0.0
CUST000232,774,excellent,93.99,77.52,65.23,31.18,99.49,79.0015,12.98,5,0,0,0,0,0,0,7,149857.69,0.0245,low,0.0
CUST000233,849,excellent,86.6,94.27,95.5,87.64,98.63,91.5428,2.6,18,0,0,0,0,0,2,4,50024.78,0.4865,low,0.3333
CUST000234,731,good,56.34,85.31,76.7,60.24,90.13,71.8546,13.51,8,1,1,0,0,0,1,2,400733.32,0.7245,low,0.3333
CUST000235,809,excellent,90.45,89.23,89.06,51.72,78.08,84.7681,1.29,14,2,0,0,0,0,1,4,53219.81,0.8952,low,0.2
CUST000236,824,excellent,87.9,92.85,93.62,47.58,99.36,87.3571,0.99,12,0,0,0,0,0,1,2,183048.21,0.4902,low,0.3333
CUST000237,706,good,48.64,89.72,80.9,36.69,79.43,67.6861,0.08,9,2,2,0,0,0,0,7,287110.17,0.082,low,0.0
CUST000238,684,risky,50.51,97.67,25.12,41.14,91.65,64.0256,2.82,0,1,2,0,0,0,0,4,281047.82,0.0022,low,0.0
CUST000239,790,excellent,91.75,77.15,87.42,37.02,96.24,81.6957,12.82,16,0,0,0,0,0,0,0,14560.13,0.0742,low,0.0
CUST000240,823,excellent,87.89,88.18,97.98,63.76,88.8,87.1677,4.39,14,1,0,0,0,0,1,3,43122.12,0.9378,low,0.25
CUST000241,821,excellent,96.38,88.78,88.57,35.14,96.48,86.8125,2.3,16,0,0,0,0,0,0,2,234415.6,0.12,low,0.0
CUST000242,824,excellent,91.1,89.76,84.39,63.95,94.66,87.3329,12.26,6,0,0,0,0,0,1,7,185270.49,0.6678,low,0.125
CUST000243,656,risky,38.26,78.34,74.95,39.01,72.24,59.2608,10.68,8,2,3,0,0,0,0,5,69052.92,0.1135,low,0.0
CUST000244,727,good,57.83,85.69,94.51,48.52,62.41,71.2176,11.32,11,3,2,0,0,0,0,7,100032.65,0.1943,low,0.0
CUST000245,680,risky,71.99,75.5,13.79,33.64,99.94,63.2726,13.63,0,0,1,0,0,0,0,4,565676.16,0.1285,low,0.0
CUST000246,680,risky,50.93,89.61,38.43,44.01,84.83,63.3582,6.53,1,1,1,0,0,0,0,1,77098.92,0.196,low,0.0
CUST000247,836,excellent,96.67,88.84,93.14,64.85,84.09,89.3531,11.32,19,1,0,0,0,0,1,1,149001.3,0.8831,low,0.5
CUST000248,726,good,97.41,45.42,77.75,48.74,66.83,70.9368,57.37,7,2,0,0,0,0,1,1,151870.32,0.6492,low,0.5
CUST000249,648,high_risk,13.83,95.69,87.5,40.47,72.12,57.9328,9.83,18,2,8,0,0,1,0,4,49167.44,0.2698,low,0.0
CUST000250,794,excellent,90.4,77.15,98.74,51.4,76.08,82.3421,14.37,10,2,0,0,0,0,1,7,72447.21,0.43,low,0.125
CUST000251,728,good,67.3,94.46,36.04,45.77,95.01,71.3771,4.44,1,0,0,0,0,0,1,6,74836.36,0.5108,low,0.1429
CUST000252,790,excellent,91.84,84.78,85.23,31.37,82.39,81.7384,10.51,20,1,0,0,0,0,0,1,22882.11,0.1039,low,0.0
CUST000253,772,excellent,85.15,99.58,48.74,49.1,67.18,78.6148,1.1,1,2,0,0,0,0,0,1,51302.47,0.0763,low,0.0
CUST000254,749,good,92.05,87.84,17.16,44.72,91.41,74.7583,10.47,0,0,0,0,0,0,0,3,67023.03,0.0017,low,0.0
CUST000255,808,excellent,91.11,78.47,84.69,73.36,92.76,84.7458,12.08,9,0,0,0,0,0,1,6,151721.38,0.9987,low,0.1429
CUST000256,684,risky,49.32,85.13,59.2,36.78,86.13,63.9722,11.96,2,1,3,0,0,0,0,2,183191.73,0.1556,low,0.0
CUST000257,646,high_risk,19.91,92.08,73.09,68.17,63.16,57.6901,2.15,5,3,4,0,0,0,1,2,82572.92,2.0872,moderate,0.3333
CUST000258,821,excellent,85.05,88.61,96.35,68.02,91.49,86.7551,0.29,16,0,0,0,0,0,1,5,26597.38,0.5305,low,0.1667
CUST000259,807,excellent,86.3,99.84,75.72,38.11,91.05,84.4329,1.59,5,1,0,0,0,0,0,7,22705.5,0.0291,low,0.0
CUST000260,699,risky,41.95,94.58,86.18,47.55,57.81,66.5182,2.72,11,3,3,0,0,0,0,6,130163.66,0.1451,low,0.0
CUST000261,756,excellent,93.96,82.37,32.08,43.57,91.91,75.9559,11.92,0,0,0,0,0,0,0,4,58872.63,0.0685,low,0.0
CUST000262,642,high_risk,40.92,91.23,19.82,49.2,73.58,56.9431,4.13,0,2,4,0,0,0,0,3,44187.56,0.1519,low,0.0
CUST000263,743,good,85.17,88.38,37.51,32.48,85.97,73.7952,6.44,1,1,0,0,0,0,0,5,71084.18,0.0159,low,0.0
CUST000264,827,excellent,94.52,98.99,92.26,31.72,80.0,87.7922,0.02,18,1,0,0,0,0,0,2,78175.73,0.0339,low,0.0
CUST000265,647,high_risk,28.29,93.23,68.12,38.97,58.88,57.8745,6.06,9,3,3,0,0,1,0,2,224368.3,0.2871,low,0.0
CUST000266,696,risky,58.82,75.42,85.68,35.91,62.61,65.9199,13.21,10,3,4,0,0,0,0,1,236239.78,0.1716,low,0.0
CUST000267,810,excellent,90.09,98.57,71.32,41.83,90.29,85.0127,1.62,5,1,0,0,0,0,0,7,124381.38,0.0165,low,0.0
CUST000268,763,excellent,89.34,76.87,56.65,61.55,81.59,77.1415,11.24,2,1,0,0,0,0,1,4,157306.86,0.782,low,0.2
CUST000269,753,excellent,97.7,77.42,26.85,47.66,92.77,75.4901,14.52,0,0,0,0,0,0,0,1,458307.38,0.0944,low,0.0
CUST000270,780,excellent,91.57,96.82,30.51,44.45,99.54,80.0715,8.31,1,0,0,0,0,0,0,6,20656.02,0.0965,low,0.0
CUST000271,653,risky,32.77,95.83,27.89,66.85,77.17,58.8062,1.73,0,2,3,0,0,0,1,3,216624.18,0.8925,low,0.25
CUST000272,799,excellent,88.09,92.66,73.36,52.42,83.04,83.1803,3.02,7,1,0,0,0,0,1,2,26393.97,0.5937,low,0.3333
CUST000273,811,excellent,97.26,91.03,62.41,48.99,96.37,85.2496,5.96,3,0,0,0,0,0,1,2,80893.35,0.9364,low,0.3333
CUST000274,755,excellent,91.71,95.19,13.82,33.24,97.92,75.8437,1.11,0,0,0,0,0,0,0,5,36199.49,0.0627,low,0.0
CUST000275,752,excellent,92.65,82.43,34.66,36.13,94.45,75.4131,14.2,0,0,0,0,0,0,0,3,106919.39,0.1222,low,0.0
CUST000276,767,excellent,85.7,75.77,97.71,30.23,75.01,77.9067,10.98,14,2,0,0,0,0,0,0,108516.1,0.0737,low,0.0
CUST000277,588,high_risk,11.99,76.32,56.28,76.78,57.54,47.9664,13.39,3,4,8,0,0,0,1,1,80098.33,1.5091,moderate,0.5
CUST000278,719,good,52.73,97.84,61.87,36.25,91.55,69.8684,7.91,3,0,2,0,0,0,0,3,491239.49,0.1898,low,0.0
CUST000279,780,excellent,91.27,97.4,32.37,48.26,90.81,79.9291,1.69,1,0,0,0,0,0,0,3,46152.19,0.0633,low,0.0
CUST000280,830,excellent,85.27,88.19,98.65,75.84,95.9,88.2735,9.46,10,0,0,0,0,0,1,7,406285.09,0.6454,low,0.125
CUST000281,686,risky,62.58,75.29,47.82,63.85,63.36,64.3835,22.54,1,3,2,0,0,0,1,1,195043.69,0.6884,low,0.5
CUST000282,812,excellent,94.15,93.93,75.53,38.4,89.77,85.2794,0.92,5,1,0,0,0,0,0,1,262063.19,0.0618,low,0.0
CUST000283,790,excellent,86.45,94.83,67.92,32.77,95.58,81.7286,1.96,8,0,0,0,0,0,0,1,91748.6,0.0955,low,0.0
CUST000284,829,excellent,98.64,87.15,78.65,61.78,95.91,88.2358,27.08,9,0,0,0,0,0,0,0,42933.56,0.1496,low,0.0
CUST000285,712,good,47.36,98.7,70.99,45.07,74.01,68.7442,0.62,5,2,2,0,0,0,0,3,81487.39,0.1821,low,0.0
CUST000286,653,risky,20.75,91.0,98.06,33.01,63.12,58.8828,6.4,15,4,5,0,0,1,0,3,98075.46,0.2376,low,0.0
CUST000287,779,excellent,93.08,75.09,64.34,61.49,89.18,79.8243,13.92,2,1,0,0,0,0,1,7,189205.9,0.9685,low,0.125
CUST000288,786,excellent,93.44,97.21,47.92,62.82,56.76,81.0129,1.48,1,3,0,0,0,0,1,6,185503.67,0.8315,low,0.1429
CUST000289,742,good,88.29,95.4,15.18,37.17,82.35,73.7493,2.11,0,1,0,0,0,0,0,0,44552.78,0.1582,low,0.0
CUST000290,813,excellent,88.73,85.7,97.25,48.01,93.05,85.4612,12.51,10,0,0,0,0,0,1,2,161494.45,0.6781,low,0.3333
CUST000291,620,high_risk,17.42,83.49,60.56,71.88,68.96,53.3134,10.19,2,2,8,1,0,0,1,4,60163.39,1.3505,low,0.2
CUST000292,808,excellent,91.86,84.27,65.8,90.11,82.85,84.5979,10.39,8,1,0,0,0,0,2,0,746452.83,0.6812,low,0.6667
CUST000293,716,good,64.29,78.48,91.12,52.04,43.71,69.2887,28.63,20,3,4,0,0,0,0,3,117145.4,0.1543,low,0.0
CUST000294,831,excellent,86.88,97.92,98.95,46.16,92.34,88.4748,2.6,11,0,0,0,0,0,0,2,121178.28,0.1226,low,0.0
CUST000295,836,excellent,95.2,99.98,88.25,38.01,89.37,89.2875,4.69,13,1,0,0,0,0,0,7,147455.81,0.0637,low,0.0
CUST000296,700,good,59.89,93.74,35.02,45.8,78.2,66.7353,6.5,1,2,1,0,0,0,0,2,350783.91,0.1618,low,0.0
CUST000297,808,excellent,86.15,93.68,83.6,47.15,92.04,84.715,1.23,6,0,0,0,0,0,0,6,51926.0,0.0277,low,0.0
CUST000298,770,excellent,90.6,97.37,37.48,41.05,76.36,78.2826,5.05,1,2,0,0,0,0,0,2,174954.79,0.0654,low,0.0
CUST000299,745,good,77.22,76.81,63.09,55.12,90.39,74.0849,12.69,3,0,1,0,0,0,1,5,107480.99,0.7983,low,0.1667
CUST000300,633,high_risk,34.5,88.85,50.8,35.54,56.53,55.5547,2.75,2,3,3,0,0,0,0,6,33383.34,0.2368,low,0.0
CUST000301,835,excellent,89.58,95.05,95.55,55.51,94.24,89.1767,0.94,12,0,0,0,0,0,1,6,78255.92,0.5148,low,0.1429
CUST000302,756,excellent,69.81,77.3,93.09,45.57,98.16,75.9584,13.13,17,0,0,0,0,0,0,4,75902.17,0.0975,low,0.0
CUST000303,767,excellent,89.4,92.27,34.45,47.14,90.1,77.8609,8.06,1,0,0,0,0,0,0,4,868841.51,0.0506,low,0.0
CUST000304,820,excellent,95.78,93.92,90.12,33.01,80.92,86.6101,4.52,17,1,0,0,0,0,0,3,66491.36,0.1315,low,0.0
CUST000305,801,excellent,69.78,94.28,97.56,67.57,94.73,83.5693,8.4,19,0,0,0,0,0,1,2,152860.35,0.8952,low,0.3333
CUST000306,807,excellent,85.41,90.1,97.44,59.72,70.63,84.5747,6.99,10,2,0,0,0,0,1,7,191081.63,0.6452,low,0.125
CUST000307,739,good,74.92,75.76,77.71,32.37,92.91,73.1374,13.26,5,0,1,0,0,0,0,2,294083.85,0.039,low,0.0
CUST000308,771,excellent,97.53,95.68,18.5,36.32,92.46,78.4898,3.44,0,0,0,0,0,0,0,5,61251.75,0.1522,low,0.0
CUST000309,799,excellent,93.42,98.88,43.05,49.91,93.53,83.1616,0.32,1,0,0,0,0,0,0,1,195603.41,0.0709,low,0.0
CUST000310,822,excellent,87.44,97.95,88.71,49.24,87.78,86.9949,6.68,13,1,0,0,0,0,1,7,72756.07,0.6209,low,0.125
CUST000311,811,excellent,92.15,90.53,87.78,30.84,94.44,85.106,3.05,11,0,0,0,0,0,0,0,16480.59,0.0217,low,0.0
CUST000312,720,good,50.81,81.43,99.5,43.97,84.52,69.9852,12.8,10,1,3,0,0,0,0,0,71361.51,0.1624,low,0.0
CUST000313,834,excellent,89.67,93.01,91.34,67.68,92.11,88.967,3.2,17,0,0,0,0,0,1,2,47844.34,0.3757,low,0.3333
CUST000314,652,risky,26.47,88.05,86.23,68.72,41.86,58.6717,7.49,10,4,4,0,0,0,1,7,49762.49,1.3251,low,0.125
CUST000315,807,excellent,93.04,85.02,83.22,48.75,90.26,84.4562,23.97,5,0,0,0,0,0,0,7,72112.2,0.1607,low,0.0
CUST000316,624,high_risk,27.04,77.58,47.19,42.81,99.68,54.0658,11.99,2,0,3,0,0,0,0,3,60547.47,0.1543,low,0.0
CUST000317,706,good,42.1,89.5,80.1,66.52,73.48,67.6022,4.46,6,2,1,0,0,0,1,4,36294.05,0.904,low,0.2
CUST000318,801,excellent,85.49,88.85,94.41,37.63,90.33,83.5347,2.26,11,0,0,0,0,0,0,7,136951.8,0.1287,low,0.0
CUST000319,766,excellent,89.08,86.58,47.46,48.4,85.28,77.6387,14.18,3,1,0,0,0,0,0,3,77069.55,0.1426,low,0.0
CUST000320,792,excellent,96.62,75.11,74.92,47.06,97.35,82.0303,20.62,8,0,0,0,0,0,0,2,65849.05,0.0838,low,0.0
CUST000321,759,excellent,90.38,78.15,59.47,33.57,91.48,76.5029,14.53,4,1,0,0,0,0,0,1,39316.49,0.166,low,0.0
CUST000322,739,good,54.43,97.15,86.39,42.42,78.09,73.2049,9.71,13,2,3,0,0,0,0,5,86359.06,0.1393,low,0.0
CUST000323,751,excellent,92.11,76.64,47.6,30.5,97.86,75.2083,10.41,2,0,0,0,0,0,0,5,49827.09,0.1538,low,0.0
CUST000324,852,excellent,97.06,96.37,97.6,47.41,96.92,91.9551,1.92,17,0,0,0,0,0,1,1,16231.9,0.3982,low,0.5
CUST000325,829,excellent,86.36,92.51,93.6,64.5,96.86,88.1531,2.35,16,0,0,0,0,0,1,2,14141.74,0.5166,low,0.3333
CUST000326,757,excellent,87.18,88.84,27.93,60.84,86.7,76.1062,14.86,0,1,0,0,0,0,1,2,216758.71,0.4455,low,0.3333
CUST000327,760,excellent,95.46,95.95,12.93,33.01,91.57,76.5932,7.8,0,0,0,0,0,0,0,5,602333.78,0.0688,low,0.0
CUST000328,853,excellent,93.9,94.48,98.12,79.35,83.32,92.1974,3.18,10,1,0,0,0,0,1,7,341318.21,0.8742,low,0.125
CUST000329,799,excellent,88.39,85.01,63.74,79.86,91.58,83.1455,11.38,4,1,0,0,0,0,1,3,188704.49,0.782,low,0.25
CUST000330,820,excellent,97.62,95.1,56.22,64.16,91.87,86.7325,8.96,2,0,0,0,0,0,1,6,139708.04,0.786,low,0.1429
CUST000331,781,excellent,66.12,96.26,85.71,56.37,97.36,80.2477,3.82,20,0,0,0,0,0,1,4,37549.42,0.6283,low,0.2
CUST000332,806,excellent,85.49,87.39,92.11,47.54,96.04,84.3122,13.87,11,0,0,0,0,0,0,3,89939.95,0.113,low,0.0
CUST000333,822,excellent,86.67,94.68,81.46,70.43,89.39,86.9366,0.89,9,1,0,0,0,0,1,4,151339.16,0.5425,low,0.2
CUST000334,762,excellent,74.03,95.48,56.61,48.76,90.42,76.9631,6.18,3,0,1,0,0,0,0,7,48692.34,0.0027,low,0.0
CUST000335,812,excellent,98.63,76.1,91.15,43.18,99.34,85.2736,13.51,11,0,0,0,0,0,0,0,18463.42,0.112,low,0.0
CUST000336,816,excellent,97.29,86.13,86.18,46.63,85.52,86.0327,14.88,13,1,0,0,0,0,0,6,20265.55,0.1038,low,0.0
CUST000337,815,excellent,94.33,81.01,87.71,54.05,98.83,85.7637,24.75,12,0,0,0,0,0,1,0,64855.69,0.3713,low,0.5
CUST000338,826,excellent,87.63,88.49,98.18,57.96,99.33,87.674,4.21,19,0,0,0,0,0,1,0,54864.97,0.7762,low,0.5
CUST000339,790,excellent,87.79,92.55,42.5,68.44,98.97,81.6089,3.63,1,0,0,0,0,0,1,1,139169.38,0.5917,low,0.5
CUST000340,697,risky,60.13,92.36,49.06,31.26,68.72,66.1119,5.78,2,2,3,0,0,0,0,1,56902.49,0.1091,low,0.0
CUST000341,617,high_risk,16.22,89.08,76.57,41.66,47.44,52.7964,6.41,6,4,6,0,0,1,0,2,90949.34,0.3506,low,0.0
CUST000342,795,excellent,89.52,85.2,72.05,60.15,87.72,82.4836,10.67,7,1,0,0,0,0,1,5,50994.68,0.349,low,0.1667
CUST000343,567,high_risk,21.37,91.83,16.03,38.4,33.06,44.5792,2.05,0,6,5,0,0,0,0,0,132680.65,0.4916,low,0.0
CUST000344,826,excellent,86.64,88.02,99.42,67.38,92.76,87.6582,5.26,18,0,0,0,0,0,1,4,40826.16,0.7418,low,0.2
CUST000345,797,excellent,85.57,89.63,83.91,43.68,90.84,82.8777,12.08,9,1,0,0,0,0,0,1,155246.37,0.113,low,0.0
CUST000346,822,excellent,96.48,90.84,70.94,60.47,93.08,87.0173,8.6,9,0,0,0,0,0,1,4,309254.95,0.5248,low,0.2
CUST000347,820,excellent,99.81,81.95,75.27,64.97,93.43,86.647,12.03,9,0,0,0,0,0,1,5,58999.45,0.6247,low,0.1667
CUST000348,711,good,42.17,90.76,82.92,67.31,83.34,68.4886,0.15,6,1,4,0,0,0,1,6,123678.75,1.254,low,0.1429
CUST000349,868,excellent,96.68,96.51,96.0,78.28,95.67,94.586,2.82,12,0,0,0,0,0,1,1,47356.4,0.5583,low,0.5
CUST000350,636,high_risk,17.15,92.87,58.18,67.72,75.99,55.9611,1.46,4,2,6,0,0,0,1,1,47352.39,1.4395,low,0.5
CUST000351,750,excellent,98.58,37.25,92.2,61.18,93.86,75.0143,55.97,14,0,0,0,0,0,0,6,97308.52,0.0321,low,0.0
CUST000352,806,excellent,95.86,78.16,95.04,40.64,90.31,84.3514,10.66,14,0,0,0,0,0,0,0,65971.28,0.0153,low,0.0
CUST000353,769,excellent,65.08,89.54,71.28,85.32,93.3,78.1903,5.57,7,0,0,0,0,0,2,0,248197.21,0.368,low,0.6667
CUST000354,808,excellent,94.58,78.51,73.35,73.65,96.85,84.7091,10.64,7,0,0,0,0,0,1,6,57586.86,0.9812,low,0.1429
CUST000355,763,excellent,75.74,82.37,92.31,31.51,89.56,77.1738,11.15,20,1,1,0,0,0,0,5,80772.58,0.0905,low,0.0
CUST000356,763,excellent,91.84,88.0,46.86,35.87,80.28,77.1886,0.13,1,1,0,0,0,0,0,7,421204.15,0.0485,low,0.0
CUST000357,836,excellent,97.56,92.18,96.83,44.79,85.03,89.3056,2.67,10,1,0,0,0,0,0,1,199133.12,0.1607,low,0.0
CUST000358,662,risky,16.93,90.67,98.09,71.6,62.55,60.2547,7.37,14,3,3,0,0,0,1,6,467908.95,1.2951,low,0.1429
CUST000359,764,excellent,86.39,78.96,67.41,42.55,90.47,77.3396,13.2,8,0,0,0,0,0,0,2,83821.22,0.1352,low,0.0
CUST000360,834,excellent,99.76,83.04,99.58,47.3,94.84,88.9782,14.49,12,0,0,0,0,0,0,1,457762.82,0.0934,low,0.0
CUST000361,803,excellent,89.84,88.87,86.45,42.93,84.72,83.839,14.28,14,1,0,0,0,0,0,2,32960.11,0.1073,low,0.0
CUST000362,794,excellent,90.77,95.3,59.02,35.49,95.3,82.2911,7.87,2,0,0,0,0,0,0,2,91838.04,0.0352,low,0.0
CUST000363,827,excellent,95.48,93.02,66.03,71.0,95.33,87.8595,6.74,7,0,0,0,0,0,1,7,194953.18,0.5619,low,0.125
CUST000364,545,high_risk,11.39,81.99,32.48,60.67,22.29,40.7506,10.22,0,5,7,0,0,0,1,0,133835.37,1.6441,moderate,0.5
CUST000365,842,excellent,98.77,89.13,88.01,76.62,81.87,90.3598,4.98,12,1,0,0,0,0,1,5,71229.99,0.8394,low,0.1667
CUST000366,729,good,45.54,96.69,91.55,67.3,71.24,71.5323,4.45,17,2,1,0,0,0,1,2,272300.91,1.1677,low,0.3333
CUST000367,702,good,69.15,80.02,39.68,34.54,94.25,67.0392,10.69,1,0,0,0,0,0,0,4,52195.12,0.0293,low,0.0
CUST000368,603,high_risk,14.68,96.62,66.86,38.24,25.12,50.4907,0.94,6,5,4,0,1,1,0,4,430165.84,0.4168,low,0.0
CUST000369,804,excellent,91.3,86.72,86.06,35.0,96.99,84.0777,14.93,11,0,0,0,0,0,0,7,58303.94,0.0251,low,0.0
CUST000370,745,good,98.77,79.39,20.54,34.69,92.58,74.1968,14.84,0,0,0,0,0,0,0,0,70054.82,0.1187,low,0.0
CUST000371,780,excellent,97.47,96.27,30.37,41.58,82.14,79.9235,5.6,0,1,0,0,0,0,0,5,86154.5,0.0063,low,0.0
CUST000372,739,good,71.05,96.03,44.65,40.27,88.47,73.2468,7.55,1,1,0,0,0,0,0,4,60820.87,0.0107,low,0.0
CUST000373,850,excellent,99.32,97.67,80.59,61.46,93.41,91.6375,4.75,7,0,0,0,0,0,1,1,113379.07,0.4657,low,0.5
CUST000374,806,excellent,87.04,86.68,75.86,88.77,75.8,84.3051,13.81,7,2,0,0,0,0,2,7,8172.35,0.3551,low,0.2222
CUST000375,822,excellent,97.33,76.73,94.16,66.54,91.29,86.9906,12.86,14,0,0,0,0,0,1,4,40090.71,0.7777,low,0.2
CUST000376,757,excellent,70.16,88.6,85.04,32.61,90.06,76.1566,11.73,14,0,1,0,0,0,0,6,274995.66,0.0061,low,0.0
CUST000377,804,excellent,93.58,90.55,77.02,34.01,91.72,84.0436,7.4,7,0,0,0,0,0,0,0,251453.82,0.1417,low,0.0
CUST000378,802,excellent,93.49,89.91,55.7,64.7,90.87,83.608,10.26,4,0,0,0,0,0,1,1,31065.0,0.4804,low,0.5
CUST000379,795,excellent,92.91,95.06,59.89,31.28,92.98,82.4455,5.26,2,0,0,0,0,0,0,1,115026.34,0.1151,low,0.0
CUST000380,681,risky,63.86,86.79,30.03,36.3,69.14,63.4376,13.66,1,2,2,0,0,0,0,2,99433.06,0.1773,low,0.0
CUST000381,661,risky,29.2,99.37,57.17,41.67,74.07,60.1796,4.13,3,2,2,0,0,0,0,0,267708.32,0.1342,low,0.0
CUST000382,753,excellent,88.76,57.16,88.28,56.57,83.49,75.4636,42.49,15,1,0,0,0,0,1,3,63914.77,0.8606,low,0.25
CUST000383,808,excellent,96.02,79.04,97.23,42.65,85.46,84.7131,14.17,12,1,0,0,0,0,0,3,210053.0,0.1395,low,0.0
CUST000384,765,excellent,94.14,78.55,55.53,36.72,90.62,77.5784,11.13,2,0,0,0,0,0,0,3,47942.15,0.142,low,0.0
CUST000385,821,excellent,97.13,85.5,87.54,47.99,92.94,86.8706,14.49,10,0,0,0,0,0,0,0,135522.79,0.0763,low,0.0
CUST000386,816,excellent,97.47,80.07,88.46,55.01,90.61,85.969,10.05,15,0,0,0,0,0,1,0,51140.53,0.9688,low,0.5
CUST000387,827,excellent,95.87,92.37,95.67,30.16,91.8,87.8131,1.31,16,0,0,0,0,0,0,7,160549.04,0.0806,low,0.0
CUST000388,822,excellent,89.9,92.01,71.11,78.43,94.71,87.0475,7.37,8,0,0,0,0,0,1,6,24522.25,0.9819,low,0.1429
CUST000389,794,excellent,99.66,75.1,69.72,49.14,95.38,82.3229,11.2,9,0,0,0,0,0,0,6,32593.0,0.04,low,0.0
CUST000390,830,excellent,98.3,91.53,82.54,49.79,91.36,88.3609,5.32,8,1,0,0,0,0,0,4,113033.62,0.0441,low,0.0
CUST000391,619,high_risk,25.97,97.74,29.62,37.57,65.27,53.137,6.13,0,2,3,0,0,0,0,7,65120.62,0.1657,low,0.0
CUST000392,829,excellent,91.8,96.59,75.97,58.29,98.8,88.2097,8.83,5,0,0,0,0,0,1,6,15470.82,0.3495,low,0.1429
CUST000393,743,good,61.26,92.22,87.82,31.45,83.79,73.8011,6.42,11,1,4,0,0,0,0,7,20065.35,0.0163,low,0.0
CUST000394,819,excellent,93.63,95.5,84.76,42.85,80.28,86.4468,6.83,6,1,0,0,0,0,0,7,101925.96,0.0458,low,0.0
CUST000395,796,excellent,88.29,79.53,90.81,43.8,99.11,82.6712,13.68,19,0,0,0,0,0,0,6,132680.71,0.0484,low,0.0
CUST000396,821,excellent,96.54,97.23,52.51,76.59,84.1,86.9048,4.07,2,1,0,0,0,0,1,4,150776.8,0.5014,low,0.2
CUST000397,748,good,53.71,89.17,96.08,48.7,97.94,74.625,9.36,14,0,3,0,0,0,0,0,133968.36,0.2417,low,0.0
CUST000398,624,high_risk,17.28,90.89,93.0,39.97,26.87,53.9491,2.99,10,6,8,0,0,1,0,6,132242.6,0.3488,low,0.0
CUST000399,826,excellent,86.05,91.55,99.56,61.22,90.34,87.6717,4.39,18,1,0,0,0,0,1,0,309622.24,0.4386,low,0.5
CUST000400,672,risky,43.86,88.58,50.03,44.15,81.56,62.0003,10.05,3,1,4,0,0,0,0,1,123303.96,0.128,low,0.0
CUST000401,804,excellent,79.88,85.41,98.27,69.68,86.4,83.9265,11.1,13,1,1,0,0,0,1,4,52386.48,0.3524,low,0.2
CUST000402,816,excellent,90.57,90.57,86.37,46.86,94.78,85.9916,4.29,10,0,0,0,0,0,0,4,600891.27,0.056,low,0.0
CUST000403,768,excellent,66.82,79.91,97.56,60.48,98.81,77.925,14.96,10,0,1,0,0,0,1,7,76823.37,0.6698,low,0.125
CUST000404,817,excellent,79.12,98.03,97.34,48.87,95.73,86.1587,6.71,20,0,1,0,0,0,0,4,213623.19,0.0309,low,0.0
CUST000405,823,excellent,99.15,99.11,78.69,38.97,69.82,87.119,0.17,6,2,0,0,0,0,0,5,13533.06,0.1564,low,0.0
CUST000406,777,excellent,90.46,98.01,37.76,36.68,91.72,79.5693,7.08,1,0,0,0,0,0,0,1,132298.49,0.0707,low,0.0
CUST000407,779,excellent,99.02,94.19,21.87,44.1,92.44,79.8463,0.0,0,0,0,0,0,0,0,7,282135.43,0.0052,low,0.0
CUST000408,770,excellent,75.0,78.95,79.14,73.43,91.8,78.3281,28.38,5,0,1,0,0,0,1,3,103755.34,0.4163,low,0.25
CUST000409,752,excellent,97.32,93.54,15.92,36.85,71.62,75.3596,9.99,0,2,0,0,0,0,0,4,111415.85,0.0426,low,0.0
CUST000410,840,excellent,90.92,94.79,88.91,68.4,94.97,89.9328,8.57,15,0,0,0,0,0,1,7,228819.94,0.7765,low,0.125
CUST000411,783,excellent,85.81,78.06,96.53,34.73,90.14,80.4172,12.42,11,0,0,0,0,0,0,3,126371.21,0.0648,low,0.0
CUST000412,805,excellent,86.69,88.74,72.7,64.69,99.1,84.2475,10.1,7,0,0,0,0,0,1,2,61716.19,0.4516,low,0.3333
CUST000413,826,excellent,97.05,88.5,88.16,47.42,91.37,87.6189,4.09,11,1,0,0,0,0,0,5,104126.45,0.1259,low,0.0
CUST000414,810,excellent,95.64,89.12,54.86,70.25,95.22,84.987,7.01,3,0,0,0,0,0,1,5,51277.36,0.9018,low,0.1667
CUST000415,803,excellent,88.95,98.08,69.82,45.82,81.58,83.7703,7.14,6,1,0,0,0,0,1,7,70526.44,0.5959,low,0.125
CUST000416,816,excellent,88.23,95.25,91.76,36.24,91.0,85.9446,3.87,14,1,0,0,0,0,0,1,190482.51,0.0939,low,0.0
CUST000417,825,excellent,88.51,93.6,82.63,69.88,90.33,87.4729,9.2,9,0,0,0,0,0,1,2,11714.75,0.8389,low,0.3333
CUST000418,809,excellent,85.21,97.28,88.32,34.5,91.04,84.8068,0.53,16,1,0,0,0,0,0,3,93970.7,0.0498,low,0.0
CUST000419,756,excellent,87.24,85.97,55.29,32.41,80.59,75.9216,12.25,3,1,0,0,0,0,0,1,208301.03,0.0625,low,0.0
CUST000420,853,excellent,87.67,99.56,92.39,78.14,99.92,92.219,5.71,19,0,0,0,0,0,1,4,58175.1,0.7044,low,0.2
CUST000421,832,excellent,97.14,91.72,96.82,31.39,94.39,88.6154,6.15,13,0,0,0,0,0,0,3,63893.17,0.0861,low,0.0
CUST000422,712,good,40.32,97.88,96.95,74.3,42.87,68.7371,0.61,12,4,4,0,0,0,1,0,159200.76,1.0044,low,0.5
CUST000423,815,excellent,85.66,92.79,95.46,40.17,96.25,85.7766,4.76,13,0,0,0,0,0,0,3,36008.62,0.0182,low,0.0
CUST000424,823,excellent,95.27,97.78,75.44,34.55,96.5,87.0969,9.28,9,0,0,0,0,0,0,7,117825.81,0.1398,low,0.0
CUST000425,831,excellent,97.79,99.01,68.48,44.44,98.62,88.5065,1.5,5,0,0,0,0,0,0,3,127921.37,0.0355,low,0.0
CUST000426,794,excellent,91.63,77.13,94.79,30.73,97.76,82.277,14.25,14,0,0,0,0,0,0,5,237805.65,0.0082,low,0.0
CUST000427,824,excellent,91.77,77.71,92.03,89.31,90.97,87.267,12.35,12,0,0,0,0,0,2,3,12813.0,0.7322,low,0.4
CUST000428,803,excellent,99.53,76.28,67.36,63.88,96.6,83.8729,10.73,6,0,0,0,0,0,1,6,331621.04,0.4948,low,0.1429
CUST000429,839,excellent,99.74,88.08,91.48,49.05,98.75,89.834,0.35,17,0,0,0,0,0,0,3,117730.3,0.0254,low,0.0
CUST000430,733,good,87.42,77.06,28.89,48.17,93.3,72.195,11.94,0,0,0,0,0,0,0,4,538980.84,0.1095,low,0.0
CUST000431,685,risky,42.11,81.05,76.76,48.31,88.01,64.2002,11.16,8,1,3,0,0,0,0,2,48639.07,0.1194,low,0.0
CUST000432,578,high_risk,15.6,79.74,32.05,78.95,52.36,46.321,14.1,1,3,6,0,0,0,1,2,69667.86,1.3849,low,0.3333
CUST000433,817,excellent,92.69,82.24,98.85,56.73,85.78,86.1911,14.18,14,1,0,0,0,0,1,5,87773.49,0.8248,low,0.1667
CUST000434,762,excellent,90.54,61.58,70.86,64.08,98.3,77.0296,41.55,8,0,0,0,0,0,0,5,623937.93,0.1221,low,0.0
CUST000435,777,excellent,75.33,98.97,73.7,57.15,66.71,79.4948,9.74,5,2,1,0,0,0,1,1,160562.5,0.7857,low,0.5
CUST000436,799,excellent,98.92,95.6,36.44,46.69,97.29,83.1666,0.58,1,0,0,0,0,0,0,4,520678.28,0.0874,low,0.0
CUST000437,575,high_risk,10.46,96.76,32.56,48.68,34.02,45.844,5.24,0,6,6,1,1,1,0,6,14265.0,0.6599,low,0.0
CUST000438,825,excellent,90.32,99.84,93.59,38.99,80.24,87.5245,6.12,14,1,0,0,0,0,0,5,292768.51,0.0687,low,0.0
CUST000439,756,excellent,59.78,96.6,94.37,79.27,50.34,76.0171,2.63,14,3,4,0,0,0,1,4,97634.84,1.1835,low,0.2
CUST000440,825,excellent,92.71,89.78,88.74,66.7,80.89,87.4526,2.14,14,1,0,0,0,0,1,6,9042.59,0.7861,low,0.1429
CUST000441,822,excellent,99.5,78.53,91.05,49.92,98.87,86.9225,10.48,19,0,0,0,0,0,0,3,63893.92,0.1163,low,0.0
CUST000442,744,good,66.09,89.51,67.89,46.35,91.37,73.9399,12.21,7,0,1,0,0,0,0,2,66698.36,0.0204,low,0.0
CUST000443,705,good,68.65,78.31,45.67,32.23,98.37,67.4306,12.18,2,0,1,0,0,0,0,2,39604.99,0.1081,low,0.0
CUST000444,719,good,58.85,92.96,74.87,37.59,63.77,69.8519,6.07,5,3,4,0,0,0,0,5,41740.4,0.1579,low,0.0
CUST000445,833,excellent,92.95,89.34,85.96,67.53,98.25,88.8076,14.53,17,0,0,0,0,0,1,4,17078.81,0.5919,low,0.2
CUST000446,830,excellent,86.71,93.94,94.05,66.81,90.33,88.3525,0.82,13,0,0,0,0,0,1,6,39084.4,0.7897,low,0.1429
CUST000447,712,good,35.01,92.99,93.65,48.19,95.92,68.6077,3.28,16,0,4,0,0,0,0,5,94464.04,0.1746,low,0.0
CUST000448,724,good,63.64,99.9,55.7,32.19,68.95,70.7124,7.57,4,2,3,0,0,0,0,7,36047.89,0.1308,low,0.0
CUST000449,556,high_risk,12.96,88.15,10.15,49.3,52.98,42.7313,9.61,0,3,1,0,1,1,0,0,206200.94,0.1964,low,0.0
CUST000450,765,excellent,77.46,89.16,53.04,70.14,86.02,77.4304,0.79,4,1,0,0,0,0,1,6,29819.01,0.9962,low,0.1429
CUST000451,814,excellent,86.12,97.03,87.44,39.64,93.57,85.6897,5.01,12,0,0,0,0,0,0,4,54652.59,0.1218,low,0.0
CUST000452,750,excellent,85.24,98.75,14.51,48.26,85.79,75.0379,1.03,0,1,0,0,0,0,1,3,122466.4,0.3815,low,0.25
CUST000453,803,excellent,89.59,80.11,85.47,64.38,92.16,83.8634,14.15,15,0,0,0,0,0,1,3,370914.27,0.4448,low,0.25
CUST000454,848,excellent,99.78,89.27,89.94,65.34,96.0,91.3308,12.78,13,0,0,0,0,0,1,3,376239.63,0.7458,low,0.25
CUST000455,771,excellent,94.26,98.54,23.28,40.32,84.21,78.499,7.89,0,1,0,0,0,0,0,0,305235.42,0.0172,low,0.0
CUST000456,642,high_risk,24.38,86.2,97.85,38.23,41.49,57.0459,10.72,12,6,5,0,0,1,0,7,195188.48,0.1911,low,0.0
CUST000457,772,excellent,89.11,76.96,78.92,34.17,91.67,78.698,11.74,7,1,0,0,0,0,0,1,93740.66,0.0192,low,0.0
CUST000458,816,excellent,89.02,85.98,87.68,64.97,94.52,86.0494,14.54,19,0,0,0,0,0,0,5,54111.88,0.1082,low,0.0
CUST000459,845,excellent,97.85,99.07,97.4,30.66,92.54,90.8963,5.31,11,0,0,0,0,0,0,0,72161.39,0.0609,low,0.0
CUST000460,626,high_risk,16.31,97.73,45.45,78.84,56.19,54.3476,1.65,1,3,8,0,0,0,1,3,146627.21,1.7029,moderate,0.25
CUST000461,760,excellent,62.65,99.14,86.25,33.03,88.41,76.7478,2.2,19,1,1,0,0,0,0,2,79548.9,0.0563,low,0.0
CUST000462,817,excellent,74.0,91.21,95.82,92.04,93.96,86.2348,3.06,13,0,1,0,0,0,2,6,176559.11,0.7324,low,0.25
CUST000463,864,excellent,94.64,99.87,99.93,62.17,97.5,94.0432,2.04,17,0,0,0,0,0,1,6,472594.09,0.7646,low,0.1429
CUST000464,661,risky,19.93,93.11,93.92,47.26,64.06,60.1281,1.21,17,3,7,0,0,0,0,4,84507.12,0.2263,low,0.0
CUST000465,864,excellent,97.84,91.13,99.47,77.22,97.96,94.0218,3.41,14,0,0,0,0,0,1,5,85464.37,0.4801,low,0.1667
CUST000466,854,excellent,97.74,99.75,88.06,63.53,85.7,92.2655,5.45,11,1,0,0,0,0,0,6,69746.91,0.0398,low,0.0
CUST000467,848,excellent,99.45,99.63,91.54,31.63,97.15,91.3062,0.92,17,0,0,0,0,0,0,3,205403.74,0.1206,low,0.0
CUST000468,782,excellent,91.14,77.8,65.09,66.75,86.49,80.3264,14.07,7,1,0,0,0,0,2,5,448234.22,0.9873,low,0.2857
CUST000469,797,excellent,92.69,75.38,93.91,41.6,95.26,82.8305,12.27,17,0,0,0,0,0,0,2,272858.72,0.047,low,0.0
CUST000470,830,excellent,91.39,91.94,78.38,72.38,98.2,88.384,5.78,7,0,0,0,0,0,1,0,27635.0,0.5214,low,0.5
CUST000471,667,risky,62.04,76.09,50.31,33.43,57.88,61.2211,14.76,3,3,3,0,0,0,0,7,286344.98,0.1824,low,0.0
CUST000472,845,excellent,96.1,99.74,89.96,46.98,90.56,90.8056,1.78,14,0,0,0,0,0,0,0,71770.02,0.1518,low,0.0
CUST000473,796,excellent,92.14,93.85,67.28,36.75,84.23,82.5958,9.28,8,1,0,0,0,0,0,2,149998.85,0.1639,low,0.0
CUST000474,577,high_risk,5.45,81.17,70.26,41.18,51.78,46.0922,12.42,8,4,3,0,1,1,0,6,191294.24,0.6381,low,0.0
CUST000475,776,excellent,90.32,88.88,38.51,57.42,95.15,79.3089,1.12,1,0,0,0,0,0,2,3,68301.23,0.935,low,0.4
CUST000476,776,excellent,88.49,94.72,41.63,47.3,90.39,79.3997,1.07,1,0,0,0,0,0,0,5,144087.64,0.1159,low,0.0
CUST000477,764,excellent,85.83,95.36,33.79,44.71,91.87,77.3748,5.48,1,1,0,0,0,0,0,0,172082.61,0.0052,low,0.0
CUST000478,846,excellent,94.66,95.83,93.58,63.65,87.9,91.0723,8.63,13,1,0,0,0,0,1,0,22153.74,0.8743,low,0.5
CUST000479,741,good,57.33,91.17,99.02,49.44,63.07,73.5184,7.12,12,3,2,0,0,0,0,2,133648.49,0.0384,low,0.0
CUST000480,738,good,88.77,89.67,15.81,35.78,90.55,72.9769,14.71,0,0,0,0,0,0,0,1,245549.91,0.0604,low,0.0
CUST000481,742,good,78.96,76.13,61.48,46.84,92.96,73.6753,13.91,4,0,0,0,0,0,0,1,102405.68,0.0299,low,0.0
CUST000482,748,good,97.13,79.95,40.74,32.65,73.91,74.7492,10.45,1,2,0,0,0,0,0,4,186518.44,0.1111,low,0.0
CUST000483,787,excellent,88.67,77.69,78.15,61.38,90.11,81.2162,14.5,6,1,0,0,0,0,1,3,86488.0,0.6179,low,0.25
CUST000484,819,excellent,98.59,91.14,72.97,44.63,92.66,86.5228,1.95,6,0,0,0,0,0,0,5,47409.74,0.0979,low,0.0
CUST000485,844,excellent,95.77,99.76,58.32,86.52,98.51,90.6983,7.49,3,0,0,0,0,0,2,0,116745.03,0.399,low,0.6667
CUST000486,831,excellent,96.95,93.47,89.54,33.44,97.39,88.4888,8.37,12,0,0,0,0,0,0,7,237827.36,0.02,low,0.0
CUST000487,805,excellent,92.69,79.97,86.23,47.57,99.83,84.1071,13.6,12,0,0,0,0,0,0,0,251881.05,0.0402,low,0.0
CUST000488,676,risky,54.89,85.98,49.7,30.38,72.3,62.7279,13.42,2,2,3,0,0,0,0,2,113305.09,0.146,low,0.0
CUST000489,831,excellent,98.96,97.09,77.72,46.69,83.53,88.4406,1.18,9,1,0,0,0,0,0,0,177340.29,0.0412,low,0.0
CUST000490,784,excellent,86.48,90.21,66.35,41.45,91.64,80.5924,5.32,9,0,0,0,0,0,0,4,136098.96,0.1101,low,0.0
CUST000491,794,excellent,99.02,99.45,34.94,34.98,90.23,82.2562,5.78,1,1,0,0,0,0,0,2,67174.69,0.0816,low,0.0
CUST000492,720,good,85.15,77.56,19.58,49.76,89.39,69.9224,11.03,0,1,0,0,0,0,0,1,355177.59,0.0012,low,0.0
CUST000493,701,good,64.44,87.27,69.35,33.11,44.51,66.8976,10.75,7,3,2,0,0,0,0,3,27468.33,0.2324,low,0.0
CUST000494,800,excellent,87.4,80.33,92.08,63.96,84.09,83.3063,13.06,12,1,0,0,0,0,1,4,45744.57,0.8872,low,0.2
CUST000495,815,excellent,94.22,93.59,73.1,41.02,97.92,85.9146,0.53,8,0,0,0,0,0,0,6,16349.03,0.0501,low,0.0
CUST000496,674,risky,36.34,86.15,71.0,36.17,95.11,62.3403,13.79,7,0,2,0,0,0,0,0,15238.89,0.1313,low,0.0
CUST000497,782,excellent,86.64,89.12,77.9,45.36,70.53,80.333,1.84,8,2,0,0,0,0,0,3,38708.07,0.0213,low,0.0
CUST000498,723,good,54.63,96.86,64.99,45.6,80.83,70.5687,9.89,2,1,1,0,0,0,0,6,138705.6,0.0898,low,0.0
CUST000499,845,excellent,89.42,96.48,94.29,74.22,90.37,90.8444,7.82,16,0,0,0,0,0,1,7,34622.81,0.9599,low,0.125
CUST000500,819,excellent,92.07,91.27,93.64,35.37,93.52,86.538,1.62,18,0,0,0,0,0,0,5,76532.16,0.025,low,0.0
CUST000501,729,good,54.72,88.95,79.76,60.8,85.85,71.4654,9.4,5,1,4,0,0,0,1,2,70002.83,1.4458,low,0.3333
CUST000502,651,risky,12.71,92.07,95.14,33.18,88.95,58.5544,1.07,12,1,8,0,1,1,0,6,79290.64,0.4416,low,0.0
CUST000503,799,excellent,92.44,75.13,90.11,61.99,86.3,83.2373,12.6,12,1,0,0,0,0,1,6,44199.27,0.6957,low,0.1429
CUST000504,773,excellent,64.4,98.55,90.34,32.57,99.7,78.881,4.58,11,0,3,0,0,0,0,4,41213.29,0.0347,low,0.0
CUST000505,806,excellent,93.81,97.85,49.86,48.24,98.54,84.3436,6.73,1,0,0,0,0,0,1,5,54548.78,0.4303,low,0.1667
CUST000506,613,high_risk,15.75,89.94,49.01,77.74,56.28,52.247,7.46,2,3,8,0,0,0,1,1,20345.28,1.9083,moderate,0.5
CUST000507,856,excellent,98.59,99.36,97.78,51.18,85.03,92.6026,9.42,17,1,0,0,0,0,1,7,267327.29,0.6125,low,0.125
CUST000508,832,excellent,85.7,92.35,93.42,74.23,94.81,88.616,9.9,20,0,0,0,0,0,1,1,166996.76,0.4617,low,0.5
CUST000509,733,good,62.84,75.05,93.95,47.3,87.86,72.1181,12.87,10,1,3,0,0,0,0,7,33814.53,0.0121,low,0.0
CUST000510,775,excellent,91.88,77.45,78.24,35.86,85.12,79.2242,13.53,6,1,0,0,0,0,0,5,253054.0,0.0114,low,0.0
CUST000511,775,excellent,98.09,84.54,36.2,50.64,89.93,79.1807,15.95,1,1,0,0,0,0,0,6,440052.26,0.1242,low,0.0
CUST000512,837,excellent,97.29,94.13,94.1,36.85,94.15,89.5067,8.13,12,0,0,0,0,0,0,7,70814.29,0.0919,low,0.0
CUST000513,708,good,75.1,79.36,30.84,40.91,92.49,68.0591,10.78,1,0,0,0,0,0,0,2,588553.37,0.0695,low,0.0
CUST000514,781,excellent,89.24,82.85,66.16,60.37,81.36,80.1877,13.04,9,1,0,0,0,0,1,2,188537.03,0.978,low,0.3333
CUST000515,743,good,78.95,71.92,63.9,54.85,95.24,73.7999,38.59,2,0,0,0,0,0,0,0,152702.63,0.112,low,0.0
CUST000516,673,risky,27.11,94.7,89.14,36.15,72.3,62.1128,4.42,20,2,8,0,0,1,0,0,446650.73,0.4117,low,0.0
CUST000517,654,risky,42.67,92.01,32.31,45.74,71.06,59.0644,3.77,0,2,3,0,0,0,0,2,66470.73,0.1774,low,0.0
CUST000518,774,excellent,86.94,89.2,49.94,44.38,98.45,78.9626,11.93,2,0,0,0,0,0,0,3,15088.77,0.0002,low,0.0
CUST000519,766,excellent,85.4,76.43,69.89,46.73,96.12,77.5878,20.46,8,0,0,0,0,0,0,2,2229365.16,0.1126,low,0.0
CUST000520,787,excellent,85.87,80.1,92.08,41.79,90.24,81.0987,13.79,14,1,0,0,0,0,0,6,55722.8,0.066,low,0.0
CUST000521,635,high_risk,10.31,96.65,86.91,33.11,68.43,55.7945,7.18,16,2,8,1,0,1,0,7,91388.72,0.3549,low,0.0
CUST000522,803,excellent,87.67,92.13,62.72,64.04,97.04,83.8405,6.63,4,0,0,0,0,0,1,2,26143.23,0.4672,low,0.3333
CUST000523,855,excellent,99.29,95.14,91.59,63.56,91.75,92.5625,6.39,11,0,0,0,0,0,1,1,333138.73,0.5745,low,0.5
CUST000524,822,excellent,99.5,88.33,79.06,49.91,88.33,87.0085,2.52,6,1,0,0,0,0,1,3,69875.08,0.7176,low,0.25
CUST000525,713,good,52.19,88.68,93.33,45.91,54.14,68.8743,5.28,20,4,3,0,0,0,0,6,128328.44,0.1317,low,0.0
CUST000526,840,excellent,97.6,92.77,92.26,45.23,97.22,90.0737,8.88,14,0,0,0,0,0,0,1,88756.24,0.0262,low,0.0
CUST000527,788,excellent,89.91,76.18,95.42,33.66,92.91,81.2964,12.86,15,0,0,0,0,0,0,3,70520.26,0.1314,low,0.0
CUST000528,712,good,58.35,89.68,68.23,65.0,55.24,68.5866,7.18,6,3,2,0,0,0,1,6,85856.07,1.1864,low,0.1429
CUST000529,738,good,86.24,90.93,21.18,39.45,84.05,72.9894,9.32,0,1,0,0,0,0,0,5,69524.87,0.1086,low,0.0
CUST000530,728,good,61.02,99.77,79.55,32.97,47.9,71.3084,2.93,6,3,1,0,0,0,0,5,76291.89,0.2293,low,0.0
CUST000531,807,excellent,92.01,99.71,62.88,32.58,96.7,84.4765,1.23,2,0,0,0,0,0,0,6,166110.01,0.0512,low,0.0
CUST000532,808,excellent,89.48,98.21,46.73,73.27,96.1,84.7281,7.29,3,0,0,0,0,0,1,2,94038.93,0.7719,low,0.3333
CUST000533,705,good,41.4,93.33,84.26,37.23,86.54,67.5037,2.59,6,1,3,0,0,0,0,4,81054.5,0.2002,low,0.0
CUST000534,803,excellent,90.87,88.05,83.36,40.12,91.06,83.84,13.78,6,0,0,0,0,0,0,5,29731.17,0.143,low,0.0
CUST000535,797,excellent,90.95,80.79,89.76,37.31,95.81,82.8469,10.62,10,0,0,0,0,0,0,7,47071.79,0.0913,low,0.0
CUST000536,746,good,56.08,95.66,92.03,49.93,72.76,74.3994,7.51,13,2,4,0,0,0,0,1,383846.79,0.1333,low,0.0
CUST000537,768,excellent,87.48,88.28,55.11,41.95,83.57,77.9198,3.51,3,1,0,0,0,0,0,5,82455.43,0.1628,low,0.0
CUST000538,819,excellent,88.81,96.96,87.54,36.99,95.0,86.5005,0.27,16,0,0,0,0,0,0,2,179691.88,0.0973,low,0.0
CUST000539,848,excellent,85.72,99.77,97.53,69.63,97.46,91.2722,2.74,20,0,0,0,0,0,1,5,84983.82,0.3777,low,0.1667
CUST000540,632,high_risk,14.1,99.92,99.79,33.91,20.8,55.3521,9.4,13,7,3,0,0,1,0,0,226563.33,0.5308,low,0.0
CUST000541,652,risky,24.33,93.65,84.42,61.7,41.48,58.5897,7.57,6,3,3,1,0,0,1,3,82644.95,1.3328,low,0.25
CUST000542,850,excellent,87.0,99.68,90.51,78.49,98.37,91.6155,2.46,11,0,0,0,0,0,1,4,8825.61,0.5479,low,0.2
CUST000543,572,high_risk,10.56,98.48,18.67,35.41,57.57,45.3404,3.17,0,3,3,0,0,0,0,2,94585.99,0.1876,low,0.0
CUST000544,746,good,52.05,88.8,93.8,70.15,83.2,74.2605,0.43,12,1,3,0,0,0,1,7,33855.39,0.9961,low,0.125
CUST000545,679,risky,55.58,79.04,50.03,43.55,81.05,63.13,12.12,3,1,2,0,0,0,0,1,153747.57,0.1375,low,0.0
CUST000546,803,excellent,94.17,94.53,53.99,48.49,95.53,83.8205,9.13,3,0,0,0,0,0,1,3,38348.57,0.99,low,0.25
CUST000547,831,excellent,96.65,94.46,92.75,38.94,85.05,88.4777,6.85,18,1,0,0,0,0,0,0,63831.56,0.0028,low,0.0
CUST000548,636,high_risk,52.98,76.24,31.26,31.56,67.8,56.0386,13.43,0,2,3,0,0,0,0,0,144594.79,0.1683,low,0.0
CUST000549,753,excellent,69.44,97.91,68.98,30.06,84.71,75.503,1.71,5,1,0,0,0,0,0,7,1822758.41,0.1222,low,0.0
CUST000550,823,excellent,99.86,80.87,99.56,37.7,92.55,87.1714,10.16,11,0,0,0,0,0,0,7,469559.58,0.0209,low,0.0
CUST000551,768,excellent,95.56,97.33,19.3,32.49,91.57,77.9464,7.89,0,1,0,0,0,0,0,0,175347.11,0.0649,low,0.0
CUST000552,653,risky,21.8,95.14,88.56,41.07,52.59,58.8226,3.57,20,3,3,0,0,1,0,5,177337.25,0.6413,low,0.0
CUST000553,811,excellent,99.83,98.3,64.65,44.06,66.49,85.1832,6.76,2,2,0,0,0,0,0,4,69227.39,0.0811,low,0.0
CUST000554,740,good,90.14,88.14,13.41,38.15,94.39,73.2559,4.47,0,0,0,0,0,0,0,0,100243.31,0.1538,low,0.0
CUST000555,629,high_risk,15.4,83.17,98.03,39.93,57.21,54.7594,14.85,20,4,5,0,0,0,0,2,50616.79,0.2696,low,0.0
CUST000556,791,excellent,86.41,93.47,69.3,39.7,91.37,81.788,4.41,7,1,0,0,0,0,0,1,41648.61,0.131,low,0.0
CUST000557,812,excellent,94.77,81.8,98.23,37.58,91.04,85.3076,11.73,13,1,0,0,0,0,0,0,138299.23,0.0476,low,0.0
CUST000558,738,good,66.67,84.19,88.47,30.77,80.19,72.958,12.17,18,1,0,0,0,0,0,5,48300.16,0.1409,low,0.0
CUST000559,730,good,54.15,84.53,92.48,39.85,94.22,71.5877,13.19,13,0,2,0,0,0,0,6,234359.28,0.1408,low,0.0
CUST000560,848,excellent,96.36,96.19,75.68,79.8,93.44,91.2579,6.39,9,0,0,0,0,0,1,7,53687.44,0.9912,low,0.125
CUST000561,612,high_risk,30.56,99.65,20.81,31.7,51.66,52.0484,4.49,0,4,4,0,0,0,0,5,95971.86,0.189,low,0.0
CUST000562,838,excellent,97.54,93.4,70.33,76.05,93.83,89.6965,0.03,7,0,0,0,0,0,1,0,169705.31,0.3892,low,0.5
CUST000563,629,high_risk,14.83,97.13,65.81,42.09,64.83,54.8926,7.54,8,4,5,1,1,1,0,2,76698.73,0.5888,low,0.0
CUST000564,794,excellent,95.06,95.39,45.29,46.24,89.89,82.2966,3.82,1,1,0,0,0,0,0,7,85596.82,0.0942,low,0.0
CUST000565,773,excellent,88.3,56.55,92.85,79.34,90.87,78.8191,35.76,13,1,0,0,0,0,1,6,138360.36,0.7827,low,0.1429
CUST000566,820,excellent,93.32,97.11,80.54,35.69,91.91,86.636,6.57,8,1,0,0,0,0,0,0,101460.29,0.0347,low,0.0
CUST000567,825,excellent,93.27,96.7,86.21,36.3,92.51,87.4647,3.29,20,0,0,0,0,0,0,6,69769.19,0.1079,low,0.0
CUST000568,707,good,63.44,87.99,47.26,40.4,81.09,67.8414,12.44,2,1,1,0,0,0,0,0,117442.52,0.2286,low,0.0
CUST000569,714,good,57.68,97.61,52.84,37.87,78.1,68.993,6.98,2,2,3,0,0,0,0,2,321156.48,0.1501,low,0.0
CUST000570,830,excellent,92.46,86.37,98.03,59.15,94.49,88.341,12.12,13,0,0,0,0,0,1,6,43395.97,0.9496,low,0.1429
CUST000571,776,excellent,92.2,88.76,52.45,31.31,94.68,79.3648,13.32,2,0,0,0,0,0,0,1,208289.62,0.0182,low,0.0
CUST000572,627,high_risk,43.32,91.83,10.22,46.18,56.1,54.4715,4.64,0,3,4,0,0,0,0,1,280222.64,0.175,low,0.0
CUST000573,782,excellent,60.29,97.08,98.12,76.3,87.74,80.3464,8.24,10,1,1,0,0,0,1,1,61603.04,1.2161,low,0.5
CUST000574,826,excellent,99.66,93.02,82.97,30.12,94.73,87.7167,6.73,6,0,0,0,0,0,0,2,38631.03,0.1578,low,0.0
CUST000575,616,high_risk,12.4,89.1,95.99,49.86,22.19,52.6747,2.88,11,5,3,0,1,1,0,4,245255.0,0.3698,low,0.0
CUST000576,831,excellent,97.82,91.99,87.4,36.98,99.24,88.5641,4.27,15,0,0,0,0,0,0,1,101771.64,0.0652,low,0.0
CUST000577,796,excellent,94.31,90.2,58.85,46.87,90.11,82.5915,5.63,2,0,0,0,0,0,0,7,296892.79,0.08,low,0.0
CUST000578,805,excellent,91.62,88.3,86.27,34.09,92.86,84.1928,2.46,13,0,0,0,0,0,0,0,241041.99,0.1598,low,0.0
CUST000579,698,risky,64.64,83.65,48.59,37.91,75.28,66.3264,10.63,3,2,1,0,0,0,0,2,54899.81,0.2393,low,0.0
CUST000580,750,excellent,87.71,94.37,12.0,42.78,98.93,74.9803,4.19,0,0,0,0,0,0,0,7,239099.94,0.1239,low,0.0
CUST000581,793,excellent,91.01,75.27,90.8,50.79,90.77,82.2077,25.02,11,0,0,0,0,0,0,1,285679.75,0.1207,low,0.0
CUST000582,759,excellent,98.12,89.44,16.12,31.48,98.34,76.5713,6.82,0,0,0,0,0,0,0,4,56511.14,0.1081,low,0.0
CUST000583,795,excellent,89.84,84.72,85.52,36.43,90.93,82.4245,11.63,10,0,0,0,0,0,0,4,38610.55,0.0958,low,0.0
CUST000584,817,excellent,93.48,89.88,95.09,31.18,91.06,86.1726,2.56,16,0,0,0,0,0,0,7,267720.38,0.0845,low,0.0
CUST000585,810,excellent,98.02,92.51,62.99,43.9,90.98,84.9978,3.33,3,0,0,0,0,0,0,2,53281.02,0.0104,low,0.0
CUST000586,764,excellent,91.37,84.14,45.41,52.44,80.32,77.3099,13.86,4,1,0,0,0,0,1,7,70587.86,0.5458,low,0.125
CUST000587,637,high_risk,34.24,82.55,55.11,34.98,76.71,56.1843,12.24,2,2,2,0,0,0,0,0,133479.35,0.0833,low,0.0
CUST000588,797,excellent,89.53,89.74,61.26,60.78,92.44,82.7699,15.64,4,0,0,0,0,0,0,2,440569.02,0.0501,low,0.0
CUST000589,757,excellent,65.86,96.99,77.89,33.14,90.09,76.1542,0.12,7,0,1,0,0,0,0,2,83289.42,0.0438,low,0.0
CUST000590,810,excellent,88.98,99.09,66.58,42.79,97.87,84.9248,4.14,5,0,0,0,0,0,0,2,41108.35,0.119,low,0.0
CUST000591,805,excellent,95.04,80.71,84.43,44.89,95.24,84.1553,13.88,5,0,0,0,0,0,0,3,277222.97,0.0981,low,0.0
CUST000592,818,excellent,93.23,97.42,73.7,38.51,95.12,86.2732,0.09,8,0,0,0,0,0,0,5,281759.39,0.0987,low,0.0
CUST000593,722,good,50.03,94.66,91.8,36.27,70.43,70.3505,5.02,16,2,4,0,0,0,0,1,509126.53,0.1166,low,0.0
CUST000594,655,risky,15.93,98.91,95.54,61.57,44.84,59.2222,0.97,11,4,5,0,0,0,1,2,32468.16,1.4871,low,0.3333
CUST000595,603,high_risk,19.81,89.23,54.19,76.68,20.61,50.5631,11.03,3,6,4,0,0,0,1,5,33683.56,2.1648,moderate,0.1667
CUST000596,695,risky,39.82,95.76,74.28,34.44,85.19,65.7721,3.87,5,1,4,0,0,0,0,3,175291.15,0.2067,low,0.0
CUST000597,785,excellent,94.4,94.69,45.7,43.7,81.56,80.8305,7.93,1,1,0,0,0,0,0,7,86623.87,0.022,low,0.0
CUST000598,746,good,89.03,81.25,32.74,46.3,91.96,74.2751,14.45,0,0,0,0,0,0,0,4,70303.25,0.0991,low,0.0
CUST000599,800,excellent,89.47,96.18,62.2,47.86,90.58,83.3405,2.84,3,1,0,0,0,0,1,4,57154.39,0.3959,low,0.2
CUST000600,735,good,85.22,76.59,48.0,31.3,93.75,72.5095,11.9,1,0,0,0,0,0,0,2,73865.71,0.092,low,0.0
CUST000601,780,excellent,87.65,90.71,57.61,43.7,90.21,79.9237,4.47,3,0,0,0,0,0,0,5,161066.47,0.0489,low,0.0
CUST000602,728,good,54.78,89.87,84.59,78.03,57.26,71.3537,5.38,7,4,1,0,0,0,1,1,16076.36,1.413,low,0.5
CUST000603,720,good,45.42,99.24,98.29,49.74,45.73,69.9585,6.53,19,4,1,0,0,0,0,6,77328.23,0.1,low,0.0
CUST000604,818,excellent,91.06,94.05,96.35,41.92,76.44,86.3727,4.29,20,2,0,0,0,0,0,3,20795.55,0.1246,low,0.0
CUST000605,729,good,64.0,88.17,99.54,32.51,44.8,71.512,3.52,11,4,3,0,0,0,0,5,39317.27,0.1035,low,0.0
CUST000606,748,good,72.21,88.31,56.89,57.48,85.38,74.5843,5.28,2,1,1,0,0,0,1,7,28465.57,0.4507,low,0.125
CUST000607,751,excellent,57.78,92.33,93.36,63.52,78.81,75.161,6.59,10,2,2,0,0,0,1,6,53572.17,1.2412,low,0.1429
CUST000608,716,good,59.78,91.11,87.36,38.22,41.0,69.2814,3.21,14,4,3,0,0,0,0,1,51380.85,0.2355,low,0.0
CUST000609,776,excellent,72.56,89.11,87.7,60.15,79.77,79.2757,17.65,12,2,0,0,0,0,0,7,156153.34,0.0145,low,0.0
CUST000610,797,excellent,87.79,92.92,70.52,37.49,98.75,82.8029,0.09,6,0,0,0,0,0,0,5,42993.46,0.0911,low,0.0
CUST000611,775,excellent,96.35,93.12,30.47,45.12,84.33,79.1763,6.3,0,1,0,0,0,0,0,0,252314.64,0.0313,low,0.0
CUST000612,826,excellent,89.98,96.96,85.73,46.7,95.23,87.6322,9.46,12,0,0,0,0,0,1,2,52308.29,0.5362,low,0.3333
CUST000613,768,excellent,95.83,78.23,49.84,38.18,97.81,78.0826,14.43,1,0,0,0,0,0,0,3,111559.23,0.0973,low,0.0
CUST000614,817,excellent,94.56,80.47,92.71,62.0,88.88,86.233,11.11,16,1,0,0,0,0,1,1,16072.68,0.4971,low,0.5
CUST000615,711,good,59.25,99.9,58.71,46.23,43.73,68.5098,3.37,2,4,1,0,0,0,0,4,38658.02,0.0337,low,0.0
CUST000616,792,excellent,92.75,86.68,48.29,70.25,93.31,82.064,12.53,3,0,0,0,0,0,1,2,394279.39,0.6141,low,0.3333
CUST000617,856,excellent,96.29,98.22,97.67,56.01,92.61,92.6788,5.99,13,0,0,0,0,0,1,1,74612.99,0.3788,low,0.5
CUST000618,763,excellent,91.76,91.87,31.07,33.12,95.46,77.1954,8.63,0,0,0,0,0,0,0,2,50370.19,0.0975,low,0.0
CUST000619,826,excellent,94.14,91.95,86.7,44.01,97.95,87.7345,3.53,11,0,0,0,0,0,0,2,85704.48,0.0525,low,0.0
CUST000620,735,good,86.1,89.07,13.55,43.71,93.07,72.5663,14.08,0,0,0,0,0,0,0,7,45305.87,0.0219,low,0.0
CUST000621,827,excellent,86.52,96.76,98.35,46.24,91.1,87.7957,4.12,20,1,0,0,0,0,0,2,135943.97,0.0201,low,0.0
CUST000622,821,excellent,89.5,84.68,91.16,69.02,94.81,86.7842,13.76,13,0,0,0,0,0,1,6,36230.38,0.4382,low,0.1429
CUST000623,802,excellent,87.06,88.83,93.91,42.95,81.87,83.689,2.79,10,1,0,0,0,0,0,3,117506.65,0.0059,low,0.0
CUST000624,823,excellent,85.46,92.13,95.27,70.6,82.17,87.1206,8.17,11,1,0,0,0,0,1,0,47803.79,0.9671,low,0.5
CUST000625,779,excellent,87.89,94.5,54.0,33.86,92.19,79.8154,2.25,4,0,0,0,0,0,0,7,60005.28,0.1596,low,0.0
CUST000626,828,excellent,96.93,90.22,74.34,66.09,92.7,88.0223,0.03,9,0,0,0,0,0,2,4,81623.28,0.4019,low,0.3333
CUST000627,781,excellent,86.85,95.42,51.02,49.3,85.92,80.1991,9.08,3,1,0,0,0,0,0,4,315063.61,0.0889,low,0.0
CUST000628,814,excellent,92.2,96.75,74.88,32.05,99.89,85.7213,4.05,8,0,0,0,0,0,0,5,23524.7,0.042,low,0.0
CUST000629,819,excellent,91.25,91.07,87.88,47.77,92.45,86.463,1.32,13,0,0,0,0,0,0,1,127878.08,0.1191,low,0.0
CUST000630,844,excellent,92.85,89.99,98.61,73.44,90.55,90.6857,5.58,10,0,0,0,0,0,1,0,747971.81,0.3727,low,0.5
CUST000631,551,high_risk,6.37,89.41,38.53,42.84,26.52,41.7682,2.11,1,5,7,0,1,1,0,0,109327.42,0.4641,low,0.0
CUST000632,618,high_risk,12.66,90.94,89.57,33.2,45.73,53.0391,1.89,18,4,3,0,0,1,0,4,63954.9,0.4329,low,0.0
CUST000633,598,high_risk,3.37,89.07,94.22,32.49,43.63,49.6449,2.43,16,3,6,0,1,1,0,4,190786.05,0.2248,low,0.0
CUST000634,838,excellent,91.91,91.63,96.79,60.92,94.15,89.6852,8.65,18,0,0,0,0,0,1,2,74447.5,0.8209,low,0.3333
CUST000635,813,excellent,93.85,95.11,65.68,49.8,93.23,85.5363,7.66,6,0,0,0,0,0,0,0,40320.68,0.1258,low,0.0
CUST000636,761,excellent,85.21,89.21,42.44,46.02,93.21,76.8788,0.26,1,0,0,0,0,0,0,2,85627.52,0.0315,low,0.0
CUST000637,778,excellent,98.7,97.29,14.49,49.72,88.34,79.7094,5.3,0,1,0,0,0,0,0,1,210976.46,0.0457,low,0.0
CUST000638,824,excellent,98.81,85.03,92.8,38.43,94.14,87.2698,12.8,20,0,0,0,0,0,0,0,86933.23,0.0823,low,0.0
CUST000639,868,excellent,99.18,97.37,88.2,79.2,96.47,94.7246,0.52,18,0,0,0,0,0,1,4,172296.72,0.9114,low,0.2
CUST000640,579,high_risk,6.29,87.23,49.6,65.28,50.99,46.4332,10.99,3,4,5,1,0,0,1,2,669687.62,1.5307,moderate,0.3333
CUST000641,607,high_risk,43.06,44.88,84.95,45.28,53.73,51.1787,69.07,7,3,1,0,0,0,0,4,123025.85,0.2161,low,0.0
CUST000642,799,excellent,93.45,97.21,55.3,38.67,90.82,83.1179,8.99,2,0,0,0,0,0,0,2,66344.77,0.1114,low,0.0
CUST000643,773,excellent,88.93,76.2,74.67,44.32,91.51,78.7701,10.92,7,0,0,0,0,0,0,5,86853.64,0.0048,low,0.0
CUST000644,764,excellent,89.12,89.84,33.06,49.22,93.54,77.3804,13.99,0,0,0,0,0,0,0,6,181237.31,0.0039,low,0.0
CUST000645,832,excellent,97.44,97.32,72.81,52.75,91.57,88.6543,5.86,7,0,0,0,0,0,1,1,247273.63,0.4699,low,0.5
CUST000646,779,excellent,90.78,97.87,32.81,48.12,90.06,79.8727,7.03,0,0,0,0,0,0,0,2,270638.88,0.0859,low,0.0
CUST000647,784,excellent,73.24,92.03,90.12,47.97,90.5,80.6051,4.45,15,0,1,0,0,0,0,0,65725.33,0.0804,low,0.0
CUST000648,756,excellent,93.5,89.65,24.16,61.12,65.74,75.9274,0.77,0,2,0,0,0,0,1,7,306258.86,0.4977,low,0.125
CUST000649,807,excellent,95.67,98.97,58.4,33.24,91.84,84.4437,5.46,2,0,0,0,0,0,0,1,24309.56,0.0195,low,0.0
CUST000650,815,excellent,92.62,89.77,84.5,63.36,74.81,85.8408,2.82,9,2,0,0,0,0,1,2,636394.98,0.8947,low,0.3333
CUST000651,650,risky,20.74,97.27,83.77,35.18,58.37,58.3593,8.81,7,3,3,1,0,1,0,5,219093.17,0.1692,low,0.0
CUST000652,750,excellent,77.82,75.36,80.48,45.43,85.43,75.0026,11.17,7,1,0,0,0,0,0,6,182724.48,0.1387,low,0.0
CUST000653,760,excellent,85.19,87.9,45.36,42.73,94.76,76.7366,11.57,3,0,0,0,0,0,0,7,183222.33,0.0046,low,0.0
CUST000654,805,excellent,92.6,88.29,53.68,77.77,93.76,84.1014,24.66,4,0,0,0,0,0,1,7,337915.05,0.794,low,0.125
CUST000655,797,excellent,91.03,93.14,38.46,73.51,98.97,82.8193,6.84,1,0,0,0,0,0,1,1,33180.17,0.3846,low,0.5
CUST000656,745,good,56.8,99.16,83.09,78.19,51.89,74.0995,0.1,9,3,3,0,0,0,1,5,75633.17,1.0663,low,0.1667
CUST000657,799,excellent,87.84,82.19,85.09,62.93,86.93,83.1514,14.31,13,1,0,0,0,0,1,3,57300.42,0.7948,low,0.25
CUST000658,781,excellent,87.85,77.22,64.71,66.76,98.74,80.1699,13.97,2,0,0,0,0,0,1,7,471902.89,0.5479,low,0.125
CUST000659,778,excellent,95.98,81.02,53.19,52.87,84.95,79.6594,11.21,4,1,0,0,0,0,1,0,49488.51,0.8803,low,0.5
CUST000660,838,excellent,96.92,98.32,96.28,36.73,81.2,89.6526,2.3,13,1,0,0,0,0,0,6,214326.84,0.1017,low,0.0
CUST000661,700,good,54.38,90.66,69.38,33.65,66.41,66.6443,3.51,7,2,3,0,0,0,0,3,190229.57,0.2372,low,0.0
CUST000662,821,excellent,88.14,96.23,78.43,55.27,98.13,86.8238,4.99,6,0,0,0,0,0,1,4,119185.77,0.7381,low,0.2
CUST000663,791,excellent,85.69,93.41,54.02,66.81,89.98,81.799,4.45,3,1,0,0,0,0,2,3,53973.45,0.781,low,0.4
CUST000664,797,excellent,98.9,87.92,62.02,32.99,91.79,82.7725,12.79,2,0,0,0,0,0,0,4,101369.07,0.0057,low,0.0
CUST000665,735,good,56.68,90.1,87.21,41.27,83.7,72.4445,6.17,15,1,3,0,0,0,0,3,40397.5,0.1924,low,0.0
CUST000666,838,excellent,99.87,99.91,90.07,44.37,67.39,89.6147,7.59,15,2,0,0,0,0,0,3,44602.16,0.0446,low,0.0
CUST000667,843,excellent,88.2,90.78,98.97,75.39,99.97,90.4837,6.96,10,0,0,0,0,0,1,5,153615.73,0.3467,low,0.1667
CUST000668,712,good,50.56,98.04,71.13,33.42,74.91,68.6093,5.7,5,2,1,0,0,0,0,2,1321415.33,0.0132,low,0.0
CUST000669,788,excellent,95.12,89.22,45.0,60.54,84.76,81.3402,4.7,1,1,0,0,0,0,1,1,68606.43,0.3812,low,0.5
CUST000670,746,good,52.95,88.09,89.22,78.71,80.46,74.2579,14.63,13,1,2,0,0,0,1,4,78862.07,0.7037,low,0.2
CUST000671,795,excellent,87.56,76.54,88.29,64.35,91.62,82.4471,10.36,13,1,0,0,0,0,1,3,219423.37,0.8155,low,0.25
CUST000672,772,excellent,91.35,76.1,81.67,48.65,68.32,78.7482,13.14,7,2,0,0,0,0,1,4,64196.73,0.9732,low,0.2
CUST000673,798,excellent,90.69,81.48,93.86,36.94,90.48,83.0042,13.81,14,0,0,0,0,0,0,6,34673.24,0.1593,low,0.0
CUST000674,610,high_risk,11.39,99.14,74.7,34.74,32.5,51.6572,4.2,5,6,6,0,0,1,0,7,167108.46,0.5959,low,0.0
CUST000675,823,excellent,92.5,96.42,86.56,32.51,96.71,87.2079,7.01,13,0,0,0,0,0,0,4,85617.23,0.0163,low,0.0
CUST000676,846,excellent,88.48,96.46,87.04,82.12,97.49,90.9231,8.76,13,0,0,0,0,0,2,7,466882.95,0.5293,low,0.2222
CUST000677,807,excellent,92.9,86.2,83.0,50.78,86.08,84.5114,14.79,6,1,0,0,0,0,1,5,174332.58,0.982,low,0.1667
CUST000678,770,excellent,92.88,97.12,28.91,31.46,92.3,78.358,4.48,0,0,0,0,0,0,0,6,204934.07,0.1078,low,0.0
CUST000679,781,excellent,95.72,75.44,68.01,58.44,80.07,80.1858,24.84,7,1,0,0,0,0,1,7,49694.46,0.6842,low,0.125
CUST000680,785,excellent,94.78,96.14,34.89,35.94,99.27,80.7711,0.78,0,0,0,0,0,0,0,3,385546.44,0.0466,low,0.0
CUST000681,682,risky,58.74,88.48,55.58,41.44,41.54,63.7373,6.09,2,4,3,0,0,0,0,7,88682.09,0.2427,low,0.0
CUST000682,690,risky,41.46,91.31,94.29,34.0,56.09,65.0571,4.21,14,3,1,0,0,0,0,6,130794.25,0.1027,low,0.0
CUST000683,796,excellent,79.13,89.21,97.59,40.43,94.86,82.6283,4.31,18,0,0,0,0,0,0,0,449204.27,0.1628,low,0.0
CUST000684,763,excellent,68.82,85.76,90.12,49.0,88.86,77.1195,21.96,15,1,1,0,0,0,0,5,22874.95,0.1614,low,0.0
CUST000685,855,excellent,96.38,94.64,96.4,68.11,90.45,92.441,5.66,12,0,0,0,0,0,1,0,14570.97,0.6952,low,0.5
CUST000686,760,excellent,89.18,95.54,30.7,32.85,88.97,76.6611,8.6,1,1,0,0,0,0,0,5,249371.36,0.1642,low,0.0
CUST000687,712,good,58.49,88.65,65.85,71.79,55.23,68.645,0.69,5,3,2,0,0,0,1,0,154968.61,1.2008,low,0.5
CUST000688,776,excellent,85.58,88.19,69.28,34.31,90.51,79.2836,7.69,9,1,0,0,0,0,0,5,37645.73,0.0121,low,0.0
CUST000689,794,excellent,86.93,80.19,69.71,78.07,96.26,82.373,29.04,6,0,0,0,0,0,1,0,58903.95,0.591,low,0.5
CUST000690,711,good,43.79,88.49,95.92,40.14,82.14,68.4891,4.68,14,1,2,0,0,0,0,0,58149.11,0.1734,low,0.0
CUST000691,822,excellent,98.15,89.25,86.88,31.92,95.98,86.9479,1.03,11,0,0,0,0,0,0,7,106960.77,0.0082,low,0.0
CUST000692,846,excellent,96.34,95.18,85.52,59.29,98.91,90.9209,2.08,13,0,0,0,0,0,1,5,189778.5,0.6797,low,0.1667
CUST000693,844,excellent,95.01,94.4,99.92,45.95,94.75,90.6346,2.22,20,0,0,0,0,0,0,7,526071.97,0.1232,low,0.0
CUST000694,783,excellent,98.6,79.99,57.81,38.44,94.38,80.4634,13.29,2,0,0,0,0,0,0,1,42657.48,0.0149,low,0.0
CUST000695,834,excellent,95.53,96.21,97.7,39.82,81.03,89.0378,3.56,12,1,0,0,0,0,0,1,132685.63,0.0372,low,0.0
CUST000696,781,excellent,72.94,89.4,97.94,34.24,96.96,80.1597,8.11,10,0,0,0,0,0,0,3,139423.57,0.1001,low,0.0
CUST000697,785,excellent,92.88,88.72,58.56,48.2,81.18,80.8499,10.27,2,1,0,0,0,0,0,5,57037.47,0.014,low,0.0
CUST000698,832,excellent,92.3,96.52,82.87,62.78,87.32,88.7007,6.49,6,1,0,0,0,0,1,1,16580.11,0.6761,low,0.5
CUST000699,802,excellent,94.27,88.85,73.18,48.65,81.05,83.5977,3.11,5,1,0,0,0,0,0,5,134058.67,0.0233,low,0.0
CUST000700,787,excellent,89.18,88.31,63.21,48.72,91.66,81.2239,8.02,2,0,0,0,0,0,0,7,253753.25,0.1157,low,0.0
CUST000701,813,excellent,89.63,82.17,93.9,57.76,95.48,85.4321,19.07,12,0,0,0,0,0,0,5,232219.82,0.0157,low,0.0
CUST000702,822,excellent,86.84,95.87,92.88,44.08,94.8,86.9751,8.77,14,0,0,0,0,0,0,1,512162.46,0.0896,low,0.0
CUST000703,817,excellent,91.72,90.13,82.38,59.62,86.6,86.1222,0.99,7,1,0,0,0,0,1,5,137447.03,0.4805,low,0.1667
CUST000704,811,excellent,86.9,88.44,94.05,45.68,96.24,85.2477,4.61,19,0,0,0,0,0,1,4,2235832.9,0.9949,low,0.2
CUST000705,851,excellent,98.23,91.93,96.07,57.98,97.26,91.895,5.71,10,0,0,0,0,0,1,3,108824.99,0.931,low,0.25
CUST000706,831,excellent,99.62,97.81,81.38,35.13,85.89,88.5187,1.43,5,1,0,0,0,0,0,2,30213.94,0.0249,low,0.0
CUST000707,805,excellent,86.69,95.55,86.2,37.44,84.32,84.1111,2.08,12,1,0,0,0,0,0,5,130901.1,0.0641,low,0.0
CUST000708,837,excellent,93.3,93.47,91.92,64.96,85.31,89.5111,8.68,11,1,0,0,0,0,1,5,31469.75,0.9566,low,0.1667
CUST000709,809,excellent,95.64,89.27,69.8,49.96,90.41,84.7613,14.09,6,1,0,0,0,0,1,7,116651.39,0.3373,low,0.125
CUST000710,673,risky,45.55,69.57,76.21,60.95,78.41,62.1822,35.41,6,2,3,0,0,0,0,5,170249.13,0.0134,low,0.0
CUST000711,780,excellent,74.3,76.72,98.55,68.63,93.01,79.9669,11.13,14,0,1,0,0,0,1,6,116963.6,0.762,low,0.1429
CUST000712,612,high_risk,34.45,80.96,29.13,39.63,72.51,51.9293,10.06,0,2,1,0,0,0,0,5,114738.47,0.0236,low,0.0
CUST000713,782,excellent,91.67,83.48,65.91,42.75,90.48,80.3367,13.35,6,0,0,0,0,0,0,3,35682.38,0.1218,low,0.0
CUST000714,794,excellent,96.79,77.12,83.43,40.12,88.55,82.3915,11.13,7,1,0,0,0,0,0,5,89306.55,0.0975,low,0.0
CUST000715,829,excellent,91.76,91.54,94.9,49.22,94.91,88.2269,4.28,10,0,0,0,0,0,1,1,53385.68,0.774,low,0.5
CUST000716,686,risky,45.59,97.03,37.35,48.51,87.86,64.3066,0.51,1,1,2,0,0,0,0,5,108303.58,0.1621,low,0.0
CUST000717,795,excellent,89.31,85.4,52.99,78.51,97.97,82.4733,12.28,2,0,0,0,0,0,1,4,160505.85,0.5381,low,0.2
CUST000718,773,excellent,90.46,90.7,39.4,46.66,93.2,78.7687,6.17,1,0,0,0,0,0,1,1,160226.3,0.4619,low,0.5
CUST000719,824,excellent,94.32,85.7,94.85,62.87,80.5,87.2856,12.34,15,1,0,0,0,0,1,2,179929.53,0.995,low,0.3333
CUST000720,640,high_risk,22.92,92.07,73.59,78.99,30.07,56.5867,5.53,6,5,3,1,0,0,1,7,51476.96,1.1866,low,0.125
CUST000721,801,excellent,93.5,94.74,51.08,48.61,98.23,83.4935,4.44,2,0,0,0,0,0,0,5,273192.16,0.1528,low,0.0
CUST000722,812,excellent,95.65,93.46,68.73,44.18,91.69,85.4133,2.48,7,0,0,0,0,0,0,5,96909.68,0.0648,low,0.0
CUST000723,839,excellent,95.18,83.76,98.38,66.45,99.64,89.8035,12.76,13,0,0,0,0,0,1,6,54702.08,0.8002,low,0.1429
CUST000724,681,risky,21.27,94.53,90.15,61.6,90.29,63.5151,5.89,10,0,4,0,0,0,1,0,86054.36,2.3034,moderate,0.5
CUST000725,819,excellent,96.46,89.12,79.24,43.47,98.44,86.5727,5.79,8,0,0,0,0,0,0,2,126424.05,0.1547,low,0.0
CUST000726,785,excellent,89.07,86.36,72.12,38.46,90.67,80.8137,12.75,6,0,0,0,0,0,0,1,99456.14,0.0231,low,0.0
CUST000727,747,good,63.07,91.08,94.29,76.76,42.11,74.4286,3.27,16,3,1,0,0,0,1,1,14968.55,1.4096,low,0.5
CUST000728,814,excellent,90.91,98.78,56.51,78.86,78.14,85.6286,6.34,2,2,0,0,0,0,1,2,104814.29,0.7356,low,0.3333
CUST000729,799,excellent,90.06,91.34,75.51,48.74,81.28,83.25,7.99,9,1,0,0,0,0,0,3,214608.11,0.1537,low,0.0
CUST000730,769,excellent,86.91,94.4,42.8,49.47,80.3,78.1356,9.56,1,1,0,0,0,0,0,2,109445.6,0.0392,low,0.0
CUST000731,839,excellent,98.08,90.58,99.71,40.98,92.35,89.791,0.42,11,0,0,0,0,0,0,7,279823.75,0.1554,low,0.0
CUST000732,750,excellent,58.98,99.65,89.92,36.74,72.97,74.9975,2.83,12,2,3,0,0,0,0,4,84421.75,0.1037,low,0.0
CUST000733,760,excellent,92.87,75.65,46.01,47.4,98.07,76.6491,13.13,3,0,0,0,0,0,0,4,50821.93,0.0021,low,0.0
CUST000734,578,high_risk,0.05,79.66,90.58,37.04,51.04,46.3077,11.42,20,4,5,1,1,1,0,7,272888.94,0.5994,low,0.0
CUST000735,823,excellent,92.42,91.1,66.36,81.04,94.64,87.1956,4.28,8,0,0,0,0,0,2,3,71301.24,0.7292,low,0.4
CUST000736,827,excellent,99.37,98.03,68.73,44.49,89.58,87.9047,1.03,6,1,0,0,0,0,0,7,62822.19,0.114,low,0.0
CUST000737,657,risky,41.53,95.71,37.3,41.4,65.69,59.5533,8.97,1,2,3,0,0,0,0,7,153166.83,0.1716,low,0.0
CUST000738,697,risky,62.84,81.78,65.03,30.5,68.72,66.2052,10.38,8,2,3,0,0,0,0,3,87979.95,0.0883,low,0.0
CUST000739,822,excellent,94.81,91.81,94.59,46.13,74.1,86.9361,3.88,17,2,0,0,0,0,0,7,128751.6,0.0555,low,0.0
CUST000740,711,good,53.85,89.12,79.06,49.0,61.07,68.4473,3.36,7,4,2,0,0,0,0,6,307798.06,0.0653,low,0.0
CUST000741,591,high_risk,3.02,95.95,79.13,45.49,22.65,48.526,6.81,5,7,5,0,1,1,0,7,147553.96,0.6433,low,0.0
CUST000742,837,excellent,90.18,99.83,97.74,35.4,98.46,89.5573,2.34,14,0,0,0,0,0,0,3,409446.71,0.0818,low,0.0
CUST000743,616,high_risk,13.43,96.56,76.61,32.15,42.56,52.6282,0.13,7,4,0,0,1,1,0,6,70478.06,0.2827,low,0.0
CUST000744,619,high_risk,1.8,99.88,83.45,32.2,67.96,53.1279,1.58,8,2,3,0,1,1,0,2,52545.36,0.2701,low,0.0
CUST000745,716,good,66.02,79.86,58.39,43.93,91.14,69.3315,11.12,2,1,1,0,0,0,0,7,77732.27,0.0971,low,0.0
CUST000746,777,excellent,97.34,98.51,14.11,45.68,91.68,79.4772,8.39,0,1,0,0,0,0,0,2,145539.72,0.1538,low,0.0
CUST000747,817,excellent,96.4,91.78,80.19,33.44,94.62,86.1099,0.34,7,0,0,0,0,0,0,4,361289.01,0.1255,low,0.0
CUST000748,806,excellent,98.44,88.34,49.73,74.51,84.15,84.2808,5.1,1,1,0,0,0,0,1,5,36572.8,0.9764,low,0.1667
CUST000749,808,excellent,88.88,97.81,85.39,31.96,82.16,84.6732,2.58,17,1,0,0,0,0,0,2,81555.09,0.0585,low,0.0
CUST000750,795,excellent,86.81,93.0,54.17,62.89,98.29,82.5286,3.82,4,0,0,0,0,0,1,1,199529.24,0.4505,low,0.5
CUST000751,792,excellent,88.95,88.36,59.87,60.17,93.93,82.0298,3.51,3,0,0,0,0,0,1,6,64416.8,0.5912,low,0.1429
CUST000752,819,excellent,95.5,97.84,64.46,41.03,99.14,86.4626,1.39,2,0,0,0,0,0,0,3,258456.58,0.1096,low,0.0
CUST000753,536,high_risk,2.38,88.54,48.17,35.84,10.5,39.2538,5.35,1,7,3,1,1,1,0,0,242748.93,0.1872,low,0.0
CUST000754,784,excellent,98.93,67.61,71.47,60.3,90.48,80.7053,41.16,9,0,0,0,0,0,0,7,96176.9,0.1191,low,0.0
CUST000755,648,high_risk,25.97,96.94,56.15,49.93,63.47,57.935,0.64,2,3,6,0,0,1,0,0,7537.12,0.5163,low,0.0
CUST000756,799,excellent,89.68,96.14,62.5,37.95,97.74,83.1736,9.0,2,0,0,0,0,0,0,3,54974.37,0.0578,low,0.0
CUST000757,759,excellent,88.12,94.03,32.33,35.76,91.04,76.5807,9.94,1,0,0,0,0,0,0,6,101598.38,0.115,low,0.0
CUST000758,797,excellent,93.8,86.36,58.39,72.85,80.14,82.7945,10.09,3,1,0,0,0,0,1,3,77533.65,0.9131,low,0.25
CUST000759,776,excellent,87.48,89.32,57.28,36.28,97.4,79.3774,8.28,2,0,0,0,0,0,0,2,236879.72,0.1321,low,0.0
CUST000760,850,excellent,96.52,98.93,95.64,41.36,97.67,91.7102,1.58,17,0,0,0,0,0,0,7,295800.88,0.1449,low,0.0
CUST000761,777,excellent,89.93,85.82,67.9,33.91,87.7,79.5681,10.1,8,1,0,0,0,0,0,6,417685.06,0.0832,low,0.0
CUST000762,705,good,31.78,98.53,95.82,42.58,82.12,67.523,2.83,13,1,4,0,0,0,0,7,49300.92,0.1683,low,0.0
CUST000763,558,high_risk,11.85,75.21,50.03,43.76,44.15,43.0062,14.38,3,4,5,0,0,1,0,1,85725.28,0.4854,low,0.0
CUST000764,847,excellent,92.33,89.88,98.55,73.6,97.4,91.1623,7.77,20,0,0,0,0,0,1,4,46222.12,0.8301,low,0.2
CUST000765,824,excellent,90.26,95.73,80.27,65.08,85.26,87.3829,2.45,8,1,0,0,0,0,1,7,155411.61,0.6571,low,0.125
CUST000766,814,excellent,90.16,93.09,84.89,37.73,97.14,85.7007,7.71,5,0,0,0,0,0,0,4,206051.72,0.1015,low,0.0
CUST000767,721,good,87.65,40.33,93.65,48.3,84.37,70.0908,56.3,11,1,0,0,0,0,0,5,87441.11,0.0426,low,0.0
CUST000768,806,excellent,86.66,94.33,74.55,46.36,99.01,84.3503,9.43,5,0,0,0,0,0,0,7,79510.56,0.099,low,0.0
CUST000769,816,excellent,89.05,86.48,97.4,48.46,94.1,85.9801,10.96,11,0,0,0,0,0,0,1,6987.4,0.0721,low,0.0
CUST000770,790,excellent,95.8,89.61,49.14,46.77,91.87,81.646,7.72,4,0,0,0,0,0,0,6,222849.01,0.1003,low,0.0
CUST000771,651,risky,33.36,95.69,48.26,30.41,78.04,58.4636,0.61,1,2,3,0,0,0,0,5,531065.2,0.0965,low,0.0
CUST000772,762,excellent,86.62,97.32,23.98,45.32,94.36,77.0754,4.03,0,0,0,0,0,0,0,2,45540.31,0.1443,low,0.0
CUST000773,741,good,97.27,54.58,44.96,63.71,99.35,73.4676,56.53,1,0,0,0,0,0,0,7,62918.42,0.0954,low,0.0
CUST000774,777,excellent,85.61,97.37,55.67,32.97,86.62,79.4845,5.19,2,1,0,0,0,0,0,6,288428.97,0.082,low,0.0
CUST000775,727,good,59.32,81.16,87.32,40.76,88.56,71.1399,14.33,14,1,2,0,0,0,0,0,119399.38,0.2403,low,0.0
CUST000776,826,excellent,89.09,97.27,96.36,34.62,93.63,87.6427,3.35,12,0,0,0,0,0,0,3,84761.33,0.1433,low,0.0
CUST000777,766,excellent,90.94,89.08,48.21,31.15,87.57,77.6586,7.91,1,1,0,0,0,0,0,5,83186.08,0.0046,low,0.0
CUST000778,803,excellent,92.63,97.16,63.92,39.58,86.36,83.7513,0.8,3,1,0,0,0,0,0,2,95690.73,0.1531,low,0.0
CUST000779,721,good,42.3,88.99,99.46,48.96,87.94,70.1098,8.87,19,1,4,0,0,0,0,6,84187.93,0.2335,low,0.0
CUST000780,813,excellent,79.59,94.74,86.19,72.34,90.63,85.5009,1.06,14,0,0,0,0,0,1,0,68660.81,0.6357,low,0.5
CUST000781,771,excellent,90.49,89.91,31.29,58.55,93.67,78.5622,1.01,0,0,0,0,0,0,1,2,164443.84,0.7472,low,0.3333
CUST000782,818,excellent,89.67,98.83,85.45,33.78,91.76,86.4018,8.77,11,0,0,0,0,0,0,2,29410.26,0.1472,low,0.0
CUST000783,810,excellent,86.92,83.77,87.87,72.01,90.46,84.9803,10.44,15,1,0,0,0,0,1,3,90982.58,0.8771,low,0.25
CUST000784,772,excellent,94.66,93.33,31.7,37.37,90.5,78.6729,6.23,1,1,0,0,0,0,0,6,69289.18,0.0011,low,0.0
CUST000785,685,risky,54.86,97.68,57.41,39.38,31.03,64.1568,4.06,2,5,1,0,0,0,0,6,130607.89,0.1036,low,0.0
CUST000786,824,excellent,85.12,90.98,92.57,71.84,91.28,87.2833,5.45,10,0,0,0,0,0,1,2,412996.79,0.5284,low,0.3333
CUST000787,832,excellent,93.39,92.46,82.53,70.86,87.8,88.6697,3.61,7,1,0,0,0,0,1,1,45826.89,0.622,low,0.5
CUST000788,767,excellent,85.03,92.74,51.06,33.48,91.95,77.7833,6.83,3,0,0,0,0,0,0,2,210937.62,0.1428,low,0.0
CUST000789,801,excellent,97.91,75.06,91.86,35.68,93.8,83.5155,10.95,19,0,0,0,0,0,0,4,37188.03,0.1,low,0.0
CUST000790,-1,no_history,97.66,49.17,24.08,59.13,90.05,67.4604,58.95,0,0,0,0,0,0,0,7,57060.12,0.1341,low,0.0
CUST000791,806,excellent,94.02,92.18,79.62,34.86,82.66,84.2546,7.05,8,1,0,0,0,0,0,3,35713.01,0.0185,low,0.0
CUST000792,759,excellent,66.78,90.09,68.24,61.17,97.21,76.4716,3.93,8,0,0,0,0,0,1,1,35563.21,0.5119,low,0.5
CUST000793,582,high_risk,17.46,77.63,46.06,47.86,58.28,46.9241,14.5,1,4,3,0,0,1,0,1,58563.51,0.5743,low,0.0
CUST000794,669,risky,49.05,97.14,30.84,36.53,68.64,61.4528,3.44,1,2,4,0,0,0,0,4,198897.81,0.1392,low,0.0
CUST000795,776,excellent,70.49,91.54,86.66,43.59,99.06,79.3973,4.47,17,0,0,0,0,0,0,4,82325.27,0.1459,low,0.0
CUST000796,814,excellent,91.47,82.1,83.56,65.59,99.34,85.6697,11.94,7,0,0,0,0,0,2,1,116581.37,0.8492,low,0.6667
CUST000797,770,excellent,79.56,94.79,60.47,37.8,92.29,78.361,1.06,4,0,0,0,0,0,0,6,20135.63,0.0757,low,0.0
CUST000798,687,risky,85.51,34.01,83.26,70.46,47.59,64.4278,50.84,5,3,0,0,0,0,1,0,162489.48,0.6788,low,0.5
CUST000799,815,excellent,85.84,96.46,69.86,70.02,94.53,85.916,7.58,5,0,0,0,0,0,1,4,131674.72,0.863,low,0.2
CUST000800,834,excellent,97.65,80.35,98.85,69.14,90.27,89.0506,14.87,13,0,0,0,0,0,1,7,106968.07,0.5031,low,0.125
CUST000801,612,high_risk,24.87,84.09,36.94,69.55,65.08,51.9343,11.11,1,2,4,0,0,0,1,1,81520.44,1.4003,low,0.5
CUST000802,864,excellent,91.77,94.8,99.35,91.12,94.54,94.0296,5.44,17,0,0,0,0,0,2,2,210190.66,0.4909,low,0.5
CUST000803,682,risky,50.8,96.43,48.95,42.28,53.57,63.6369,9.66,4,3,1,0,0,0,0,0,32570.11,0.0547,low,0.0
CUST000804,623,high_risk,20.59,75.12,72.48,64.37,77.75,53.8248,13.98,8,2,8,0,0,0,1,6,198873.15,1.9734,moderate,0.1429
CUST000805,716,good,51.37,83.75,88.16,40.89,88.71,69.2905,11.82,15,1,2,0,0,0,0,5,47244.33,0.1448,low,0.0
CUST000806,665,risky,43.66,75.7,81.64,32.88,73.38,60.862,14.0,8,2,2,0,0,0,0,4,24982.63,0.1145,low,0.0
CUST000807,721,good,53.34,96.45,75.63,35.64,76.01,70.1142,5.99,8,2,3,0,0,0,0,2,22459.18,0.008,low,0.0
CUST000808,813,excellent,91.82,87.33,93.4,37.12,94.35,85.4936,10.34,11,0,0,0,0,0,0,1,80554.34,0.1353,low,0.0
CUST000809,582,high_risk,2.16,93.24,71.32,34.26,41.71,47.0241,0.41,5,5,4,0,1,1,0,4,243074.91,0.1892,low,0.0
CUST000810,809,excellent,87.86,91.32,87.27,45.53,90.01,84.7938,2.14,18,1,0,0,0,0,1,0,43401.43,0.5715,low,0.5
CUST000811,790,excellent,85.22,87.67,65.67,58.84,97.46,81.6083,14.85,5,0,0,0,0,0,1,3,19916.28,0.4238,low,0.25
CUST000812,760,excellent,92.45,88.34,30.15,34.44,97.75,76.6014,3.93,0,0,0,0,0,0,0,5,60332.0,0.1079,low,0.0
CUST000813,792,excellent,98.27,89.64,58.46,32.42,87.03,82.0003,7.53,2,1,0,0,0,0,0,3,53836.04,0.0063,low,0.0
CUST000814,820,excellent,97.5,95.7,61.73,48.88,97.44,86.7259,0.89,2,0,0,0,0,0,0,7,25285.67,0.0941,low,0.0
CUST000815,634,high_risk,17.1,83.67,90.89,78.26,41.37,55.6852,11.29,13,4,7,0,0,0,1,2,118518.72,1.9942,moderate,0.3333
CUST000816,818,excellent,96.49,77.34,98.71,49.58,96.42,86.3799,14.11,10,0,0,0,0,0,0,3,71935.4,0.0728,low,0.0
CUST000817,782,excellent,93.24,98.07,34.02,31.98,98.94,80.2504,2.14,1,0,0,0,0,0,0,4,118660.29,0.1084,low,0.0
CUST000818,773,excellent,95.17,75.7,74.8,34.46,82.03,78.8856,11.05,6,1,0,0,0,0,0,6,137019.65,0.1258,low,0.0
CUST000819,723,good,50.13,96.65,97.39,49.92,44.1,70.5524,7.78,13,5,2,0,0,0,0,3,179543.15,0.1814,low,0.0
CUST000820,605,high_risk,29.78,88.92,15.48,70.45,53.52,50.8163,2.55,0,3,6,0,0,0,1,0,113334.05,1.9296,moderate,0.5
CUST000821,858,excellent,93.95,99.49,73.47,94.91,96.77,92.9177,6.72,6,0,0,0,0,0,2,3,205123.86,0.7708,low,0.4
CUST000822,823,excellent,98.81,95.6,72.02,40.29,90.3,87.1257,9.99,9,0,0,0,0,0,0,1,8383.08,0.0476,low,0.0
CUST000823,789,excellent,88.29,94.14,46.44,59.12,95.52,81.5742,9.79,3,0,0,0,0,0,1,3,21828.09,0.7073,low,0.25
CUST000824,816,excellent,90.95,86.04,94.15,46.44,95.09,85.9189,13.86,10,0,0,0,0,0,0,1,162980.31,0.0638,low,0.0
CUST000825,784,excellent,85.31,88.35,69.41,43.48,94.6,80.5836,2.85,5,0,0,0,0,0,0,4,102807.38,0.0316,low,0.0
CUST000826,622,high_risk,35.31,90.62,35.47,40.35,47.85,53.6839,5.25,1,3,1,0,0,0,0,2,95491.51,0.0724,low,0.0
CUST000827,747,good,87.1,80.53,53.77,32.64,85.77,74.5536,14.46,2,1,0,0,0,0,0,7,54253.14,0.0447,low,0.0
CUST000828,790,excellent,97.15,76.44,74.65,35.8,99.97,81.7059,12.72,9,0,0,0,0,0,0,0,87031.93,0.0566,low,0.0
CUST000829,829,excellent,87.38,97.01,86.93,60.89,93.32,88.1463,2.02,13,0,0,0,0,0,1,7,125937.57,0.9946,low,0.125
CUST000830,807,excellent,93.84,94.83,53.89,62.82,87.93,84.4515,3.58,3,1,0,0,0,0,1,2,68105.03,0.9209,low,0.3333
CUST000831,615,high_risk,25.49,89.99,47.3,35.37,58.86,52.4349,1.82,2,3,3,0,0,0,0,3,12893.75,0.1182,low,0.0
CUST000832,801,excellent,88.28,93.31,91.39,41.93,66.36,83.4287,8.0,16,2,0,0,0,0,0,3,23772.9,0.1446,low,0.0
CUST000833,626,high_risk,8.98,94.09,67.1,64.94,73.83,54.3113,4.06,5,2,5,1,0,0,1,0,51337.04,1.4367,low,0.5
CUST000834,720,good,70.07,80.39,53.17,35.82,97.24,69.922,13.38,2,0,0,0,0,0,0,5,32906.11,0.1267,low,0.0
CUST000835,818,excellent,88.24,94.97,93.81,43.5,85.42,86.3397,8.41,19,1,0,0,0,0,0,3,431714.72,0.1422,low,0.0
CUST000836,821,excellent,87.71,92.32,91.62,46.26,99.93,86.7552,0.6,11,0,0,0,0,0,0,6,780096.34,0.0008,low,0.0
CUST000837,822,excellent,90.12,99.41,83.16,41.51,90.34,87.0257,7.17,8,0,0,0,0,0,0,6,442108.49,0.1087,low,0.0
CUST000838,671,risky,48.59,89.48,49.23,39.0,67.6,61.8962,9.53,3,2,4,0,0,0,0,1,100282.03,0.0985,low,0.0
CUST000839,806,excellent,91.67,81.4,63.59,92.25,91.04,84.3703,14.78,4,1,0,0,0,0,2,5,73559.61,0.9989,low,0.2857
CUST000840,821,excellent,92.52,95.73,86.57,61.69,65.19,86.7727,0.76,19,2,0,0,0,0,1,2,156395.92,0.3563,low,0.3333
CUST000841,692,risky,48.79,90.99,77.97,61.88,31.12,65.3698,8.33,6,5,2,0,0,0,1,3,113469.6,0.7629,low,0.25
CUST000842,833,excellent,93.03,94.8,91.57,43.2,97.47,88.8034,5.9,11,0,0,0,0,0,0,4,90829.04,0.1238,low,0.0
CUST000843,830,excellent,90.51,96.73,86.06,67.02,81.05,88.4139,5.62,10,1,0,0,0,0,1,5,109749.57,0.8021,low,0.1667
CUST000844,839,excellent,99.25,93.22,98.01,41.56,82.63,89.8219,7.79,14,1,0,0,0,0,0,6,73548.69,0.0416,low,0.0
CUST000845,639,high_risk,25.53,87.31,69.31,65.29,55.1,56.5632,14.21,8,3,3,0,0,0,1,6,69036.35,2.0551,moderate,0.1429
CUST000846,745,good,67.41,98.01,45.46,49.44,93.71,74.1289,1.06,2,0,1,0,0,0,1,1,26219.58,0.4619,low,0.5
CUST000847,818,excellent,90.66,95.37,81.32,40.8,96.9,86.313,7.39,8,0,0,0,0,0,0,4,31217.58,0.0652,low,0.0
CUST000848,679,risky,55.34,97.79,14.71,48.92,73.68,63.1725,3.1,0,2,3,0,0,0,0,0,89142.38,0.0214,low,0.0
CUST000849,792,excellent,98.99,76.68,86.42,43.76,70.35,82.0236,14.63,15,2,0,0,0,0,0,4,23098.33,0.1267,low,0.0
CUST000850,829,excellent,95.93,91.88,95.89,45.07,81.76,88.2068,4.42,17,1,0,0,0,0,0,1,53546.82,0.1522,low,0.0
CUST000851,825,excellent,87.38,90.68,86.42,78.0,89.86,87.5378,2.37,20,1,0,0,0,0,1,3,51557.09,0.7331,low,0.25
CUST000852,752,excellent,92.11,94.48,12.61,30.83,97.17,75.2726,1.87,0,0,0,0,0,0,0,4,155645.73,0.0418,low,0.0
CUST000853,767,excellent,93.07,75.56,64.19,47.92,81.84,77.8459,14.89,2,1,0,0,0,0,0,0,95268.76,0.1209,low,0.0
CUST000854,762,excellent,78.34,90.24,58.53,43.31,94.76,77.0769,7.57,3,0,0,0,0,0,0,3,16104.2,0.11,low,0.0
CUST000855,807,excellent,86.86,89.03,97.4,33.38,94.67,84.5226,14.68,11,0,0,0,0,0,0,4,100997.98,0.0041,low,0.0
CUST000856,766,excellent,76.0,93.42,46.56,63.77,96.16,77.6041,1.76,2,0,1,0,0,0,1,6,68015.38,0.6883,low,0.1429
CUST000857,813,excellent,92.04,91.68,83.44,46.72,85.51,85.4543,4.79,7,1,0,0,0,0,0,1,312584.2,0.0983,low,0.0
CUST000858,788,excellent,89.13,88.31,64.92,48.47,90.71,81.3446,4.75,2,0,0,0,0,0,0,1,26560.44,0.051,low,0.0
CUST000859,821,excellent,88.98,90.0,99.4,49.46,88.77,86.8748,4.9,10,1,0,0,0,0,0,2,601196.47,0.1153,low,0.0
CUST000860,777,excellent,85.95,91.15,61.7,36.85,90.71,79.4407,6.91,3,0,0,0,0,0,0,4,86828.4,0.163,low,0.0
CUST000861,838,excellent,96.9,98.47,83.78,36.98,99.07,89.6277,9.69,7,0,0,0,0,0,0,3,73123.73,0.0248,low,0.0
CUST000862,807,excellent,85.72,80.69,84.27,78.52,98.73,84.5753,10.18,8,0,0,0,0,0,1,3,212745.74,0.501,low,0.25
CUST000863,779,excellent,85.89,85.41,71.01,36.54,98.36,79.826,14.53,6,0,0,0,0,0,0,5,42620.69,0.1456,low,0.0
CUST000864,837,excellent,99.48,80.18,86.42,80.3,97.02,89.5654,13.92,13,0,0,0,0,0,2,1,41285.05,0.8521,low,0.6667
CUST000865,846,excellent,97.35,95.55,90.07,49.16,97.65,90.9264,6.02,11,0,0,0,0,0,0,6,91933.79,0.1183,low,0.0
CUST000866,752,excellent,95.29,76.62,36.82,39.89,95.58,75.4075,11.07,1,0,0,0,0,0,0,7,36461.95,0.1094,low,0.0
CUST000867,778,excellent,87.58,97.86,46.0,36.04,91.03,79.6165,9.67,1,1,0,0,0,0,0,7,127982.17,0.1166,low,0.0
CUST000868,758,excellent,62.12,91.34,85.55,47.15,95.94,76.2858,9.46,19,0,1,0,0,0,0,2,709201.07,0.095,low,0.0
CUST000869,714,good,88.77,50.71,65.84,46.11,81.59,68.9282,56.99,6,1,0,0,0,0,1,1,134326.78,0.4398,low,0.5
CUST000870,797,excellent,75.64,92.76,91.87,66.51,81.15,82.8507,1.53,14,1,0,0,0,0,1,2,200496.38,0.8859,low,0.3333
CUST000871,732,good,92.67,77.66,25.69,31.3,92.99,72.017,13.41,0,0,0,0,0,0,0,7,39755.11,0.0795,low,0.0
CUST000872,737,good,69.5,95.3,31.86,62.34,88.25,72.7546,4.4,1,1,0,0,0,0,1,1,222461.15,0.6107,low,0.5
CUST000873,774,excellent,86.62,81.05,79.35,36.94,87.35,78.9624,11.1,5,1,0,0,0,0,0,1,31511.83,0.1112,low,0.0
CUST000874,851,excellent,99.31,94.2,88.18,63.66,92.3,91.8403,3.95,16,0,0,0,0,0,1,3,60740.58,0.9793,low,0.25
CUST000875,838,excellent,92.67,82.66,89.42,93.44,97.53,89.7422,14.83,13,0,0,0,0,0,2,1,219025.48,0.3948,low,0.6667
CUST000876,838,excellent,99.17,94.88,85.36,46.04,90.92,89.6715,2.47,10,0,0,0,0,0,0,7,35042.94,0.1411,low,0.0
CUST000877,817,excellent,90.61,86.51,97.23,43.46,95.37,86.1331,11.56,11,0,0,0,0,0,0,7,84773.02,0.1042,low,0.0
CUST000878,640,high_risk,19.24,88.51,97.8,31.45,56.33,56.7348,7.86,13,4,5,1,0,1,0,4,239823.66,0.2595,low,0.0
CUST000879,713,good,61.2,96.08,48.67,43.65,69.04,68.8127,3.96,1,2,4,0,0,0,0,4,31539.11,0.1629,low,0.0
CUST000880,800,excellent,85.99,79.55,90.75,61.79,95.38,83.2917,10.94,12,0,0,0,0,0,1,5,111381.77,0.8506,low,0.1667
CUST000881,813,excellent,89.69,94.63,89.23,43.36,80.36,85.5362,9.58,18,1,0,0,0,0,0,1,368958.36,0.0806,low,0.0
CUST000882,729,good,60.67,94.9,80.13,44.16,53.95,71.5365,0.0,8,3,4,0,0,0,0,5,30100.5,0.0039,low,0.0
CUST000883,650,risky,25.26,98.74,69.27,42.05,52.52,58.3104,5.15,6,4,2,0,0,0,0,0,76693.85,0.1733,low,0.0
CUST000884,778,excellent,91.94,89.76,61.89,30.25,81.71,79.5898,12.41,2,1,0,0,0,0,0,7,281174.92,0.0895,low,0.0
CUST000885,808,excellent,77.17,96.56,92.73,53.1,94.62,84.6573,1.09,20,0,1,0,0,0,1,4,327150.22,0.4944,low,0.2
CUST000886,684,risky,51.9,85.84,59.99,31.89,78.65,63.9683,14.1,3,2,1,0,0,0,0,6,118713.64,0.0749,low,0.0
CUST000887,796,excellent,89.52,99.89,51.56,45.02,91.78,82.713,4.3,2,0,0,0,0,0,1,2,486019.67,0.9605,low,0.3333
CUST000888,735,good,51.22,98.22,73.38,60.7,90.0,72.47,4.09,8,1,1,0,0,0,1,2,73467.77,1.3737,low,0.3333
CUST000889,832,excellent,92.54,92.54,93.17,79.52,65.88,88.6661,7.83,14,2,0,0,0,0,2,5,104118.04,0.5373,low,0.2857
CUST000890,767,excellent,97.58,81.74,30.81,47.23,97.65,77.7852,13.77,0,0,0,0,0,0,0,6,76264.6,0.1087,low,0.0
CUST000891,788,excellent,88.06,92.02,56.35,49.69,94.01,81.2505,3.17,2,0,0,0,0,0,0,0,211263.16,0.0252,low,0.0
CUST000892,742,good,64.8,91.59,70.66,40.78,87.49,73.585,0.27,9,1,4,0,0,0,0,2,11423.75,0.0261,low,0.0
CUST000893,792,excellent,85.55,88.75,91.56,48.48,68.66,82.0141,10.31,20,2,0,0,0,0,0,2,35632.06,0.0444,low,0.0
CUST000894,770,excellent,98.16,76.51,23.98,91.78,81.94,78.2758,11.28,0,1,0,0,0,0,2,0,80428.12,0.6089,low,0.6667
CUST000895,576,high_risk,10.41,89.49,62.67,43.09,18.34,46.0341,12.73,2,7,4,0,0,1,0,7,200431.21,0.5118,low,0.0
CUST000896,795,excellent,90.33,79.42,91.95,35.14,97.19,82.4693,10.42,16,0,0,0,0,0,0,5,87645.92,0.0949,low,0.0
CUST000897,820,excellent,98.92,98.55,55.78,46.19,94.96,86.6704,6.97,2,0,0,0,0,0,1,0,162581.37,0.6639,low,0.5
CUST000898,695,risky,41.7,83.93,98.62,34.64,77.62,65.7955,12.01,20,2,4,0,0,0,0,2,96458.07,0.0528,low,0.0
CUST000899,858,excellent,95.26,99.56,94.21,61.86,94.62,92.9877,4.89,10,0,0,0,0,0,1,4,132451.66,0.8491,low,0.2
CUST000900,772,excellent,86.38,96.44,33.37,47.01,98.22,78.6937,4.92,0,0,0,0,0,0,0,5,118371.94,0.0689,low,0.0
CUST000901,764,excellent,86.39,88.51,49.95,49.93,81.16,77.389,2.69,1,1,0,0,0,0,1,5,91281.75,0.8385,low,0.1667
CUST000902,808,excellent,99.13,88.5,71.94,32.1,94.77,84.7224,4.63,6,0,0,0,0,0,0,0,200885.13,0.0334,low,0.0
CUST000903,788,excellent,88.44,95.85,55.73,33.99,98.17,81.2843,3.78,2,0,0,0,0,0,0,2,44037.35,0.0318,low,0.0
CUST000904,828,excellent,85.86,97.51,90.87,56.53,93.29,87.9181,2.26,15,0,0,0,0,0,1,3,110292.9,0.5851,low,0.25
CUST000905,794,excellent,94.1,70.37,93.68,53.12,89.06,82.3159,30.41,12,1,0,0,0,0,0,7,140607.01,0.0233,low,0.0
CUST000906,749,good,90.25,82.38,47.56,33.61,80.97,74.8911,13.66,3,1,0,0,0,0,0,1,36900.15,0.0581,low,0.0
CUST000907,817,excellent,98.76,95.85,66.83,32.61,96.31,86.2375,9.91,6,0,0,0,0,0,0,1,25622.5,0.0581,low,0.0
CUST000908,752,excellent,65.12,78.01,96.3,47.94,99.36,75.3676,13.73,18,0,0,0,0,0,0,5,110407.07,0.0517,low,0.0
CUST000909,802,excellent,87.02,92.01,85.89,34.6,91.84,83.5844,8.91,13,0,0,0,0,0,0,2,138106.43,0.0355,low,0.0
CUST000910,846,excellent,99.71,89.3,94.01,60.26,91.85,91.0021,8.21,12,0,0,0,0,0,1,5,149199.69,0.9184,low,0.1667
CUST000911,780,excellent,98.56,90.77,34.44,36.24,94.36,79.9525,9.56,0,0,0,0,0,0,0,1,633999.17,0.0018,low,0.0
CUST000912,817,excellent,88.0,79.65,95.82,92.97,78.32,86.1985,13.95,14,2,0,0,0,0,2,7,15787.89,0.6547,low,0.2222
CUST000913,858,excellent,98.82,97.54,86.18,69.96,93.02,93.0744,2.0,15,0,0,0,0,0,1,3,242124.81,0.7587,low,0.25
CUST000914,799,excellent,98.43,77.21,87.25,38.3,86.33,83.1616,11.4,12,1,0,0,0,0,0,7,141049.57,0.0729,low,0.0
CUST000915,710,good,41.02,92.58,92.87,32.0,91.28,68.3916,0.12,10,0,2,0,0,0,0,0,104239.0,0.2016,low,0.0
CUST000916,796,excellent,94.49,93.06,42.9,60.85,92.0,82.7097,3.22,1,0,0,0,0,0,1,5,176357.76,0.4878,low,0.1667
CUST000917,808,excellent,98.4,90.16,52.65,61.61,91.09,84.6529,2.07,4,0,0,0,0,0,1,3,169151.79,0.6858,low,0.25
CUST000918,822,excellent,88.96,95.84,97.88,33.27,90.92,86.9886,2.51,11,0,0,0,0,0,0,4,101686.59,0.1518,low,0.0
CUST000919,852,excellent,94.02,96.26,97.89,69.0,86.55,92.0224,9.81,10,1,0,0,0,0,1,0,115765.18,0.4504,low,0.5
CUST000920,813,excellent,87.21,95.7,92.52,33.34,90.03,85.449,5.53,10,0,0,0,0,0,0,0,231073.24,0.0294,low,0.0
CUST000921,837,excellent,99.98,91.99,71.7,65.14,95.89,89.4478,1.95,9,0,0,0,0,0,1,4,48301.83,0.6402,low,0.2
CUST000922,606,high_risk,8.94,91.12,94.45,32.96,30.44,50.9727,4.13,19,6,3,1,0,1,0,6,1262009.5,0.5757,low,0.0
CUST000923,690,risky,49.42,87.81,59.0,47.01,77.55,64.9461,14.11,2,2,3,0,0,0,0,6,130016.84,0.128,low,0.0
CUST000924,681,risky,63.43,83.39,14.61,44.43,96.93,63.5442,10.71,0,0,2,0,0,0,0,5,46111.93,0.1942,low,0.0
CUST000925,831,excellent,99.38,92.74,92.05,32.17,88.08,88.4362,7.43,13,1,0,0,0,0,0,0,131645.58,0.0764,low,0.0
CUST000926,735,good,64.19,90.85,92.2,43.83,46.27,72.5588,4.83,13,4,3,0,0,0,0,1,90842.57,0.0889,low,0.0
CUST000927,688,risky,62.2,66.56,68.41,59.24,67.78,64.7001,45.83,7,2,3,0,0,0,0,5,168622.34,0.2398,low,0.0
CUST000928,739,good,85.52,89.86,27.27,31.33,91.15,73.2294,10.76,0,0,0,0,0,0,0,5,55113.24,0.0139,low,0.0
CUST000929,791,excellent,90.6,84.24,66.99,55.67,91.79,81.7774,14.29,8,1,0,0,0,0,1,1,106165.8,0.6196,low,0.5
CUST000930,854,excellent,99.61,97.63,99.1,34.8,98.01,92.2995,3.41,12,0,0,0,0,0,0,7,218923.45,0.0294,low,0.0
CUST000931,819,excellent,96.19,95.79,83.71,33.43,81.98,86.4996,3.65,5,1,0,0,0,0,0,7,12570.79,0.1237,low,0.0
CUST000932,788,excellent,99.94,96.58,29.79,48.75,80.68,81.3621,1.14,0,1,0,0,0,0,1,1,62323.07,0.6948,low,0.5
CUST000933,804,excellent,88.59,90.0,80.15,45.82,94.28,84.0372,9.91,5,0,0,0,0,0,0,1,18832.26,0.0166,low,0.0
CUST000934,822,excellent,94.0,94.12,72.38,50.7,99.98,87.0619,1.73,8,0,0,0,0,0,1,1,63498.4,0.8721,low,0.5
CUST000935,745,good,74.19,98.88,32.35,39.78,97.09,74.17,1.51,0,0,0,0,0,0,0,1,53185.25,0.0706,low,0.0
CUST000936,743,good,53.18,91.0,88.61,60.07,96.56,73.8648,2.46,15,0,2,0,0,0,1,0,218821.46,1.0481,low,0.5
CUST000937,802,excellent,90.55,99.15,62.58,61.95,67.09,83.7257,4.55,3,2,0,0,0,0,1,2,108452.12,0.4916,low,0.3333
CUST000938,666,risky,66.06,64.37,26.65,50.33,95.1,60.9726,49.99,0,0,1,0,0,0,0,5,152095.65,0.0948,low,0.0
CUST000939,760,excellent,93.6,78.12,47.34,37.27,97.18,76.7414,12.17,1,0,0,0,0,0,0,4,31019.38,0.05,low,0.0
CUST000940,830,excellent,94.8,90.02,95.71,46.98,90.9,88.333,2.55,17,1,0,0,0,0,0,0,406614.56,0.1114,low,0.0
CUST000941,628,high_risk,11.54,91.35,70.05,75.13,61.71,54.6329,6.23,5,4,5,1,0,0,1,4,161374.96,1.7073,moderate,0.2
CUST000942,825,excellent,93.56,83.74,83.4,72.51,98.53,87.4796,10.11,6,0,0,0,0,0,1,1,59850.77,0.7546,low,0.5
CUST000943,849,excellent,96.72,96.17,98.18,45.26,95.43,91.4971,5.74,18,0,0,0,0,0,1,1,174158.21,0.4992,low,0.5
CUST000944,796,excellent,95.69,77.6,79.08,52.56,87.82,82.6705,10.16,9,1,0,0,0,0,1,3,45324.87,0.6546,low,0.25
CUST000945,826,excellent,92.06,99.69,77.56,46.08,93.53,87.7217,6.64,8,0,0,0,0,0,0,0,44829.74,0.1282,low,0.0
CUST000946,760,excellent,88.43,99.03,10.79,45.51,98.56,76.6882,0.6,0,0,0,0,0,0,0,5,76056.99,0.022,low,0.0
CUST000947,667,risky,41.55,81.67,65.66,61.8,71.52,61.2237,14.52,7,2,4,0,0,0,1,0,12408.25,1.4573,low,0.5
CUST000948,818,excellent,89.17,98.57,66.36,62.3,93.58,86.3214,0.11,5,0,0,0,0,0,1,3,271268.07,0.9694,low,0.25
CUST000949,765,excellent,54.83,97.16,98.78,74.84,78.03,77.4432,4.49,10,2,4,0,0,0,1,5,147583.24,1.0719,low,0.1667
CUST000950,767,excellent,91.04,89.78,34.88,44.96,92.25,77.7509,10.51,1,0,0,0,0,0,0,1,26176.25,0.1215,low,0.0
CUST000951,722,good,63.6,88.71,59.96,46.82,78.32,70.3837,10.86,2,2,2,0,0,0,0,4,168523.19,0.0277,low,0.0
CUST000952,844,excellent,88.05,96.87,99.42,72.57,86.89,90.7395,2.82,18,1,0,0,0,0,1,1,123049.29,0.7026,low,0.5
CUST000953,744,good,89.42,75.99,30.74,58.1,94.9,74.0086,13.95,0,0,0,0,0,0,1,1,30942.37,0.8227,low,0.5
CUST000954,727,good,43.44,93.79,86.91,61.1,87.23,71.2118,8.52,13,1,1,0,0,0,1,6,102153.96,0.9484,low,0.1429
CUST000955,845,excellent,98.65,95.29,94.03,53.11,83.42,90.8743,6.5,16,1,0,0,0,0,1,3,524879.27,0.555,low,0.25
CUST000956,780,excellent,94.11,90.23,31.95,64.47,88.19,80.066,5.93,1,1,0,0,0,0,1,4,209805.35,0.752,low,0.2
CUST000957,749,good,67.73,90.88,46.34,77.83,91.34,74.8358,6.1,3,1,0,0,0,0,1,1,78815.77,0.4063,low,0.5
CUST000958,749,good,89.02,92.69,16.95,39.05,94.5,74.8621,5.94,0,0,0,0,0,0,0,1,28628.6,0.0438,low,0.0
CUST000959,641,high_risk,16.46,94.54,85.28,38.76,59.69,56.7608,2.0,18,3,8,0,0,1,0,7,294977.81,0.3471,low,0.0
CUST000960,777,excellent,88.98,80.98,76.7,44.15,81.37,79.4941,13.4,9,1,0,0,0,0,0,3,67385.76,0.054,low,0.0
CUST000961,632,high_risk,13.01,98.62,77.09,64.74,41.09,55.286,7.61,6,4,3,1,0,0,1,2,87084.94,2.0523,moderate,0.3333
CUST000962,811,excellent,88.21,92.61,72.96,60.03,96.32,85.2361,9.21,9,0,0,0,0,0,1,6,201895.88,0.4298,low,0.1429
CUST000963,808,excellent,88.62,93.32,67.9,73.09,81.29,84.6381,5.06,8,1,0,0,0,0,1,6,234090.04,0.5449,low,0.1429
CUST000964,853,excellent,99.25,98.59,71.1,72.17,99.74,92.1718,4.95,5,0,0,0,0,0,1,1,97891.34,0.8702,low,0.5
CUST000965,779,excellent,91.02,84.81,46.29,59.29,97.01,79.8716,23.98,4,0,0,0,0,0,0,7,153880.71,0.0763,low,0.0
CUST000966,788,excellent,85.3,78.03,99.02,41.88,91.08,81.4148,12.68,16,0,0,0,0,0,0,3,95909.81,0.0916,low,0.0
CUST000967,814,excellent,91.37,88.91,93.44,49.68,81.01,85.7362,2.99,13,1,0,0,0,0,1,0,84134.3,0.6008,low,0.5
CUST000968,760,excellent,93.67,82.29,40.97,48.86,81.9,76.693,14.73,1,1,0,0,0,0,0,6,513217.98,0.0942,low,0.0
CUST000969,723,good,43.24,87.89,86.55,70.58,89.44,70.4847,13.11,15,1,2,0,0,0,1,6,29853.2,0.9285,low,0.1429
CUST000970,822,excellent,91.4,85.04,99.2,49.78,95.97,86.9563,13.12,19,0,0,0,0,0,0,4,192503.28,0.1539,low,0.0
CUST000971,791,excellent,91.49,99.7,45.25,41.15,90.68,81.9021,3.11,1,1,0,0,0,0,0,3,206591.4,0.0449,low,0.0
CUST000972,745,good,90.62,88.33,30.6,32.69,81.46,74.2215,9.43,1,1,0,0,0,0,0,5,77501.69,0.0145,low,0.0
CUST000973,797,excellent,87.98,88.01,94.24,45.66,68.56,82.752,8.4,18,2,0,0,0,0,0,0,53580.18,0.0899,low,0.0
CUST000974,806,excellent,92.28,98.19,63.99,37.44,91.66,84.2607,5.37,2,0,0,0,0,0,0,7,259045.36,0.1468,low,0.0
CUST000975,745,good,92.5,83.67,16.93,49.75,91.49,74.1391,14.28,0,0,0,0,0,0,0,7,95258.45,0.0722,low,0.0
CUST000976,828,excellent,95.67,93.15,90.78,36.78,92.42,87.9668,7.44,10,0,0,0,0,0,0,7,127084.48,0.1483,low,0.0
CUST000977,827,excellent,91.86,92.05,82.16,63.29,93.64,87.7838,8.53,5,0,0,0,0,0,1,3,322947.77,0.3377,low,0.25
CUST000978,751,excellent,97.79,79.89,23.87,36.72,97.68,75.2145,14.37,0,0,0,0,0,0,0,5,55277.15,0.0304,low,0.0
CUST000979,820,excellent,98.64,93.97,67.3,47.43,91.27,86.6819,4.29,8,1,0,0,0,0,0,1,41193.95,0.0002,low,0.0
CUST000980,807,excellent,87.44,98.57,65.11,64.11,80.75,84.4273,6.99,9,1,0,0,0,0,1,6,297644.24,0.7161,low,0.1429
CUST000981,783,excellent,74.8,97.96,93.64,38.38,69.87,80.4415,0.15,15,2,0,0,0,0,0,6,88616.18,0.039,low,0.0
CUST000982,699,risky,53.87,96.07,58.34,44.76,56.61,66.5618,7.45,2,3,2,0,0,0,0,4,232237.38,0.0294,low,0.0
CUST000983,824,excellent,95.89,87.74,87.68,45.64,97.78,87.377,13.92,15,0,0,0,0,0,0,5,481918.07,0.0976,low,0.0
CUST000984,760,excellent,95.34,47.69,94.09,56.19,92.6,76.6669,58.43,16,0,0,0,0,0,0,2,77331.28,0.0241,low,0.0
CUST000985,809,excellent,89.58,96.55,82.81,37.53,83.52,84.8469,2.07,6,1,0,0,0,0,0,6,52533.19,0.0972,low,0.0
CUST000986,781,excellent,93.11,95.81,37.47,41.15,90.41,80.1086,1.69,1,0,0,0,0,0,0,7,207994.02,0.109,low,0.0
CUST000987,812,excellent,99.07,82.96,88.43,42.55,81.74,85.2557,10.43,13,1,0,0,0,0,0,7,344806.66,0.0561,low,0.0
CUST000988,786,excellent,86.84,95.57,60.4,40.27,87.66,80.9199,3.71,3,1,0,0,0,0,0,4,24185.61,0.0094,low,0.0
CUST000989,697,risky,54.51,87.44,73.33,33.37,65.58,66.2044,12.25,8,2,1,0,0,0,0,5,439067.91,0.2131,low,0.0
CUST000990,766,excellent,92.96,88.4,35.52,35.46,97.36,77.668,5.2,1,0,0,0,0,0,0,1,207347.01,0.0685,low,0.0
CUST000991,789,excellent,97.6,87.5,58.27,43.7,80.27,81.5447,14.61,4,1,0,0,0,0,0,0,46011.41,0.0897,low,0.0
CUST000992,823,excellent,86.39,98.39,91.54,47.6,88.52,87.097,8.02,11,1,0,0,0,0,1,1,163281.99,0.7505,low,0.5
CUST000993,757,excellent,57.37,96.5,93.18,75.92,66.24,76.2238,7.39,19,2,2,0,0,0,1,0,143377.32,1.4272,low,0.5
CUST000994,806,excellent,96.7,78.33,85.82,48.55,92.1,84.28,13.18,10,0,0,0,0,0,0,1,66388.29,0.0509,low,0.0
CUST000995,839,excellent,96.39,85.87,88.72,74.2,96.25,89.8528,20.96,19,0,0,0,0,0,1,6,20232.43,0.5017,low,0.1429
CUST000996,740,good,87.22,88.85,16.97,43.98,92.78,73.4009,3.09,0,0,0,0,0,0,0,3,92928.32,0.0391,low,0.0
CUST000997,764,excellent,94.86,87.96,33.18,36.22,91.68,77.3586,12.54,1,0,0,0,0,0,0,0,57571.82,0.0336,low,0.0
CUST000998,824,excellent,97.89,89.62,85.03,37.1,96.88,87.2983,0.54,16,0,0,0,0,0,0,0,44466.59,0.058,low,0.0
CUST000999,660,risky,27.18,92.27,97.24,67.94,24.55,60.0304,8.13,12,6,5,0,0,0,1,0,15228.37,2.288,moderate,0.5
CUST001000,664,risky,63.53,37.15,89.86,58.35,79.24,60.6202,58.34,14,2,2,0,0,0,0,1,61479.88,0.1777,low,0.0
CUST001001,782,excellent,98.02,75.2,50.73,58.61,99.84,80.3221,14.58,4,0,0,0,0,0,1,6,43193.52,0.909,low,0.1429
CUST001002,730,good,90.3,80.31,18.86,44.78,87.35,71.7427,11.87,0,1,0,0,0,0,0,1,137069.45,0.1049,low,0.0
CUST001003,770,excellent,65.51,94.24,85.61,43.18,99.83,78.3427,6.31,16,0,1,0,0,0,0,4,146054.0,0.0332,low,0.0
CUST001004,791,excellent,86.55,82.88,93.97,33.32,91.85,81.7693,12.89,10,1,0,0,0,0,0,3,318503.35,0.1423,low,0.0
CUST001005,756,excellent,86.39,95.45,31.03,34.78,90.32,76.0358,8.53,1,1,0,0,0,0,0,7,363550.86,0.0904,low,0.0
CUST001006,813,excellent,87.11,98.1,87.59,40.91,84.2,85.5697,0.93,10,1,0,0,0,0,0,2,53025.81,0.0581,low,0.0
CUST001007,761,excellent,61.53,85.22,93.29,72.52,94.17,76.7656,12.15,11,0,4,0,0,0,1,6,57411.81,1.0073,low,0.1429
CUST001008,751,excellent,86.12,64.59,87.45,51.57,73.31,75.125,36.0,14,2,0,0,0,0,0,2,45642.81,0.1083,low,0.0
CUST001009,831,excellent,93.51,98.51,71.33,58.69,97.22,88.5721,7.53,7,0,0,0,0,0,1,5,423725.38,0.764,low,0.1667
CUST001010,795,excellent,95.45,92.63,54.82,42.66,88.37,82.5223,8.01,3,1,0,0,0,0,0,1,74353.0,0.0473,low,0.0
CUST001011,819,excellent,96.9,99.55,74.99,46.14,67.86,86.4288,9.41,6,2,0,0,0,0,0,6,85881.31,0.0437,low,0.0
CUST001012,805,excellent,91.14,95.25,73.33,32.88,94.86,84.2486,6.48,9,0,0,0,0,0,0,7,38225.26,0.0335,low,0.0
CUST001013,737,good,62.52,93.91,58.88,45.07,94.57,72.8498,6.47,2,0,4,0,0,0,0,6,146741.35,0.0151,low,0.0
CUST001014,773,excellent,89.89,79.85,66.66,40.35,94.65,78.9148,11.47,5,0,0,0,0,0,0,1,127097.76,0.1632,low,0.0
CUST001015,798,excellent,86.19,97.23,52.98,60.65,96.26,82.9755,2.95,2,0,0,0,0,0,1,6,14723.25,0.5737,low,0.1429
CUST001016,768,excellent,91.11,86.01,47.1,35.74,97.15,78.0442,11.19,3,0,0,0,0,0,0,6,438089.59,0.1197,low,0.0
CUST001017,647,high_risk,44.78,82.8,56.9,39.22,48.82,57.8513,14.55,4,3,4,0,0,0,0,0,56237.72,0.0182,low,0.0
CUST001018,763,excellent,98.29,77.21,34.98,47.26,95.98,77.1359,13.61,0,0,0,0,0,0,0,4,81321.6,0.1512,low,0.0
CUST001019,835,excellent,99.31,91.53,74.66,76.78,80.34,89.1277,8.8,7,1,0,0,0,0,1,4,137691.32,0.522,low,0.2
CUST001020,802,excellent,88.29,79.39,89.53,59.22,96.79,83.749,10.21,11,0,0,0,0,0,1,6,178479.0,0.6627,low,0.1429
CUST001021,723,good,52.48,98.95,77.97,40.75,67.48,70.5716,0.64,8,2,2,0,0,0,0,6,56583.63,0.1765,low,0.0
CUST001022,763,excellent,93.07,83.45,50.3,39.84,80.31,77.1696,10.5,2,1,0,0,0,0,0,3,94306.37,0.0132,low,0.0
CUST001023,646,high_risk,25.48,91.19,54.45,74.44,66.96,57.5855,1.61,2,2,1,0,0,0,1,5,104047.68,1.3883,low,0.1667
CUST001024,603,high_risk,6.83,82.33,97.74,42.47,45.23,50.5208,10.52,11,3,0,1,1,1,0,4,54041.26,0.1671,low,0.0
CUST001025,611,high_risk,6.24,96.25,84.66,30.69,49.71,51.7971,4.92,9,4,4,1,0,1,0,7,286831.49,0.6176,low,0.0
CUST001026,740,good,86.97,79.02,32.81,51.31,90.82,73.282,26.87,1,0,0,0,0,0,0,0,32348.21,0.0308,low,0.0
CUST001027,759,excellent,59.41,92.81,92.35,48.52,90.94,76.4356,6.7,11,0,4,0,0,0,0,5,21245.86,0.2405,low,0.0
CUST001028,751,excellent,69.99,89.44,57.59,57.18,94.08,75.0929,13.09,2,0,0,0,0,0,1,6,321435.58,0.7354,low,0.1429
CUST001029,831,excellent,90.3,96.94,86.35,54.62,94.35,88.5343,8.96,13,0,0,0,0,0,1,6,28906.18,0.9554,low,0.1429
CUST001030,726,good,87.81,79.7,21.24,48.21,84.24,71.0771,12.25,0,1,0,0,0,0,0,3,166818.77,0.0946,low,0.0
CUST001031,821,excellent,97.54,91.86,66.98,70.53,80.69,86.8661,9.12,5,1,0,0,0,0,1,6,226891.21,0.4366,low,0.1429
CUST001032,718,good,49.63,88.78,85.07,44.05,85.34,69.7039,0.24,15,1,1,0,0,0,0,3,100636.43,0.2158,low,0.0
CUST001033,834,excellent,96.1,92.65,93.41,36.39,99.28,89.0082,0.11,20,0,0,0,0,0,0,6,372938.34,0.0732,low,0.0
CUST001034,682,risky,50.99,81.68,82.26,39.97,49.38,63.6226,12.22,7,4,3,0,0,0,0,0,37814.25,0.1485,low,0.0
CUST001035,737,good,85.68,81.77,27.96,44.19,97.37,72.869,14.75,0,0,0,0,0,0,0,2,77580.53,0.1034,low,0.0
CUST001036,824,excellent,87.57,95.13,86.44,56.95,94.0,87.2512,2.78,14,0,0,0,0,0,1,2,238916.54,0.8283,low,0.3333
CUST001037,606,high_risk,11.04,97.13,67.7,44.92,33.67,51.017,5.11,6,5,4,0,0,1,0,4,142104.08,0.6423,low,0.0
CUST001038,822,excellent,98.17,88.51,88.63,45.29,82.92,87.0288,12.02,11,1,0,0,0,0,0,5,173510.25,0.021,low,0.0
CUST001039,865,excellent,95.92,99.54,90.28,74.26,97.57,94.1604,4.16,15,0,0,0,0,0,1,3,197523.17,0.6077,low,0.25
CUST001040,856,excellent,95.99,97.79,93.18,64.71,92.74,92.655,5.87,13,0,0,0,0,0,1,4,154604.55,0.5228,low,0.2
CUST001041,760,excellent,92.38,87.7,34.9,40.84,86.47,76.6073,14.85,1,1,0,0,0,0,0,6,256759.31,0.1303,low,0.0
CUST001042,834,excellent,98.96,97.04,74.91,47.61,91.77,88.9223,4.43,8,0,0,0,0,0,0,2,59240.61,0.1147,low,0.0
CUST001043,790,excellent,92.42,83.72,72.51,41.79,91.13,81.6284,10.11,8,0,0,0,0,0,0,1,142079.3,0.126,low,0.0
CUST001044,785,excellent,96.75,94.1,30.45,46.29,95.82,80.8701,8.19,0,0,0,0,0,0,0,2,125291.87,0.0724,low,0.0
CUST001045,813,excellent,87.58,89.75,82.3,62.64,93.87,85.5734,24.68,5,0,0,0,0,0,0,7,85740.96,0.0574,low,0.0
CUST001046,867,excellent,99.8,99.85,79.73,85.08,90.82,94.432,4.18,7,0,0,0,0,0,2,6,54615.7,0.8226,low,0.25
CUST001047,796,excellent,90.52,96.97,30.15,77.63,95.66,82.6253,5.71,0,0,0,0,0,0,1,4,106355.18,0.7178,low,0.2
CUST001048,828,excellent,95.46,80.58,88.29,75.94,96.34,88.0546,12.03,11,0,0,0,0,0,1,7,60877.4,0.5199,low,0.125
CUST001049,735,good,74.01,92.81,34.9,49.71,86.15,72.5679,4.41,0,1,1,0,0,0,0,3,53420.35,0.0722,low,0.0
CUST001050,639,high_risk,16.42,95.2,92.11,35.99,47.57,56.4815,0.02,19,4,5,0,0,1,0,6,67145.68,0.3212,low,0.0
CUST001051,739,good,88.8,88.38,14.64,36.57,97.7,73.2179,14.88,0,0,0,0,0,0,0,1,230195.64,0.1652,low,0.0
CUST001052,687,risky,58.05,93.1,32.24,46.15,68.49,64.5469,7.51,0,2,1,0,0,0,0,6,106301.88,0.1391,low,0.0
CUST001053,759,excellent,97.48,90.12,12.61,41.87,92.23,76.4538,7.7,0,0,0,0,0,0,0,3,37062.48,0.0555,low,0.0
CUST001054,773,excellent,85.88,90.45,53.24,45.55,91.81,78.9166,1.38,2,0,0,0,0,0,0,1,117923.89,0.0673,low,0.0
CUST001055,808,excellent,90.47,94.97,71.6,38.27,99.94,84.7172,3.59,6,0,0,0,0,0,0,1,98200.15,0.1453,low,0.0
CUST001056,835,excellent,95.05,96.31,67.68,68.8,98.97,89.0911,1.82,8,0,0,0,0,0,1,1,46786.91,0.4295,low,0.5
CUST001057,629,high_risk,29.18,80.03,57.34,40.79,79.68,54.8729,10.19,4,2,4,0,0,0,0,3,120138.74,0.1041,low,0.0
CUST001058,806,excellent,96.16,76.03,94.06,46.34,91.18,84.3251,18.47,15,0,0,0,0,0,0,1,109332.14,0.0474,low,0.0
CUST001059,815,excellent,88.66,89.13,75.51,72.62,95.39,85.8967,2.82,6,0,0,0,0,0,1,7,87892.4,0.5393,low,0.125
CUST001060,806,excellent,85.88,93.79,90.28,44.61,81.05,84.3034,8.29,18,1,0,0,0,0,0,7,133225.66,0.029,low,0.0
CUST001061,790,excellent,86.23,89.58,68.73,49.13,94.32,81.71,0.01,5,0,0,0,0,0,0,7,37433.58,0.1588,low,0.0
CUST001062,814,excellent,85.57,90.61,76.48,70.43,99.64,85.6125,6.94,6,0,0,0,0,0,1,4,258839.26,0.9646,low,0.2
CUST001063,779,excellent,97.75,89.95,32.22,47.57,89.91,79.7788,7.19,1,1,0,0,0,0,0,5,101889.48,0.1577,low,0.0
CUST001064,798,excellent,90.26,92.33,70.82,45.57,84.95,82.9656,2.29,7,1,0,0,0,0,1,2,194977.09,0.8263,low,0.3333
CUST001065,695,risky,38.33,88.89,76.9,64.07,87.75,65.8004,4.48,7,1,1,0,0,0,1,6,68258.32,1.0656,low,0.1429
CUST001066,790,excellent,86.31,91.23,73.22,37.29,93.73,81.6632,3.5,5,0,0,0,0,0,0,5,81731.01,0.0037,low,0.0
CUST001067,824,excellent,88.2,93.36,92.9,46.49,98.21,87.282,0.18,13,0,0,0,0,0,0,6,46321.9,0.0541,low,0.0
CUST001068,811,excellent,89.75,91.38,76.46,56.22,93.06,85.2255,8.49,8,0,0,0,0,0,1,0,18490.17,0.6607,low,0.5
CUST001069,762,excellent,91.35,87.27,37.33,47.65,84.54,76.9709,11.0,1,1,0,0,0,0,0,3,1435533.36,0.0062,low,0.0
CUST001070,755,excellent,90.45,89.67,26.34,35.15,97.43,75.768,4.57,0,0,0,0,0,0,0,6,18479.05,0.1442,low,0.0
CUST001071,795,excellent,96.9,90.4,32.19,76.32,90.71,82.5649,2.37,1,1,0,0,0,0,1,0,16447.54,0.9403,low,0.5
CUST001072,822,excellent,93.41,88.67,91.53,52.38,86.89,86.9512,3.36,11,1,0,0,0,0,1,4,344453.23,0.8669,low,0.2
CUST001073,789,excellent,88.65,93.45,47.56,54.78,98.28,81.5003,0.3,4,0,0,0,0,0,1,6,322446.86,0.6248,low,0.1429
CUST001074,835,excellent,90.71,99.17,89.32,46.75,95.53,89.1224,1.29,10,0,0,0,0,0,0,3,40037.41,0.0165,low,0.0
CUST001075,645,high_risk,24.19,78.9,97.91,77.98,38.61,57.4813,13.82,20,5,3,0,0,0,1,7,24891.75,2.1437,moderate,0.125
CUST001076,535,high_risk,15.25,79.07,25.62,41.6,21.31,39.1916,11.24,0,5,5,0,0,1,0,7,73881.75,0.3813,low,0.0
CUST001077,843,excellent,88.09,92.62,95.55,94.56,80.26,90.4331,0.95,12,1,0,0,0,0,2,4,125599.55,0.7482,low,0.3333
CUST001078,688,risky,56.63,98.86,47.66,34.59,45.48,64.6362,8.26,1,4,4,0,0,0,0,1,21947.52,0.1798,low,0.0
CUST001079,833,excellent,99.75,88.43,89.12,46.62,94.2,88.8926,3.3,14,0,0,0,0,0,0,4,270215.46,0.0057,low,0.0
CUST001080,708,good,90.1,31.73,84.81,51.93,91.11,68.0783,52.48,6,1,0,0,0,0,0,2,317229.12,0.0837,low,0.0
CUST001081,748,good,87.37,87.06,30.14,42.09,93.16,74.7442,10.55,1,0,0,0,0,0,0,2,176900.26,0.0042,low,0.0
CUST001082,787,excellent,86.72,91.27,58.77,63.99,81.81,81.1288,9.23,3,1,0,0,0,0,1,2,55893.75,0.3935,low,0.3333
CUST001083,801,excellent,86.6,84.11,89.23,54.65,91.72,83.5631,11.78,12,0,0,0,0,0,0,0,17382.27,0.0033,low,0.0
CUST001084,759,excellent,68.75,91.77,85.2,36.56,85.39,76.5702,3.14,15,1,0,0,0,0,0,7,50881.19,0.0548,low,0.0
CUST001085,726,good,49.98,91.08,69.41,65.76,92.52,71.0554,2.36,7,0,2,0,0,0,1,3,87212.03,0.701,low,0.25
CUST001086,657,risky,44.77,60.77,89.05,71.72,50.11,59.441,41.12,14,3,1,0,0,0,1,1,34906.05,0.7218,low,0.5
CUST001087,830,excellent,97.83,93.33,92.8,31.47,90.51,88.3576,2.48,11,1,0,0,0,0,0,7,136030.81,0.1442,low,0.0
CUST001088,794,excellent,98.89,79.67,69.08,45.08,89.64,82.3467,13.09,5,1,0,0,0,0,0,3,10114.89,0.0052,low,0.0
CUST001089,776,excellent,91.84,92.69,41.68,45.4,85.47,79.2912,8.49,1,1,0,0,0,0,0,6,822333.89,0.053,low,0.0
CUST001090,833,excellent,88.79,95.09,97.51,57.29,88.14,88.7719,3.2,12,1,0,0,0,0,1,5,20362.92,0.696,low,0.1667
CUST001091,805,excellent,90.53,92.33,88.29,38.43,77.43,84.2132,5.92,15,2,0,0,0,0,0,5,23007.59,0.0221,low,0.0
CUST001092,842,excellent,96.85,98.59,82.17,54.01,91.4,90.3418,3.54,7,0,0,0,0,0,1,0,94850.18,0.7161,low,0.5
CUST001093,777,excellent,89.91,75.62,76.04,48.81,91.05,79.5477,10.36,6,1,0,0,0,0,0,7,67748.18,0.1141,low,0.0
CUST001094,736,good,74.62,96.57,31.01,38.31,91.25,72.6938,2.12,1,0,1,0,0,0,0,3,268188.41,0.1036,low,0.0
CUST001095,815,excellent,86.79,89.94,86.15,62.06,93.86,85.8735,4.17,18,0,0,0,0,0,1,4,63489.67,0.3477,low,0.2
CUST001096,738,good,88.13,82.6,31.49,32.84,93.22,72.9574,14.31,0,0,0,0,0,0,0,3,85980.94,0.0858,low,0.0
CUST001097,780,excellent,94.64,92.58,41.89,42.01,86.78,80.0582,0.29,1,1,0,0,0,0,0,4,208447.9,0.1168,low,0.0
CUST001098,836,excellent,95.16,93.19,92.9,41.53,99.39,89.2911,7.71,17,0,0,0,0,0,0,7,35301.55,0.1352,low,0.0
CUST001099,823,excellent,89.73,88.51,98.51,45.65,98.08,87.1095,14.57,14,0,0,0,0,0,0,6,333270.83,0.0118,low,0.0
CUST001100,788,excellent,93.8,83.7,74.38,30.73,92.32,81.4004,13.43,9,0,0,0,0,0,0,3,114706.1,0.0227,low,0.0
CUST001101,567,high_risk,5.64,80.08,57.89,35.54,61.85,44.4215,14.07,3,4,8,1,1,1,0,0,75797.84,0.509,low,0.0
CUST001102,766,excellent,97.56,82.03,37.42,40.69,91.68,77.6039,11.65,1,0,0,0,0,0,0,0,40244.28,0.1553,low,0.0
CUST001103,699,risky,55.36,80.1,97.51,30.19,54.84,66.5374,10.13,11,3,3,0,0,0,0,3,288364.77,0.0549,low,0.0
CUST001104,818,excellent,99.79,96.3,57.48,44.16,94.1,86.2663,8.41,3,0,0,0,0,0,0,3,144782.76,0.1485,low,0.0
CUST001105,766,excellent,94.31,80.65,42.5,43.71,97.7,77.7207,12.02,1,0,0,0,0,0,0,7,97007.83,0.0238,low,0.0
CUST001106,787,excellent,86.97,89.1,65.11,77.73,65.11,81.2214,4.64,9,2,0,0,0,0,1,7,261688.24,0.3466,low,0.125
CUST001107,733,good,86.58,87.77,18.06,30.44,97.42,72.1273,11.03,0,0,0,0,0,0,0,1,54350.32,0.1015,low,0.0
CUST001108,773,excellent,98.92,81.74,41.96,44.76,89.66,78.8774,14.44,1,1,0,0,0,0,0,1,168871.58,0.1192,low,0.0
CUST001109,829,excellent,96.01,88.43,84.11,64.07,89.95,88.1519,14.67,5,1,0,0,0,0,1,7,179132.13,0.5407,low,0.125
CUST001110,829,excellent,98.84,92.97,88.18,33.38,90.46,88.0971,2.07,10,1,0,0,0,0,0,0,57545.81,0.1595,low,0.0
CUST001111,770,excellent,95.48,90.05,23.6,46.05,97.03,78.281,5.37,0,0,0,0,0,0,0,1,464384.84,0.0053,low,0.0
CUST001112,818,excellent,86.62,95.55,93.12,38.53,95.47,86.3506,8.22,13,0,0,0,0,0,0,2,295490.76,0.0625,low,0.0
CUST001113,747,good,78.99,89.44,49.45,43.36,82.84,74.5143,10.87,2,1,1,0,0,0,0,5,56076.3,0.1282,low,0.0
CUST001114,811,excellent,90.91,93.38,82.17,35.43,95.23,85.2229,0.07,8,0,0,0,0,0,0,3,57273.94,0.1656,low,0.0
CUST001115,799,excellent,93.06,76.22,84.52,59.73,90.28,83.1156,10.47,6,1,0,0,0,0,1,5,148879.89,0.5082,low,0.1667
CUST001116,694,risky,53.93,77.78,91.67,64.63,42.15,65.6399,12.57,14,3,3,0,0,0,1,1,60412.66,1.4964,low,0.5
CUST001117,748,good,94.47,82.14,18.98,45.75,95.73,74.6998,14.35,0,0,0,0,0,0,0,2,55217.18,0.0317,low,0.0
CUST001118,775,excellent,86.01,89.31,63.38,35.88,91.28,79.1205,1.1,2,0,0,0,0,0,0,6,182300.59,0.074,low,0.0
CUST001119,783,excellent,85.28,81.38,84.68,42.41,92.25,80.4319,11.08,6,0,0,0,0,0,0,2,58791.84,0.1069,low,0.0
CUST001120,677,risky,43.03,82.57,69.58,38.52,87.47,62.8686,13.08,7,1,4,0,0,0,0,4,152690.32,0.1538,low,0.0
CUST001121,802,excellent,91.04,96.28,65.43,34.36,96.24,83.6236,3.1,8,0,0,0,0,0,0,7,324852.42,0.1501,low,0.0
CUST001122,821,excellent,96.89,92.9,69.53,49.72,96.46,86.8301,7.07,9,0,0,0,0,0,1,5,195357.36,0.9146,low,0.1667
CUST001123,648,high_risk,25.42,93.51,52.6,41.9,90.25,58.054,0.82,2,0,3,0,0,0,0,7,59509.74,0.0228,low,0.0
CUST001124,767,excellent,63.29,91.74,95.59,70.49,67.6,77.8213,6.69,14,2,2,0,0,0,1,6,87234.96,0.86,low,0.1429
CUST001125,791,excellent,86.14,93.02,87.55,32.56,73.07,81.7501,9.1,13,2,0,0,0,0,0,1,58650.57,0.1567,low,0.0
CUST001126,810,excellent,90.8,92.11,85.91,46.91,80.01,84.9908,1.65,13,1,0,0,0,0,1,6,68313.42,0.4977,low,0.1429
CUST001127,842,excellent,89.03,95.73,90.21,71.16,98.64,90.3897,0.47,19,0,0,0,0,0,1,7,200718.69,0.975,low,0.125
CUST001128,843,excellent,95.57,93.43,95.13,52.59,95.17,90.5266,6.97,18,0,0,0,0,0,1,6,64337.54,0.7897,low,0.1429
CUST001129,830,excellent,90.85,91.5,95.15,49.61,98.05,88.2866,3.76,11,0,0,0,0,0,0,3,148977.59,0.0221,low,0.0
CUST001130,812,excellent,96.48,88.02,51.23,77.0,97.16,85.2739,11.86,4,0,0,0,0,0,1,7,679572.95,0.6716,low,0.125
CUST001131,806,excellent,90.66,78.29,87.47,69.07,90.12,84.2591,12.73,13,0,0,0,0,0,1,3,106881.57,0.8024,low,0.25
CUST001132,816,excellent,86.57,92.37,93.44,39.96,99.33,85.9554,9.1,19,0,0,0,0,0,0,2,48840.21,0.0182,low,0.0
CUST001133,787,excellent,90.89,98.74,34.59,46.4,98.65,81.1294,8.89,1,0,0,0,0,0,0,5,186996.1,0.0566,low,0.0
CUST001134,682,risky,27.3,98.15,87.51,48.02,68.15,63.7413,3.2,15,2,2,0,0,0,0,1,76196.53,0.0437,low,0.0
CUST001135,778,excellent,91.77,75.85,64.17,56.07,96.23,79.7332,26.75,4,0,0,0,0,0,1,4,44357.44,0.6347,low,0.2
CUST001136,725,good,63.9,89.81,66.33,38.84,76.74,70.8157,11.84,5,2,4,0,0,0,0,0,95445.46,0.0851,low,0.0
CUST001137,736,good,61.71,97.58,86.8,35.81,52.56,72.7314,6.7,13,3,1,0,0,0,0,7,465564.0,0.1078,low,0.0
CUST001138,646,high_risk,40.13,88.46,46.79,30.94,69.25,57.6196,5.33,1,2,1,0,0,0,0,1,209381.89,0.1053,low,0.0
CUST001139,693,risky,44.95,90.34,65.94,39.52,88.86,65.5619,8.93,6,1,4,0,0,0,0,6,115999.4,0.0468,low,0.0
CUST001140,771,excellent,93.74,91.25,45.03,34.26,81.01,78.465,5.24,4,1,0,0,0,0,0,0,760298.28,0.0583,low,0.0
CUST001141,814,excellent,86.86,90.02,84.74,64.96,90.95,85.7071,0.25,6,0,0,0,0,0,1,7,105482.32,0.7848,low,0.125
CUST001142,642,high_risk,41.79,77.55,69.04,43.78,43.04,56.9281,12.57,5,4,3,0,0,0,0,3,6696.72,0.0251,low,0.0
CUST001143,740,good,65.58,83.74,69.87,50.61,97.52,73.3712,11.88,6,0,0,0,0,0,1,7,92447.71,0.4228,low,0.125
CUST001144,800,excellent,97.34,97.26,46.64,39.26,92.31,83.3985,2.21,1,0,0,0,0,0,0,3,237504.74,0.124,low,0.0
CUST001145,790,excellent,94.22,79.67,76.09,45.69,87.8,81.642,12.25,7,1,0,0,0,0,0,2,41111.17,0.1576,low,0.0
CUST001146,803,excellent,90.08,93.65,64.01,49.43,97.05,83.8732,4.46,3,0,0,0,0,0,0,3,248880.17,0.0841,low,0.0
CUST001147,762,excellent,91.23,85.8,40.43,35.97,96.51,76.9839,12.53,1,0,0,0,0,0,0,0,35060.81,0.1276,low,0.0
CUST001148,698,risky,65.31,92.64,10.83,54.27,85.69,66.2723,0.53,0,1,0,0,0,0,0,2,676482.47,0.3358,low,0.0
CUST001149,794,excellent,90.05,96.85,45.4,66.06,83.43,82.332,9.41,2,1,0,0,0,0,1,7,276163.81,0.7143,low,0.125
CUST001150,668,risky,46.21,90.88,45.43,40.49,69.8,61.284,7.36,2,2,2,0,0,0,0,0,177766.14,0.1364,low,0.0
CUST001151,850,excellent,99.5,84.83,94.27,77.5,94.69,91.6346,16.22,20,0,0,0,0,0,1,5,273423.79,0.4673,low,0.1667
CUST001152,728,good,48.69,93.55,97.0,36.04,81.45,71.4029,0.12,19,1,3,0,0,0,0,6,119421.05,0.1182,low,0.0
CUST001153,783,excellent,92.42,85.67,62.13,40.35,91.17,80.5194,14.46,3,1,0,0,0,0,0,4,77782.98,0.1064,low,0.0
CUST001154,800,excellent,89.08,81.94,86.81,45.83,99.74,83.3363,11.81,15,0,0,0,0,0,1,3,16481.08,0.5405,low,0.25
CUST001155,833,excellent,97.43,82.72,91.38,62.69,99.22,88.8148,26.75,19,0,0,0,0,0,0,5,148403.81,0.0187,low,0.0
CUST001156,806,excellent,86.37,89.05,93.61,44.1,88.85,84.2799,0.37,19,1,0,0,0,0,0,0,42201.13,0.0903,low,0.0
CUST001157,825,excellent,92.59,99.8,69.07,48.65,99.04,87.4777,1.85,6,0,0,0,0,0,0,7,12733.22,0.0088,low,0.0
CUST001158,665,risky,40.68,88.61,75.26,30.38,56.6,60.8104,4.18,8,3,2,0,0,0,0,3,158606.84,0.19,low,0.0
CUST001159,811,excellent,97.41,87.13,75.25,67.11,68.65,85.0978,13.72,5,2,0,0,0,0,1,3,57580.34,0.4418,low,0.25
CUST001160,793,excellent,93.53,82.15,71.43,46.52,93.92,82.1391,10.07,5,0,0,0,0,0,0,7,352393.55,0.005,low,0.0
CUST001161,800,excellent,90.6,84.68,71.02,66.11,89.6,83.3391,10.49,6,1,0,0,0,0,1,3,295623.91,0.9085,low,0.25
CUST001162,820,excellent,93.08,90.48,87.99,46.56,91.0,86.6776,7.8,10,0,0,0,0,0,0,7,38719.17,0.0648,low,0.0
CUST001163,848,excellent,97.02,99.61,99.24,30.88,95.18,91.3317,1.97,20,0,0,0,0,0,0,1,22222.9,0.0887,low,0.0
CUST001164,757,excellent,68.45,81.63,99.97,30.57,96.89,76.1869,13.36,14,0,0,0,0,0,0,4,20644.37,0.0296,low,0.0
CUST001165,826,excellent,91.7,97.43,71.92,65.14,91.14,87.7415,8.25,7,0,0,0,0,0,1,7,522062.55,0.5993,low,0.125
CUST001166,811,excellent,85.93,95.84,90.79,46.85,80.07,85.1369,5.61,12,1,0,0,0,0,0,6,200014.36,0.0654,low,0.0
CUST001167,827,excellent,85.97,99.06,85.66,62.94,89.2,87.8729,1.07,18,1,0,0,0,0,1,7,76203.42,0.6286,low,0.125
CUST001168,-1,no_history,55.19,90.66,28.63,49.38,85.47,64.2956,1.77,0,1,2,0,0,0,0,3,102508.01,0.189,low,0.0
CUST001169,663,risky,26.35,96.11,95.29,38.59,42.72,60.4789,6.76,10,4,6,0,0,1,0,0,155523.46,0.2981,low,0.0
CUST001170,809,excellent,97.1,89.55,71.63,32.67,98.98,84.7604,3.24,8,0,0,0,0,0,0,3,97462.78,0.0455,low,0.0
CUST001171,848,excellent,92.72,98.44,95.67,53.07,97.5,91.3905,7.21,16,0,0,0,0,0,1,4,1109072.19,0.6059,low,0.2
CUST001172,686,risky,49.87,75.34,85.45,48.78,65.3,64.2822,11.69,20,2,3,0,0,0,0,6,68478.73,0.2435,low,0.0
CUST001173,804,excellent,87.67,90.21,93.38,41.15,81.74,84.0452,3.94,14,1,0,0,0,0,0,7,468100.48,0.0292,low,0.0
CUST001174,737,good,96.84,80.56,28.71,31.77,72.87,72.8307,12.54,0,2,0,0,0,0,0,0,94736.84,0.1563,low,0.0
CUST001175,819,excellent,86.25,94.68,79.02,74.09,87.08,86.5615,6.0,5,1,0,0,0,0,1,5,69768.71,0.9233,low,0.1667
CUST001176,828,excellent,98.57,81.6,86.09,61.57,99.89,88.0378,14.92,12,0,0,0,0,0,1,0,141957.43,0.6304,low,0.5
CUST001177,667,risky,37.97,92.9,76.33,38.72,47.65,61.2485,7.82,9,4,1,0,0,0,0,1,29808.58,0.1682,low,0.0
CUST001178,778,excellent,88.83,68.48,69.16,86.29,90.82,79.7224,49.8,9,0,0,0,0,0,2,5,236974.72,0.3386,low,0.2857
CUST001179,832,excellent,94.67,88.89,74.13,78.49,99.5,88.7188,5.54,5,0,0,0,0,0,3,6,115703.01,0.7062,low,0.3333
CUST001180,555,high_risk,2.59,84.68,54.84,34.93,44.32,42.4636,10.09,4,3,4,1,1,1,0,7,264359.77,0.6185,low,0.0
CUST001181,634,high_risk,60.31,57.56,18.17,53.63,91.55,55.6215,35.7,0,1,3,0,0,0,0,0,130591.71,0.0591,low,0.0
CUST001182,766,excellent,91.92,86.37,42.62,34.67,96.6,77.6057,13.19,1,0,0,0,0,0,0,3,211798.55,0.0525,low,0.0
CUST001183,768,excellent,66.47,88.51,90.75,54.39,90.47,77.9184,9.2,18,0,0,0,0,0,1,6,63563.1,0.4768,low,0.1429
CUST001184,816,excellent,92.37,89.28,73.34,61.76,97.0,85.9893,6.64,7,0,0,0,0,0,1,1,55217.59,0.5504,low,0.5
CUST001185,797,excellent,91.76,98.15,50.35,47.36,90.3,82.8812,1.29,3,0,0,0,0,0,1,2,138955.45,0.691,low,0.3333
CUST001186,798,excellent,85.99,94.7,78.53,35.62,91.72,83.0194,9.54,9,1,0,0,0,0,0,1,136757.82,0.1286,low,0.0
CUST001187,767,excellent,97.11,88.25,40.73,33.79,79.21,77.8717,5.57,1,2,0,0,0,0,0,1,120317.1,0.0208,low,0.0
CUST001188,831,excellent,97.3,89.54,97.86,37.83,92.0,88.5792,0.43,10,0,0,0,0,0,0,2,47838.16,0.158,low,0.0
CUST001189,728,good,57.58,97.65,64.63,33.44,87.69,71.2568,8.12,3,1,1,0,0,0,0,0,33649.86,0.0615,low,0.0
CUST001190,799,excellent,89.39,77.86,88.32,54.35,99.18,83.2446,11.97,12,0,0,0,0,0,1,7,73021.59,0.9488,low,0.125
CUST001191,798,excellent,95.22,75.0,94.79,31.82,97.48,82.9755,11.16,14,0,0,0,0,0,0,0,46983.51,0.0554,low,0.0
CUST001192,800,excellent,95.18,79.86,61.07,72.71,96.78,83.3803,11.74,2,0,0,0,0,0,1,0,29281.05,0.7176,low,0.5
CUST001193,808,excellent,88.61,83.93,85.43,61.99,95.02,84.7085,14.94,15,0,0,0,0,0,1,1,20508.18,0.6741,low,0.5
CUST001194,774,excellent,89.32,91.56,41.04,49.08,92.46,79.0408,2.43,1,0,0,0,0,0,0,2,124106.01,0.0551,low,0.0
CUST001195,805,excellent,87.79,87.91,90.18,44.63,90.42,84.1312,12.05,10,1,0,0,0,0,0,1,90417.1,0.0727,low,0.0
CUST001196,824,excellent,91.33,93.28,89.62,45.35,94.48,87.3763,2.56,15,0,0,0,0,0,0,5,571018.19,0.154,low,0.0
CUST001197,844,excellent,94.84,94.94,87.08,62.97,95.59,90.5949,8.61,13,0,0,0,0,0,1,2,98567.0,0.5509,low,0.3333
CUST001198,769,excellent,86.15,98.55,28.28,46.2,95.38,78.1175,4.51,0,0,0,0,0,0,0,3,61065.05,0.0558,low,0.0
CUST001199,819,excellent,98.02,88.66,88.55,30.16,92.81,86.482,2.41,18,0,0,0,0,0,0,5,458206.58,0.0202,low,0.0
CUST001200,622,high_risk,12.72,88.5,86.79,64.95,42.09,53.7265,11.55,11,3,8,0,0,0,1,3,181434.46,1.395,low,0.25
CUST001201,756,excellent,73.13,88.39,66.0,44.79,95.25,76.0146,7.87,8,0,0,0,0,0,0,1,197915.1,0.0551,low,0.0
CUST001202,778,excellent,88.07,79.75,60.47,68.18,91.06,79.746,13.32,2,0,0,0,0,0,1,4,19830.19,0.975,low,0.2
CUST001203,765,excellent,87.52,92.69,35.58,40.01,97.73,77.5527,2.52,1,0,0,0,0,0,0,0,421721.21,0.0185,low,0.0
CUST001204,839,excellent,90.31,98.26,98.14,48.55,92.17,89.8792,4.3,14,0,0,0,0,0,0,1,71652.0,0.0837,low,0.0
CUST001205,865,excellent,94.86,99.24,94.8,71.24,97.84,94.1017,2.72,15,0,0,0,0,0,1,3,15436.9,0.9759,low,0.25
CUST001206,686,risky,47.31,90.6,59.96,45.97,70.42,64.3734,3.44,4,2,4,0,0,0,0,6,22571.54,0.0363,low,0.0
CUST001207,604,high_risk,20.74,91.67,49.45,63.76,31.28,50.6834,2.14,3,5,8,0,0,0,1,2,288559.74,2.2045,moderate,0.3333
CUST001208,776,excellent,86.53,94.07,46.32,45.9,92.62,79.3051,3.08,2,0,0,0,0,0,1,1,326618.71,0.8199,low,0.5
CUST001209,794,excellent,98.12,90.39,52.48,35.06,94.58,82.2961,8.79,2,0,0,0,0,0,0,0,52834.19,0.0928,low,0.0
CUST001210,800,excellent,91.58,90.49,75.19,42.5,85.51,83.279,9.54,6,1,0,0,0,0,0,2,160192.2,0.1549,low,0.0
CUST001211,798,excellent,95.37,86.03,87.11,32.56,74.15,82.9266,13.71,16,2,0,0,0,0,0,3,40222.8,0.0297,low,0.0
CUST001212,813,excellent,89.4,97.38,77.24,34.69,99.65,85.5265,0.84,6,0,0,0,0,0,0,5,311859.48,0.0661,low,0.0
CUST001213,818,excellent,88.44,91.5,92.38,42.63,97.92,86.3187,1.37,14,0,0,0,0,0,0,6,41786.38,0.1438,low,0.0
CUST001214,810,excellent,90.78,95.23,81.08,39.18,85.02,84.923,2.73,5,1,0,0,0,0,0,4,202897.57,0.0616,low,0.0
CUST001215,648,high_risk,16.65,92.74,95.42,76.37,33.76,57.9786,8.24,16,5,5,0,0,0,1,1,38680.39,2.243,moderate,0.5
CUST001216,807,excellent,95.63,82.81,90.08,45.08,82.15,84.5503,12.05,12,1,0,0,0,0,0,3,115156.99,0.0283,low,0.0
CUST001217,780,excellent,98.52,89.85,38.55,30.84,96.99,80.0044,11.46,1,0,0,0,0,0,0,3,96324.53,0.1173,low,0.0
CUST001218,850,excellent,99.44,93.53,75.48,83.44,90.88,91.6174,3.53,8,0,0,0,0,0,2,1,302397.09,0.6476,low,0.6667
CUST001219,807,excellent,91.8,88.02,79.69,51.69,88.16,84.4746,4.01,5,1,0,0,0,0,1,3,133330.47,0.9217,low,0.25
CUST001220,761,excellent,75.41,88.6,74.68,35.02,91.99,76.8795,12.41,5,0,1,0,0,0,0,5,127787.0,0.0858,low,0.0
CUST001221,692,risky,50.78,90.61,75.15,48.04,43.45,65.3788,6.78,5,4,3,0,0,0,0,7,100511.23,0.2439,low,0.0
CUST001222,784,excellent,96.08,61.03,91.34,54.55,95.74,80.6671,38.32,11,0,0,0,0,0,1,0,68618.43,0.8327,low,0.5
CUST001223,571,high_risk,13.55,88.31,23.81,62.48,51.46,45.1992,3.36,0,4,7,0,0,0,1,1,32442.98,1.7493,moderate,0.5
CUST001224,766,excellent,92.2,76.22,69.63,40.01,81.08,77.6923,12.07,7,1,0,0,0,0,0,7,116365.15,0.1377,low,0.0
CUST001225,718,good,94.1,75.31,12.57,32.73,89.52,69.6418,10.79,0,1,0,0,0,0,0,4,57487.05,0.0224,low,0.0
CUST001226,711,good,62.59,96.57,55.19,49.5,43.24,68.4304,2.22,3,3,2,0,0,0,0,7,131249.5,0.2263,low,0.0
CUST001227,647,high_risk,40.79,88.24,45.91,31.06,71.42,57.8814,11.34,2,2,3,0,0,0,0,1,85548.91,0.132,low,0.0
CUST001228,822,excellent,89.12,98.78,91.67,43.99,80.25,87.0005,2.94,12,1,0,0,0,0,0,0,48200.64,0.1459,low,0.0
CUST001229,752,excellent,78.52,91.26,45.2,43.25,93.73,75.336,8.79,2,0,1,0,0,0,0,5,120329.78,0.0863,low,0.0
CUST001230,784,excellent,89.29,84.38,73.39,37.44,93.85,80.7053,13.27,8,0,0,0,0,0,0,6,256962.04,0.0573,low,0.0
CUST001231,773,excellent,94.03,93.68,31.87,38.1,92.61,78.8655,7.25,1,0,0,0,0,0,0,5,44706.06,0.0343,low,0.0
CUST001232,783,excellent,74.1,90.79,90.22,49.41,88.54,80.4987,0.27,16,1,1,0,0,0,1,7,103384.5,0.4233,low,0.125
CUST001233,777,excellent,86.84,89.64,56.28,37.66,99.97,79.4909,6.38,4,0,0,0,0,0,0,1,74626.45,0.0672,low,0.0
CUST001234,685,risky,62.74,50.43,86.32,53.47,87.93,64.1729,54.59,12,1,2,0,0,0,0,7,106945.81,0.0295,low,0.0
CUST001235,694,risky,53.41,98.07,33.06,36.31,89.95,65.6994,2.82,1,1,4,0,0,0,0,2,414144.12,0.0398,low,0.0
CUST001236,765,excellent,88.23,94.74,47.4,33.59,78.06,77.5795,8.58,1,2,0,0,0,0,0,5,263659.36,0.0368,low,0.0
CUST001237,663,risky,45.41,96.95,16.78,39.49,90.54,60.4975,9.5,0,1,4,0,0,0,0,5,47505.75,0.068,low,0.0
CUST001238,787,excellent,92.47,75.73,79.59,75.79,65.72,81.1748,13.2,9,2,0,0,0,0,1,0,87146.03,0.4398,low,0.5
CUST001239,778,excellent,88.22,80.26,67.9,47.01,99.02,79.745,14.07,8,0,0,0,0,0,1,3,125191.73,0.7191,low,0.25
CUST001240,721,good,44.49,92.98,89.01,73.81,60.2,70.2193,6.58,14,4,1,0,0,0,1,5,88789.39,0.9905,low,0.1667
CUST001241,792,excellent,99.8,90.42,57.07,33.33,81.01,82.0526,2.84,2,1,0,0,0,0,0,5,89208.98,0.1026,low,0.0
CUST001242,612,high_risk,16.75,92.93,70.69,33.24,43.73,52.0399,4.43,6,5,4,0,0,1,0,7,284392.68,0.4033,low,0.0
CUST001243,812,excellent,87.99,89.85,98.25,34.21,93.77,85.2891,6.39,12,0,0,0,0,0,0,2,198499.61,0.1608,low,0.0
CUST001244,731,good,66.08,98.0,58.01,34.76,71.37,71.8413,9.89,4,2,0,0,0,0,0,1,297668.12,0.0205,low,0.0
CUST001245,791,excellent,78.75,93.08,90.63,31.16,95.74,81.7716,0.59,17,0,1,0,0,0,0,7,618874.08,0.1579,low,0.0
CUST001246,635,high_risk,28.67,98.1,28.61,75.57,54.41,55.753,5.15,0,4,7,0,0,0,1,6,1419244.37,2.2897,moderate,0.1429
CUST001247,813,excellent,94.84,76.78,89.21,64.37,93.74,85.4193,13.66,15,0,0,0,0,0,1,0,125645.46,0.6786,low,0.5
CUST001248,747,good,93.06,89.83,12.46,35.52,95.32,74.4748,2.52,0,0,0,0,0,0,0,1,23311.54,0.1647,low,0.0
CUST001249,833,excellent,97.44,89.11,90.12,48.5,95.81,88.7865,7.2,19,0,0,0,0,0,0,3,151934.62,0.1358,low,0.0
CUST001250,792,excellent,93.12,80.72,79.09,38.79,95.16,82.0668,14.74,5,0,0,0,0,0,0,0,24337.01,0.1193,low,0.0
CUST001251,749,good,69.82,99.81,51.14,35.26,92.92,74.8672,7.63,3,0,1,0,0,0,0,5,427132.68,0.1277,low,0.0
CUST001252,604,high_risk,12.53,97.9,64.05,32.74,41.1,50.7486,7.95,3,3,7,0,0,1,0,7,98440.89,0.3454,low,0.0
CUST001253,826,excellent,95.1,96.45,55.71,71.91,98.23,87.5915,1.82,4,0,0,0,0,0,1,4,177182.54,0.3976,low,0.2
CUST001254,794,excellent,71.28,91.96,82.23,79.03,96.34,82.4056,3.5,6,0,0,0,0,0,1,4,75875.48,0.4531,low,0.2
CUST001255,848,excellent,99.63,90.66,92.38,68.46,85.78,91.3503,5.97,10,1,0,0,0,0,1,3,202472.2,0.4541,low,0.25
CUST001256,744,good,87.43,88.72,33.6,31.22,85.53,73.9324,3.74,0,1,0,0,0,0,0,6,171209.9,0.091,low,0.0
CUST001257,830,excellent,89.64,89.15,80.2,85.75,96.67,88.3902,8.69,8,0,0,0,0,0,2,4,13709.38,0.3894,low,0.3333
CUST001258,786,excellent,89.05,70.96,91.01,49.41,99.75,81.0226,30.49,12,0,0,0,0,0,0,2,147238.42,0.0872,low,0.0
CUST001259,703,good,65.65,88.78,30.49,38.56,91.4,67.1809,9.03,1,0,1,0,0,0,0,1,321392.52,0.1597,low,0.0
CUST001260,803,excellent,69.71,95.94,92.77,75.25,92.01,83.823,0.8,14,0,0,0,0,0,1,6,37351.96,0.7771,low,0.1429
CUST001261,760,excellent,95.54,88.52,25.55,37.01,92.17,76.7453,1.88,0,0,0,0,0,0,0,5,577580.96,0.027,low,0.0
CUST001262,815,excellent,98.56,93.34,67.14,39.59,93.42,85.8713,8.09,9,0,0,0,0,0,0,5,60834.77,0.0514,low,0.0
CUST001263,774,excellent,76.53,88.12,70.44,54.16,97.55,78.9576,10.99,7,0,1,0,0,0,1,1,65656.21,0.6997,low,0.5
CUST001264,819,excellent,92.97,93.54,59.05,84.56,86.35,86.5511,4.03,4,1,0,0,0,0,2,3,88984.18,0.9174,low,0.4
CUST001265,650,risky,25.0,95.16,83.22,44.12,40.73,58.2669,4.34,7,5,4,0,0,1,0,7,260593.15,0.5856,low,0.0
CUST001266,785,excellent,92.81,83.5,57.25,62.31,84.22,80.7725,13.12,2,1,0,0,0,0,1,2,72086.06,0.3481,low,0.3333
CUST001267,744,good,51.89,99.29,83.32,45.93,90.24,74.0662,6.49,8,1,1,0,0,0,0,0,17233.05,0.041,low,0.0
CUST001268,739,good,64.11,95.63,61.08,48.95,80.3,73.2149,8.54,4,1,1,0,0,0,0,7,121807.59,0.1369,low,0.0
CUST001269,672,risky,21.35,99.2,91.15,46.68,64.62,62.0335,4.68,17,4,6,1,0,1,0,2,167043.34,0.565,low,0.0
CUST001270,816,excellent,96.13,99.93,60.76,41.58,91.16,86.0138,9.54,2,0,0,0,0,0,0,2,51058.38,0.1445,low,0.0
CUST001271,689,risky,53.01,81.65,80.35,37.27,60.74,64.9016,14.44,7,3,2,0,0,0,0,3,77466.23,0.0111,low,0.0
CUST001272,837,excellent,95.41,95.8,77.57,64.28,92.65,89.4606,5.85,6,0,0,0,0,0,1,0,55692.32,0.8205,low,0.5
CUST001273,631,high_risk,19.61,83.57,89.77,49.29,49.16,55.247,14.86,15,3,7,0,0,1,0,5,38766.82,0.6309,low,0.0
CUST001274,836,excellent,93.29,90.93,99.19,63.29,82.0,89.3392,8.78,11,1,0,0,0,0,1,0,403908.6,0.8174,low,0.5
CUST001275,654,risky,44.19,78.61,64.78,36.36,66.22,59.0236,13.59,2,2,3,0,0,0,0,5,18034.42,0.0262,low,0.0
CUST001276,749,good,56.52,98.99,77.18,47.3,90.88,74.8719,0.93,8,0,3,0,0,0,0,6,8619.18,0.189,low,0.0
CUST001277,805,excellent,87.75,92.45,85.43,47.13,81.16,84.0896,9.35,20,1,0,0,0,0,0,3,111524.08,0.1064,low,0.0
CUST001278,664,risky,40.58,95.65,48.15,71.85,44.32,60.7396,4.42,2,4,4,0,0,0,1,5,133039.79,1.4753,low,0.1667
CUST001279,794,excellent,87.34,98.59,67.89,32.76,86.89,82.2935,5.39,5,1,0,0,0,0,0,3,13423.72,0.0714,low,0.0
CUST001280,858,excellent,90.72,97.11,92.71,92.85,88.8,92.9543,1.6,16,1,0,0,0,0,2,1,218318.97,0.7581,low,0.6667
CUST001281,804,excellent,96.42,89.61,57.58,58.3,89.31,84.0272,2.28,3,1,0,0,0,0,1,2,62992.15,0.4825,low,0.3333
CUST001282,810,excellent,87.08,93.06,77.02,64.16,86.99,85.0629,1.81,5,1,0,0,0,0,1,6,328710.98,0.9084,low,0.1429
CUST001283,824,excellent,89.98,96.29,95.22,38.85,88.16,87.3638,0.32,15,1,0,0,0,0,0,0,35684.77,0.0335,low,0.0
CUST001284,781,excellent,90.99,78.75,48.85,74.29,98.87,80.1163,14.81,1,0,0,0,0,0,1,5,26591.19,0.6505,low,0.1667
CUST001285,809,excellent,85.49,88.18,93.76,49.64,93.53,84.7542,7.19,11,0,0,0,0,0,0,2,76470.41,0.0101,low,0.0
CUST001286,834,excellent,91.79,97.06,91.69,42.06,97.42,88.9457,8.57,15,0,0,0,0,0,0,1,137911.13,0.0715,low,0.0
CUST001287,765,excellent,93.3,88.46,29.26,48.83,90.29,77.4928,9.48,0,0,0,0,0,0,0,5,69684.1,0.0285,low,0.0
CUST001288,826,excellent,89.63,96.52,97.36,36.28,90.56,87.6152,8.11,11,0,0,0,0,0,0,2,502105.44,0.0699,low,0.0
CUST001289,624,high_risk,34.71,62.83,84.59,46.99,55.74,53.9604,46.96,8,4,2,0,0,0,0,0,18038.97,0.1394,low,0.0
CUST001290,809,excellent,97.78,85.17,74.74,42.41,96.69,84.8957,10.22,7,0,0,0,0,0,0,1,102247.31,0.0416,low,0.0
CUST001291,800,excellent,89.03,93.35,57.48,56.79,99.04,83.3707,7.12,2,0,0,0,0,0,1,5,121956.14,0.4622,low,0.1667
CUST001292,686,risky,55.34,97.04,46.08,40.18,48.41,64.2548,1.33,2,3,4,0,0,0,0,2,83124.42,0.0788,low,0.0
CUST001293,822,excellent,93.58,96.36,70.92,60.98,86.17,87.017,3.36,8,1,0,0,0,0,1,3,756198.98,0.4994,low,0.25
CUST001294,765,excellent,55.04,99.11,95.42,77.02,75.49,77.5595,6.3,11,2,4,0,0,0,1,1,84364.23,1.0566,low,0.5
CUST001295,780,excellent,91.34,82.32,61.78,44.39,95.96,79.9693,12.17,2,0,0,0,0,0,0,2,83384.03,0.0971,low,0.0
CUST001296,827,excellent,91.3,92.43,89.72,53.67,93.13,87.8228,3.36,15,0,0,0,0,0,1,2,733862.2,0.4691,low,0.3333
CUST001297,743,good,58.83,99.14,87.96,32.84,70.54,73.8631,0.03,15,2,4,0,0,0,0,3,168585.72,0.1655,low,0.0
CUST001298,833,excellent,96.99,88.53,97.0,43.4,94.07,88.8037,3.87,10,0,0,0,0,0,0,4,196841.71,0.1372,low,0.0
CUST001299,688,risky,44.57,75.89,86.93,45.54,87.85,64.7457,12.88,17,1,4,0,0,0,0,4,64178.19,0.1429,low,0.0
CUST001300,757,excellent,88.4,92.67,33.76,43.23,80.91,76.2182,5.34,0,1,0,0,0,0,0,4,31204.71,0.1371,low,0.0
CUST001301,853,excellent,95.83,99.73,79.91,74.77,92.41,92.1668,2.35,7,0,0,0,0,0,1,7,26337.1,0.6301,low,0.125
CUST001302,829,excellent,97.73,83.39,83.0,65.15,99.19,88.1074,14.96,5,0,0,0,0,0,1,0,181644.14,0.7227,low,0.5
CUST001303,613,high_risk,13.71,92.24,76.05,46.44,36.93,52.2154,9.11,7,5,4,0,1,1,0,1,171426.4,0.4078,low,0.0
CUST001304,773,excellent,97.53,89.16,24.92,49.47,92.31,78.8,7.76,0,0,0,0,0,0,0,4,33740.29,0.0442,low,0.0
CUST001305,811,excellent,93.71,99.73,63.42,46.24,83.61,85.2154,8.37,3,1,0,0,0,0,1,3,441389.64,0.8405,low,0.25
CUST001306,844,excellent,95.3,95.16,89.53,61.45,91.71,90.6493,6.92,15,1,0,0,0,0,1,1,143796.34,0.9067,low,0.5
CUST001307,829,excellent,86.46,97.53,92.07,49.39,98.31,88.0998,4.72,19,0,0,0,0,0,1,6,24712.55,0.6617,low,0.1429
CUST001308,818,excellent,89.66,91.17,94.4,49.97,83.75,86.2639,5.32,12,1,0,0,0,0,1,3,121330.36,0.6248,low,0.25
CUST001309,818,excellent,87.77,86.78,93.12,60.4,96.23,86.384,12.84,12,0,0,0,0,0,1,0,161966.4,0.6039,low,0.5
CUST001310,699,risky,46.26,78.03,90.98,40.93,91.96,66.5361,11.84,20,1,1,0,0,0,0,3,83035.29,0.0317,low,0.0
CUST001311,684,risky,44.88,82.21,72.78,43.63,83.22,63.9751,10.04,5,1,2,0,0,0,0,5,233237.25,0.1832,low,0.0
CUST001312,817,excellent,91.32,91.85,85.58,39.47,98.11,86.1117,4.07,14,0,0,0,0,0,0,6,68049.04,0.0269,low,0.0
CUST001313,844,excellent,91.22,94.12,95.83,77.78,83.82,90.6977,2.53,12,1,0,0,0,0,1,0,116218.01,0.4873,low,0.5
CUST001314,790,excellent,97.15,81.87,53.55,64.72,85.21,81.5899,24.97,2,1,0,0,0,0,1,3,294033.59,0.6102,low,0.25
CUST001315,590,high_risk,14.55,85.2,76.4,37.45,25.46,48.4031,11.4,8,6,7,0,1,1,0,6,363620.49,0.4559,low,0.0
CUST001316,782,excellent,85.21,77.59,90.79,49.78,86.66,80.3638,12.07,10,1,0,0,0,0,0,7,827285.95,0.0884,low,0.0
CUST001317,750,excellent,90.75,88.02,29.04,34.81,90.26,75.03,14.35,0,0,0,0,0,0,0,7,111696.23,0.0304,low,0.0
CUST001318,670,risky,11.54,95.84,97.26,73.97,78.71,61.6473,8.32,20,2,8,1,0,0,1,1,180291.76,1.9325,moderate,0.5
CUST001319,777,excellent,92.32,91.55,56.55,31.14,81.62,79.536,1.9,2,1,0,0,0,0,0,4,756540.11,0.0225,low,0.0
CUST001320,811,excellent,88.5,93.24,53.83,90.59,90.16,85.0934,3.46,2,1,0,0,0,0,2,5,139059.6,0.7938,low,0.2857
CUST001321,798,excellent,86.47,91.63,81.73,30.38,99.35,82.9857,8.22,8,0,0,0,0,0,0,1,27311.96,0.1662,low,0.0
CUST001322,796,excellent,91.32,96.34,45.97,49.61,99.88,82.7077,1.43,3,0,0,0,0,0,1,5,81306.67,0.835,low,0.1667
CUST001323,626,high_risk,23.57,93.58,71.26,32.29,40.46,54.2865,5.72,8,4,6,0,0,1,0,7,121329.88,0.331,low,0.0
CUST001324,832,excellent,86.25,99.5,98.41,48.18,90.24,88.6422,2.97,14,0,0,0,0,0,1,4,130150.43,0.6904,low,0.2
CUST001325,795,excellent,88.96,75.01,86.81,65.1,93.92,82.5626,24.44,18,0,0,0,0,0,1,2,65515.53,0.9488,low,0.3333
CUST001326,761,excellent,90.54,88.08,31.19,43.72,97.36,76.8997,3.96,1,0,0,0,0,0,0,6,22761.45,0.1435,low,0.0
CUST001327,546,high_risk,5.06,96.94,34.95,40.8,7.88,40.9623,8.32,1,7,8,1,0,1,0,5,162447.74,0.3604,low,0.0
CUST001328,741,good,91.5,89.95,15.22,40.88,80.9,73.4708,4.29,0,1,0,0,0,0,0,1,92739.71,0.0049,low,0.0
CUST001329,823,excellent,95.16,88.65,93.76,48.55,84.05,87.2252,2.9,17,1,0,0,0,0,1,5,45028.66,0.8594,low,0.1667
CUST001330,818,excellent,94.69,88.73,89.6,43.13,87.51,86.2643,5.56,16,1,0,0,0,0,0,4,19839.76,0.1094,low,0.0
CUST001331,583,high_risk,4.45,78.91,97.32,34.38,38.64,47.1306,13.4,12,5,4,0,1,1,0,4,89708.56,0.2546,low,0.0
CUST001332,601,high_risk,18.27,81.31,79.91,46.89,26.49,50.1138,12.58,5,5,8,0,0,0,0,5,73623.16,0.4277,low,0.0
CUST001333,818,excellent,92.67,83.99,92.86,53.96,93.9,86.3478,22.02,10,0,0,0,0,0,0,7,753584.46,0.0805,low,0.0
CUST001334,829,excellent,88.95,88.9,76.27,92.76,96.73,88.1932,14.67,5,0,0,0,0,0,2,1,37095.75,0.7926,low,0.6667
CUST001335,765,excellent,93.4,80.72,32.31,58.19,99.4,77.5109,13.02,0,0,0,0,0,0,1,0,354791.8,0.727,low,0.5
CUST001336,793,excellent,91.15,91.42,54.04,49.29,97.37,82.1012,7.1,3,0,0,0,0,0,0,4,122901.7,0.0104,low,0.0
CUST001337,757,excellent,94.81,78.36,46.07,30.07,95.14,76.1257,10.2,2,0,0,0,0,0,0,1,22633.25,0.1277,low,0.0
CUST001338,631,high_risk,14.34,96.17,63.37,78.29,49.72,55.1759,3.27,3,4,7,0,0,0,1,2,560079.12,2.0619,moderate,0.3333
CUST001339,826,excellent,93.98,90.75,98.3,33.46,93.98,87.605,3.14,16,0,0,0,0,0,0,4,82661.44,0.0376,low,0.0
CUST001340,685,risky,43.23,92.53,46.31,44.86,99.2,64.2408,7.1,2,0,4,0,0,0,0,5,48436.42,0.0883,low,0.0
CUST001341,823,excellent,98.97,82.18,94.65,45.76,90.2,87.0849,13.28,10,0,0,0,0,0,1,5,9949.35,0.5285,low,0.1667
CUST001342,780,excellent,93.04,63.95,93.12,52.98,90.65,80.0823,37.23,11,1,0,0,0,0,0,5,17159.61,0.1301,low,0.0
CUST001343,804,excellent,93.49,94.3,52.47,61.7,89.17,83.9716,9.33,3,1,0,0,0,0,1,0,207375.29,0.7115,low,0.5
CUST001344,828,excellent,93.54,98.56,74.22,47.41,98.18,87.9976,9.97,6,0,0,0,0,0,1,5,42042.72,0.6637,low,0.1667
CUST001345,791,excellent,86.12,87.68,65.91,64.3,90.59,81.8209,10.87,7,0,0,0,0,0,2,5,23357.81,0.6921,low,0.2857
CUST001346,622,high_risk,56.07,80.5,15.55,30.69,45.32,53.7071,13.02,0,4,2,0,0,0,0,3,399630.97,0.0894,low,0.0
CUST001347,793,excellent,88.25,89.79,66.62,49.54,94.31,82.2005,4.18,5,0,0,0,0,0,0,5,101484.32,0.0653,low,0.0
CUST001348,815,excellent,96.8,78.68,96.19,45.67,93.87,85.8676,12.73,13,0,0,0,0,0,0,4,113036.99,0.0991,low,0.0
CUST001349,630,high_risk,16.4,91.09,88.48,45.46,40.9,54.9727,4.78,14,6,4,0,0,1,0,5,313058.4,0.218,low,0.0
CUST001350,707,good,61.87,82.83,66.47,31.64,82.26,67.8655,11.61,5,1,4,0,0,0,0,1,66853.52,0.0194,low,0.0
CUST001351,791,excellent,77.52,91.02,66.99,77.66,95.59,81.8129,0.4,9,0,1,0,0,0,1,1,39112.33,0.4385,low,0.5
CUST001352,776,excellent,88.81,92.57,47.93,36.85,95.59,79.2905,5.55,1,0,0,0,0,0,0,4,63168.1,0.0204,low,0.0
CUST001353,845,excellent,89.36,99.45,85.56,78.6,90.86,90.8894,9.47,19,1,0,0,0,0,1,0,182551.63,0.7544,low,0.5
CUST001354,757,excellent,89.17,59.12,74.09,64.12,96.64,76.1347,36.67,5,0,0,0,0,0,0,3,38463.43,0.1462,low,0.0
CUST001355,679,risky,50.46,75.78,85.62,31.72,67.79,63.1873,10.27,13,2,3,0,0,0,0,5,99722.6,0.0496,low,0.0
CUST001356,739,good,87.01,90.16,14.28,45.04,90.18,73.1651,8.27,0,1,0,0,0,0,0,1,441673.97,0.1561,low,0.0
CUST001357,816,excellent,91.28,89.31,91.34,66.13,69.63,86.0216,12.35,11,2,0,0,0,0,1,6,69268.25,0.4147,low,0.1429
CUST001358,811,excellent,86.28,86.54,97.89,55.01,87.5,85.0965,10.63,14,1,0,0,0,0,1,1,29653.67,0.922,low,0.5
CUST001359,824,excellent,87.31,93.63,87.0,65.94,91.03,87.3963,6.13,15,1,0,0,0,0,1,2,55157.42,0.653,low,0.3333
CUST001360,794,excellent,99.28,95.56,27.07,63.32,85.06,82.3177,3.87,0,1,0,0,0,0,1,1,77218.4,0.359,low,0.5
CUST001361,683,risky,41.96,94.63,50.42,67.54,73.73,63.7654,4.13,4,2,4,0,0,0,1,7,253526.68,1.366,low,0.125
CUST001362,739,good,86.63,80.74,28.88,45.25,97.18,73.1178,10.35,0,0,0,0,0,0,0,4,72791.63,0.0674,low,0.0
CUST001363,780,excellent,85.11,87.24,67.93,44.86,94.0,80.0366,10.45,7,0,0,0,0,0,0,1,56510.48,0.0377,low,0.0
CUST001364,625,high_risk,15.57,97.68,48.4,69.42,61.75,54.1328,8.04,3,4,3,0,0,0,1,2,187619.3,2.1455,moderate,0.3333
CUST001365,631,high_risk,27.4,88.43,49.39,48.5,67.36,55.113,13.75,3,2,1,0,0,0,0,6,25552.93,0.1853,low,0.0
CUST001366,808,excellent,95.4,66.19,97.0,71.94,97.0,84.6891,42.3,14,0,0,0,0,0,1,6,216665.69,0.7777,low,0.1429
CUST001367,762,excellent,86.8,68.77,85.1,63.12,68.64,76.9517,40.02,15,2,0,0,0,0,0,5,114303.77,0.0961,low,0.0
CUST001368,846,excellent,99.04,99.19,83.54,42.88,97.82,91.0207,5.0,5,0,0,0,0,0,0,4,22711.31,0.1078,low,0.0
CUST001369,739,good,97.55,56.99,45.05,61.76,89.65,73.1379,44.28,4,1,0,0,0,0,0,5,46254.35,0.0755,low,0.0
CUST001370,832,excellent,98.82,97.88,74.34,49.5,86.46,88.6975,8.08,5,1,0,0,0,0,0,4,114751.25,0.0251,low,0.0
CUST001371,807,excellent,99.61,94.57,71.82,35.25,69.19,84.4524,4.56,6,2,0,0,0,0,0,6,101881.72,0.062,low,0.0
CUST001372,728,good,87.05,45.36,67.78,77.02,93.45,71.2891,51.78,5,0,0,0,0,0,1,7,34045.39,0.8844,low,0.125
CUST001373,809,excellent,77.15,95.35,92.84,60.19,92.06,84.7605,4.76,15,0,0,0,0,0,1,7,132684.87,0.7131,low,0.125
CUST001374,709,good,51.12,85.16,97.6,31.62,69.36,68.1773,14.06,14,2,2,0,0,0,0,1,344771.07,0.1716,low,0.0
CUST001375,827,excellent,93.65,85.7,91.16,61.38,96.02,87.9019,14.25,19,0,0,0,0,0,1,3,192800.46,0.5373,low,0.25
CUST001376,826,excellent,100.0,81.32,93.33,51.59,90.85,87.6387,13.88,15,0,0,0,0,0,1,0,44795.37,0.5843,low,0.5
CUST001377,753,excellent,68.85,89.91,49.75,76.89,92.67,75.4881,11.58,3,0,0,0,0,0,1,5,57187.55,0.913,low,0.1667
CUST001378,700,good,52.11,93.33,54.48,30.73,92.68,66.7491,8.22,4,0,3,0,0,0,0,5,33823.07,0.1265,low,0.0
CUST001379,808,excellent,86.65,99.85,71.04,40.55,96.03,84.5979,7.29,5,0,0,0,0,0,0,2,150014.57,0.1556,low,0.0
CUST001380,798,excellent,96.45,94.11,30.16,68.13,96.33,82.9604,9.01,1,0,0,0,0,0,1,2,135399.18,0.4426,low,0.3333
CUST001381,849,excellent,99.53,87.5,79.38,93.72,91.07,91.4733,13.74,5,0,0,0,0,0,2,6,73483.39,0.3472,low,0.25
CUST001382,806,excellent,85.95,85.32,95.79,48.77,93.6,84.2847,11.75,17,0,0,0,0,0,0,6,262753.66,0.0812,low,0.0
CUST001383,579,high_risk,5.84,91.18,62.17,39.12,38.01,46.4371,7.58,2,5,4,1,1,1,0,0,53978.96,0.6037,low,0.0
CUST001384,831,excellent,96.31,96.69,66.37,63.18,95.49,88.5378,0.78,5,0,0,0,0,0,1,2,29505.89,0.7678,low,0.3333
CUST001385,825,excellent,88.09,90.11,97.77,64.02,85.76,87.5083,5.71,17,1,0,0,0,0,1,4,118916.7,0.7072,low,0.2
CUST001386,760,excellent,93.88,81.56,43.68,36.68,90.86,76.6322,11.64,1,1,0,0,0,0,0,6,43672.4,0.0275,low,0.0
CUST001387,828,excellent,87.57,94.03,78.39,76.24,97.47,87.9909,7.02,6,0,0,0,0,0,1,6,181523.44,0.6635,low,0.1429
CUST001388,786,excellent,87.58,92.07,64.05,32.88,98.67,81.039,9.85,4,0,0,0,0,0,0,3,34001.12,0.0965,low,0.0
CUST001389,832,excellent,94.45,90.98,79.65,79.59,83.85,88.642,8.94,5,1,0,0,0,0,1,6,239006.33,0.9155,low,0.1429
CUST001390,804,excellent,95.69,87.98,69.23,41.74,94.91,83.9363,10.92,9,0,0,0,0,0,0,2,29057.91,0.0729,low,0.0
CUST001391,722,good,63.3,76.25,80.54,35.6,96.22,70.2945,13.28,8,0,3,0,0,0,0,1,66387.31,0.0333,low,0.0
CUST001392,814,excellent,99.43,76.06,76.53,74.54,91.84,85.7326,10.63,9,1,0,0,0,0,1,1,272738.05,0.5002,low,0.5
CUST001393,688,risky,53.25,95.84,63.92,35.86,40.42,64.6032,9.07,3,3,2,0,0,0,0,1,46227.28,0.158,low,0.0
CUST001394,800,excellent,97.48,78.53,85.16,37.58,91.02,83.3112,10.39,20,1,0,0,0,0,0,0,139816.63,0.157,low,0.0
CUST001395,615,high_risk,12.47,81.96,76.16,72.57,58.55,52.4882,14.13,9,4,7,0,0,0,1,0,98238.53,1.938,moderate,0.5
CUST001396,787,excellent,92.31,94.29,51.18,45.94,83.55,81.2212,1.93,2,1,0,0,0,0,0,4,38054.5,0.1356,low,0.0
CUST001397,719,good,39.31,91.74,96.45,47.48,93.14,69.8109,1.3,11,0,2,0,0,0,0,6,81026.2,0.0685,low,0.0
CUST001398,815,excellent,93.74,94.12,60.22,73.48,84.53,85.8797,2.01,4,1,0,0,0,0,1,6,135627.4,0.8154,low,0.1429
CUST001399,775,excellent,76.99,88.28,71.7,58.37,91.94,79.2151,4.94,6,0,1,0,0,0,1,7,126175.66,0.5229,low,0.125
CUST001400,782,excellent,86.53,78.87,88.62,35.79,94.51,80.2703,12.81,20,0,0,0,0,0,0,5,194828.9,0.0239,low,0.0
CUST001401,819,excellent,96.5,94.35,77.34,35.29,92.57,86.4715,0.78,8,0,0,0,0,0,0,1,133481.85,0.1475,low,0.0
CUST001402,778,excellent,91.33,78.18,52.45,63.79,99.75,79.6387,14.07,3,0,0,0,0,0,1,5,326285.52,0.5385,low,0.1667
CUST001403,822,excellent,93.72,99.63,65.34,49.52,95.1,86.954,8.18,5,0,0,0,0,0,0,7,69129.51,0.1132,low,0.0
CUST001404,793,excellent,93.68,73.36,97.6,61.58,66.0,82.1937,32.02,15,2,0,0,0,0,1,3,75702.34,0.9049,low,0.25
CUST001405,785,excellent,85.16,78.39,86.24,48.09,97.99,80.8653,12.36,18,0,0,0,0,0,0,6,101818.6,0.0611,low,0.0
CUST001406,743,good,87.63,87.18,25.29,42.45,90.12,73.8722,11.75,0,0,0,0,0,0,0,1,74308.64,0.1316,low,0.0
CUST001407,777,excellent,85.94,73.13,81.26,62.1,91.36,79.5536,40.24,5,0,0,0,0,0,0,3,13852.7,0.0489,low,0.0
CUST001408,817,excellent,97.42,88.04,96.63,30.98,80.65,86.1637,10.37,10,1,0,0,0,0,0,6,40327.28,0.1331,low,0.0
CUST001409,842,excellent,97.54,95.13,71.85,77.13,90.98,90.2659,8.66,8,0,0,0,0,0,1,2,70141.28,0.4424,low,0.3333
CUST001410,753,excellent,88.66,78.48,60.22,31.5,88.0,75.5592,11.9,2,1,0,0,0,0,0,3,76720.04,0.1197,low,0.0
CUST001411,724,good,64.51,92.15,79.92,31.88,52.44,70.6437,9.29,8,3,2,0,0,0,0,4,223081.52,0.0014,low,0.0
CUST001412,819,excellent,90.93,83.75,98.65,61.8,85.31,86.4581,13.23,11,1,0,0,0,0,1,2,37875.19,0.9989,low,0.3333
CUST001413,790,excellent,99.7,94.68,35.59,49.96,80.82,81.714,2.96,1,1,0,0,0,0,1,1,80127.45,0.3699,low,0.5
CUST001414,772,excellent,75.38,82.58,90.93,48.25,90.49,78.6707,12.99,11,0,1,0,0,0,0,6,159654.5,0.0713,low,0.0
CUST001415,646,high_risk,16.49,88.16,87.03,66.91,67.75,57.7377,7.41,11,2,4,0,0,0,1,7,112754.06,1.3433,low,0.125
CUST001416,827,excellent,97.68,92.12,85.04,38.31,94.37,87.848,4.01,10,0,0,0,0,0,0,6,31724.73,0.1231,low,0.0
CUST001417,770,excellent,99.27,78.31,49.71,35.59,90.43,78.2953,14.01,2,1,0,0,0,0,0,0,47569.16,0.0349,low,0.0
CUST001418,800,excellent,89.45,78.82,96.6,46.43,92.34,83.3189,12.78,13,0,0,0,0,0,0,3,1416150.29,0.1465,low,0.0
CUST001419,688,risky,50.73,98.84,44.35,31.96,74.76,64.7334,9.34,1,2,2,0,0,0,0,2,18399.19,0.1,low,0.0
CUST001420,803,excellent,95.84,81.33,94.61,48.64,68.26,83.8269,11.06,20,2,0,0,0,0,1,0,61672.52,0.6437,low,0.5
CUST001421,601,high_risk,20.57,96.53,36.22,43.57,41.51,50.1009,8.49,1,3,7,0,0,1,0,5,46302.46,0.609,low,0.0
CUST001422,800,excellent,85.83,94.59,69.34,62.13,82.44,83.2737,7.73,9,1,0,0,0,0,1,1,80302.51,0.869,low,0.5
CUST001423,798,excellent,92.02,96.48,47.66,48.98,98.83,83.0807,6.31,1,0,0,0,0,0,0,6,77592.14,0.051,low,0.0
CUST001424,755,excellent,96.49,80.93,23.81,50.78,90.52,75.7529,13.0,0,0,0,0,0,0,1,7,61261.7,0.9411,low,0.125
CUST001425,707,good,41.98,91.36,68.88,75.51,77.95,67.7758,2.33,8,2,1,0,0,0,1,1,41443.71,0.7954,low,0.5
CUST001426,830,excellent,96.7,90.05,90.82,47.91,90.24,88.2967,4.85,19,0,0,0,0,0,1,4,231122.76,0.6143,low,0.2
CUST001427,786,excellent,92.71,81.95,63.43,46.24,98.1,80.9805,13.01,3,0,0,0,0,0,1,7,185306.41,0.9353,low,0.125
CUST001428,627,high_risk,28.7,95.9,33.29,36.96,69.89,54.4949,2.91,0,2,5,0,0,1,0,6,120650.64,0.2458,low,0.0
CUST001429,707,good,52.28,80.23,75.48,67.42,73.83,67.8135,10.27,8,2,4,0,0,0,1,7,136949.18,0.757,low,0.125
CUST001430,814,excellent,88.49,93.42,88.26,43.44,91.02,85.6817,0.53,10,0,0,0,0,0,0,1,64355.92,0.0164,low,0.0
CUST001431,840,excellent,92.75,96.05,98.9,48.77,90.19,90.0069,1.75,10,0,0,0,0,0,0,0,627852.21,0.0656,low,0.0
CUST001432,855,excellent,93.87,99.42,91.51,63.49,97.32,92.4897,9.59,16,0,0,0,0,0,1,3,52527.97,0.5579,low,0.25
CUST001433,693,risky,43.14,93.04,75.31,38.04,74.34,65.5442,1.65,5,2,3,0,0,0,0,1,25071.27,0.0449,low,0.0
CUST001434,828,excellent,97.49,91.01,87.36,38.21,96.52,88.0028,7.24,19,0,0,0,0,0,0,7,760696.17,0.1502,low,0.0
CUST001435,828,excellent,86.98,95.86,94.13,50.52,95.85,87.9577,6.6,16,0,0,0,0,0,1,1,599294.64,0.5061,low,0.5
CUST001436,640,high_risk,41.35,81.98,51.57,36.06,62.19,56.6271,14.8,3,4,4,0,0,0,0,4,24952.67,0.167,low,0.0
CUST001437,753,excellent,92.27,80.69,51.69,30.79,82.48,75.5813,11.57,4,1,0,0,0,0,0,2,30604.99,0.0068,low,0.0
CUST001438,806,excellent,88.78,97.0,76.59,34.78,91.95,84.3333,9.32,7,0,0,0,0,0,0,5,83888.01,0.1318,low,0.0
CUST001439,735,good,68.31,92.02,46.17,44.71,96.41,72.5526,8.84,1,0,0,0,0,0,0,4,60929.3,0.1015,low,0.0
CUST001440,823,excellent,88.9,92.31,99.26,35.99,98.17,87.1122,3.98,13,0,0,0,0,0,0,5,91037.98,0.0648,low,0.0
CUST001441,785,excellent,90.3,91.16,57.58,40.19,92.26,80.8352,9.41,2,0,0,0,0,0,0,3,43246.23,0.0945,low,0.0
CUST001442,775,excellent,88.42,83.27,68.69,40.6,88.26,79.1145,10.95,8,1,0,0,0,0,0,4,125651.06,0.0873,low,0.0
CUST001443,632,high_risk,42.33,99.58,10.73,39.74,49.87,55.2629,9.78,0,3,3,0,0,0,0,7,80480.58,0.211,low,0.0
CUST001444,828,excellent,85.82,90.82,98.86,63.12,96.55,88.0792,3.64,11,0,0,0,0,0,1,7,78315.02,0.5773,low,0.125
CUST001445,657,risky,15.15,97.47,95.49,66.28,50.29,59.5227,3.03,18,3,3,0,0,0,1,0,181042.95,1.5503,moderate,0.5
CUST001446,636,high_risk,40.87,68.23,75.34,59.44,40.43,56.0594,46.34,9,4,2,0,0,0,0,5,200576.88,0.1951,low,0.0
CUST001447,817,excellent,97.77,91.62,72.16,45.41,90.76,86.1459,2.23,7,0,0,0,0,0,0,2,672251.56,0.059,low,0.0
CUST001448,801,excellent,86.26,96.78,65.2,49.21,96.19,83.5423,6.45,5,0,0,0,0,0,0,0,55236.34,0.0769,low,0.0
CUST001449,800,excellent,77.11,97.32,96.62,32.84,93.43,83.3065,7.0,18,0,1,0,0,0,0,2,39806.44,0.0549,low,0.0
CUST001450,754,excellent,72.72,88.17,72.87,44.56,84.35,75.7232,0.81,5,1,1,0,0,0,0,4,120607.47,0.0351,low,0.0
CUST001451,605,high_risk,13.7,95.57,54.36,40.0,52.49,50.8671,2.96,4,3,5,0,0,1,0,4,18918.0,0.3545,low,0.0
CUST001452,807,excellent,91.9,87.56,87.94,48.6,80.96,84.5813,11.0,10,1,0,0,0,0,0,6,51315.18,0.1106,low,0.0
CUST001453,647,high_risk,51.35,90.53,25.27,35.92,52.42,57.756,7.19,0,3,4,0,0,0,0,5,237043.42,0.1224,low,0.0
CUST001454,793,excellent,90.5,81.28,84.38,43.08,91.57,82.178,10.36,5,1,0,0,0,0,0,1,83887.3,0.1472,low,0.0
CUST001455,817,excellent,92.22,91.26,86.08,38.17,97.6,86.1423,3.24,11,0,0,0,0,0,0,1,59999.03,0.0748,low,0.0
CUST001456,765,excellent,97.2,76.98,71.44,40.95,56.31,77.5567,13.17,5,3,0,0,0,0,0,2,286921.24,0.0939,low,0.0
CUST001457,749,good,88.84,79.62,46.83,32.3,96.79,74.9128,10.64,2,0,0,0,0,0,0,4,154239.95,0.0281,low,0.0
CUST001458,772,excellent,71.19,99.7,63.09,63.58,80.26,78.6728,9.71,2,1,1,0,0,0,1,4,221174.16,0.8769,low,0.2
CUST001459,839,excellent,92.92,95.16,96.96,61.38,80.99,89.8518,5.53,14,1,0,0,0,0,1,3,34313.06,0.4468,low,0.25
CUST001460,837,excellent,94.77,95.21,89.29,49.99,94.44,89.5692,8.62,19,0,0,0,0,0,0,3,48445.62,0.1096,low,0.0
CUST001461,758,excellent,71.86,91.07,43.89,76.33,96.04,76.2926,0.69,1,0,0,0,0,0,2,3,405474.78,0.5497,low,0.4
CUST001462,818,excellent,88.1,87.98,87.77,64.7,94.95,86.3593,14.31,14,0,0,0,0,0,1,3,355289.4,0.5497,low,0.25
CUST001463,798,excellent,92.85,75.79,73.84,76.14,91.4,83.0637,10.74,8,0,0,0,0,0,1,4,1373909.29,0.3681,low,0.2
CUST001464,736,good,65.32,82.31,68.42,48.89,98.79,72.5857,11.17,7,0,1,0,0,0,1,1,51876.62,0.5956,low,0.5
CUST001465,831,excellent,98.87,90.54,86.3,46.81,90.82,88.4722,4.61,15,0,0,0,0,0,0,3,188916.19,0.0952,low,0.0
CUST001466,822,excellent,87.55,97.27,89.64,47.99,89.71,87.0381,7.6,15,1,0,0,0,0,0,4,19416.79,0.0814,low,0.0
CUST001467,833,excellent,88.42,87.61,98.48,80.15,88.63,88.8789,14.75,14,1,0,0,0,0,2,2,42758.92,0.63,low,0.5
CUST001468,825,excellent,91.38,92.04,72.48,70.99,99.55,87.5211,5.99,7,0,0,0,0,0,1,0,42329.04,0.6722,low,0.5
CUST001469,794,excellent,87.53,82.83,77.55,56.47,96.0,82.3636,27.99,6,0,0,0,0,0,0,3,52116.68,0.0893,low,0.0
CUST001470,808,excellent,88.68,79.64,92.62,61.0,97.41,84.6626,12.31,15,0,0,0,0,0,0,4,173432.5,0.068,low,0.0
CUST001471,677,risky,34.37,90.02,77.22,31.19,91.7,62.9081,9.3,5,1,3,0,0,0,0,5,70299.22,0.1861,low,0.0
CUST001472,671,risky,28.45,89.75,72.62,60.17,90.23,61.8156,7.4,6,1,1,0,0,0,1,2,141606.23,1.0484,low,0.3333
CUST001473,815,excellent,96.78,90.85,88.32,31.23,83.84,85.882,4.61,15,1,0,0,0,0,0,6,85264.9,0.0594,low,0.0
CUST001474,828,excellent,89.25,93.57,80.14,77.12,90.15,88.0541,3.85,8,0,0,0,0,0,2,2,276461.67,0.4696,low,0.5
CUST001475,749,good,89.5,89.76,16.28,42.75,97.98,74.766,12.79,0,0,0,0,0,0,0,4,21719.77,0.1253,low,0.0
CUST001476,736,good,73.38,98.01,30.67,44.19,85.39,72.6432,1.58,0,1,0,0,0,0,0,7,41679.08,0.1409,low,0.0
CUST001477,760,excellent,85.14,81.34,41.28,71.54,91.72,76.7188,14.4,1,1,0,0,0,0,1,6,22029.98,0.7289,low,0.1429
CUST001478,814,excellent,90.16,99.71,48.01,76.9,92.84,85.6446,4.02,3,0,0,0,0,0,1,3,95235.86,0.7985,low,0.25
CUST001479,831,excellent,91.53,88.27,83.61,78.58,96.3,88.5484,13.17,7,0,0,0,0,0,2,6,122912.23,0.7952,low,0.25
CUST001480,816,excellent,91.13,94.08,83.91,36.94,96.54,86.0555,1.07,7,0,0,0,0,0,0,2,90490.74,0.016,low,0.0
CUST001481,627,high_risk,16.36,90.27,89.62,33.69,48.13,54.4291,9.83,11,3,4,0,0,1,0,6,139957.63,0.2545,low,0.0
CUST001482,809,excellent,98.85,99.77,48.38,39.53,90.28,84.7692,1.03,1,1,0,0,0,0,0,2,33315.4,0.1361,low,0.0
CUST001483,826,excellent,88.43,99.01,90.49,44.42,90.04,87.6737,6.55,14,0,0,0,0,0,0,1,96832.88,0.0244,low,0.0
CUST001484,798,excellent,89.38,94.29,70.91,43.91,84.1,83.0075,4.85,9,1,0,0,0,0,0,7,192709.71,0.0434,low,0.0
CUST001485,765,excellent,89.65,87.57,45.14,33.91,97.5,77.5617,14.61,2,0,0,0,0,0,0,0,198960.05,0.1161,low,0.0
CUST001486,812,excellent,91.54,86.58,92.24,35.36,98.65,85.2517,11.16,18,0,0,0,0,0,0,2,12730.1,0.0148,low,0.0
CUST001487,808,excellent,93.12,92.86,52.44,64.64,98.02,84.5834,3.15,3,0,0,0,0,0,1,6,298822.56,0.7748,low,0.1429
CUST001488,844,excellent,98.82,99.02,90.38,44.58,83.34,90.6412,2.13,14,1,0,0,0,0,0,1,41343.61,0.1317,low,0.0
CUST001489,689,risky,64.76,82.64,55.15,46.21,44.95,64.8473,13.68,2,3,3,0,0,0,0,7,123925.95,0.0502,low,0.0
CUST001490,806,excellent,97.43,79.4,85.13,54.44,82.22,84.3566,11.36,18,1,0,0,0,0,1,0,50201.76,0.9547,low,0.5
CUST001491,772,excellent,96.55,83.96,41.5,47.18,87.76,78.698,12.39,1,1,0,0,0,0,1,2,48340.37,0.8572,low,0.3333
CUST001492,827,excellent,98.23,98.5,67.79,47.96,90.05,87.902,1.01,6,0,0,0,0,0,0,2,254014.99,0.1488,low,0.0
CUST001493,836,excellent,88.97,96.71,87.0,64.36,96.52,89.2892,3.11,15,0,0,0,0,0,1,5,121175.0,0.4403,low,0.1667
CUST001494,797,excellent,85.89,85.02,90.55,63.85,73.64,82.8985,10.66,20,2,0,0,0,0,1,4,67673.49,0.7804,low,0.2
CUST001495,837,excellent,99.83,90.12,89.68,55.79,84.23,89.4302,3.4,12,1,0,0,0,0,1,4,26166.96,0.496,low,0.2
CUST001496,849,excellent,94.82,94.21,85.71,76.31,96.24,91.5624,5.77,11,0,0,0,0,0,1,0,147271.28,0.4608,low,0.5
CUST001497,824,excellent,85.08,91.96,85.13,77.36,94.92,87.3637,4.47,14,0,0,0,0,0,1,6,170416.68,0.6854,low,0.1429
CUST001498,772,excellent,68.21,93.42,84.04,59.59,82.82,78.7477,5.77,6,1,1,0,0,0,1,2,50303.28,0.4849,low,0.3333
CUST001499,727,good,71.11,64.85,66.1,69.57,99.22,71.139,33.77,5,0,0,0,0,0,1,4,22878.92,0.3661,low,0.2
CUST001500,825,excellent,90.03,90.48,84.13,70.96,90.85,87.4557,4.29,5,1,0,0,0,0,1,5,205249.67,0.5596,low,0.1667
CUST001501,830,excellent,98.19,96.35,78.85,48.31,84.75,88.4056,5.46,8,1,0,0,0,0,1,2,253940.16,0.7796,low,0.3333
CUST001502,704,good,57.47,92.96,65.5,49.1,46.62,67.4002,0.07,8,4,2,0,0,0,0,3,104114.58,0.0351,low,0.0
CUST001503,829,excellent,94.02,91.6,92.94,47.01,90.59,88.0873,0.45,17,0,0,0,0,0,1,7,54478.11,0.4794,low,0.125
CUST001504,784,excellent,96.87,83.08,45.21,53.03,97.65,80.6783,23.43,1,0,0,0,0,0,0,6,175718.46,0.0795,low,0.0
CUST001505,776,excellent,95.28,85.4,45.12,47.61,87.76,79.2754,12.33,1,1,0,0,0,0,0,4,29655.24,0.165,low,0.0
CUST001506,606,high_risk,43.97,43.46,74.69,59.44,55.04,51.0803,67.67,6,3,3,0,0,0,0,5,179084.16,0.2006,low,0.0
CUST001507,661,risky,60.62,40.91,86.98,59.66,75.96,60.0978,64.96,20,2,3,0,0,0,0,6,47582.13,0.1021,low,0.0
CUST001508,769,excellent,74.97,87.7,88.94,33.22,88.76,78.0886,12.19,18,1,0,0,0,0,0,0,511220.24,0.0985,low,0.0
CUST001509,793,excellent,94.77,95.41,47.89,34.11,98.38,82.226,2.08,2,0,0,0,0,0,0,5,116696.89,0.1141,low,0.0
CUST001510,798,excellent,89.14,93.77,69.37,35.82,96.42,82.9588,0.48,9,0,0,0,0,0,0,3,123604.45,0.0357,low,0.0
CUST001511,612,high_risk,10.56,88.53,88.0,72.39,22.47,51.9422,3.5,13,5,4,0,0,0,1,0,43013.58,1.5654,moderate,0.5
CUST001512,760,excellent,74.68,91.61,66.94,30.65,99.46,76.6739,8.66,8,0,1,0,0,0,0,5,145534.2,0.1236,low,0.0
CUST001513,561,high_risk,2.84,78.05,66.49,49.29,42.61,43.5742,11.0,9,3,3,1,1,1,0,1,50938.44,0.2784,low,0.0
CUST001514,683,risky,46.77,80.69,99.24,40.55,42.77,63.7928,14.93,12,3,4,0,0,0,0,7,67986.35,0.1237,low,0.0
CUST001515,736,good,95.38,78.08,18.95,38.2,91.16,72.5845,13.25,0,0,0,0,0,0,0,3,22363.08,0.0829,low,0.0
CUST001516,750,excellent,96.67,82.07,16.51,47.3,92.83,74.9446,11.67,0,0,0,0,0,0,0,7,350049.08,0.1158,low,0.0
CUST001517,726,good,65.22,99.92,32.71,49.97,82.99,71.0049,4.72,1,1,1,0,0,0,0,1,52588.19,0.095,low,0.0
CUST001518,696,risky,42.21,90.93,79.68,64.87,55.2,66.0125,9.12,8,4,2,0,0,0,1,7,111704.43,0.7949,low,0.125
CUST001519,593,high_risk,12.26,96.05,35.87,63.07,49.98,48.792,2.4,1,3,7,0,0,0,1,3,179366.12,1.2175,low,0.25
CUST001520,787,excellent,85.93,89.16,82.12,38.86,81.49,81.1752,4.39,6,1,0,0,0,0,0,4,10974.59,0.025,low,0.0
CUST001521,688,risky,26.48,94.13,86.19,75.63,76.16,64.6133,0.75,10,2,4,0,0,0,1,0,9697.25,1.7715,moderate,0.5
CUST001522,835,excellent,97.25,97.38,87.72,46.84,81.17,89.2117,9.49,16,1,0,0,0,0,0,4,502568.56,0.0395,low,0.0
CUST001523,797,excellent,96.49,97.29,45.58,31.75,98.48,82.817,1.43,1,0,0,0,0,0,0,1,57681.81,0.1403,low,0.0
CUST001524,764,excellent,75.01,77.66,97.1,41.1,90.28,77.2547,14.67,15,1,0,0,0,0,0,2,121651.0,0.1268,low,0.0
CUST001525,822,excellent,85.34,96.26,99.91,40.69,91.96,87.0,8.09,10,1,0,0,0,0,0,0,31766.99,0.1132,low,0.0
CUST001526,794,excellent,97.1,82.68,72.43,36.45,90.16,82.3127,12.26,8,0,0,0,0,0,0,2,29244.36,0.1461,low,0.0
CUST001527,817,excellent,85.84,95.24,97.28,31.3,97.73,86.1097,2.32,15,0,0,0,0,0,0,1,107561.12,0.02,low,0.0
CUST001528,856,excellent,99.01,96.69,98.53,45.32,96.79,92.6494,0.44,12,0,0,0,0,0,0,4,111008.0,0.0175,low,0.0
CUST001529,808,excellent,85.74,92.84,89.19,41.43,92.99,84.6834,3.28,15,0,0,0,0,0,0,0,308070.09,0.0339,low,0.0
CUST001530,829,excellent,89.97,94.89,91.72,47.22,97.39,88.1738,5.0,11,0,0,0,0,0,0,2,109903.73,0.0443,low,0.0
CUST001531,828,excellent,94.69,99.9,53.73,75.92,92.59,88.0212,9.91,4,0,0,0,0,0,1,1,71011.14,0.8152,low,0.5
CUST001532,630,high_risk,13.38,90.88,97.94,46.59,36.46,54.9451,3.78,16,5,8,0,0,1,0,0,117457.99,0.2369,low,0.0
CUST001533,796,excellent,93.66,89.93,55.66,49.75,95.35,82.621,5.42,3,0,0,0,0,0,0,7,94017.61,0.0151,low,0.0
CUST001534,817,excellent,87.94,98.86,77.44,55.73,85.9,86.2146,8.23,9,1,0,0,0,0,1,2,101293.96,0.4707,low,0.3333
CUST001535,650,risky,47.05,90.54,10.01,37.51,94.98,58.3783,7.44,0,0,4,0,0,0,0,1,47637.87,0.0256,low,0.0
CUST001536,804,excellent,93.55,88.86,72.94,45.32,90.94,83.9683,25.77,5,0,0,0,0,0,0,0,12283.47,0.0288,low,0.0
CUST001537,753,excellent,72.87,78.37,67.29,66.31,97.08,75.4493,11.72,7,0,0,0,0,0,1,4,840870.09,0.4929,low,0.2
CUST001538,813,excellent,91.19,89.72,93.57,35.35,90.93,85.4957,9.65,11,0,0,0,0,0,0,6,112654.59,0.1029,low,0.0
CUST001539,620,high_risk,26.73,79.71,73.05,32.69,58.41,53.3337,10.97,5,4,6,0,0,1,0,1,47340.89,0.5744,low,0.0
CUST001540,795,excellent,94.4,93.67,46.11,49.09,95.47,82.5138,6.63,1,0,0,0,0,0,0,1,83122.88,0.0737,low,0.0
CUST001541,819,excellent,95.43,88.05,85.26,39.33,99.89,86.5267,7.5,13,0,0,0,0,0,0,7,69784.51,0.0946,low,0.0
CUST001542,782,excellent,90.06,85.29,67.54,31.12,99.14,80.2683,13.59,7,0,0,0,0,0,0,7,47220.86,0.0778,low,0.0
CUST001543,819,excellent,88.41,90.84,95.99,49.31,90.38,86.5617,8.47,12,0,0,0,0,0,0,7,45870.34,0.1548,low,0.0
CUST001544,754,excellent,68.76,84.59,65.01,78.4,86.61,75.6974,12.33,9,1,0,0,0,0,1,7,141082.48,0.5568,low,0.125
CUST001545,752,excellent,61.06,98.3,92.13,44.63,61.42,75.2829,2.21,12,4,4,0,0,0,0,0,42980.98,0.1751,low,0.0
CUST001546,805,excellent,78.73,99.48,85.75,44.53,94.29,84.1424,8.25,20,0,0,0,0,0,0,7,105542.08,0.0759,low,0.0
CUST001547,819,excellent,93.22,81.85,77.96,85.01,91.73,86.5498,13.6,9,0,0,0,0,0,2,5,57789.07,0.6163,low,0.2857
CUST001548,567,high_risk,18.96,94.67,24.96,30.63,26.58,44.5048,2.85,0,5,7,1,0,1,0,5,82062.0,0.1931,low,0.0
CUST001549,762,excellent,96.68,89.52,24.93,31.42,93.57,76.9324,6.88,0,0,0,0,0,0,0,6,106340.35,0.1534,low,0.0
CUST001550,779,excellent,87.01,80.26,77.2,45.45,91.64,79.8223,14.82,7,0,0,0,0,0,0,4,38899.32,0.0851,low,0.0
CUST001551,783,excellent,85.14,88.37,72.14,46.52,86.56,80.4408,13.09,5,1,0,0,0,0,0,0,90409.1,0.0677,low,0.0
CUST001552,857,excellent,93.51,95.54,88.72,84.16,96.78,92.7931,9.38,10,0,0,0,0,0,2,5,58760.6,0.7429,low,0.2857
CUST001553,720,good,58.59,99.04,81.65,48.18,26.39,69.9216,9.04,8,5,2,0,0,0,0,3,26714.15,0.2133,low,0.0
CUST001554,762,excellent,95.51,89.91,30.44,31.2,88.41,76.9261,2.39,0,1,0,0,0,0,0,3,85801.78,0.0412,low,0.0
CUST001555,833,excellent,92.63,95.88,84.31,78.36,71.79,88.8469,8.6,6,2,0,0,0,0,1,3,13620.17,0.894,low,0.25
CUST001556,786,excellent,87.22,88.1,84.86,46.6,66.76,81.0206,8.25,8,2,0,0,0,0,0,3,98555.79,0.0659,low,0.0
CUST001557,807,excellent,91.72,97.47,63.79,36.25,99.05,84.441,3.52,2,0,0,0,0,0,0,0,195455.89,0.1314,low,0.0
CUST001558,687,risky,54.35,97.64,30.27,31.47,84.42,64.4435,0.08,0,1,2,0,0,0,0,2,64025.19,0.1847,low,0.0
CUST001559,592,high_risk,3.84,77.67,99.64,46.19,43.87,48.5968,10.45,12,3,7,0,1,1,0,2,451654.31,0.4148,low,0.0
CUST001560,713,good,44.32,94.42,79.86,30.59,99.95,68.8722,1.65,9,0,1,0,0,0,0,5,55834.27,0.1901,low,0.0
CUST001561,687,risky,49.19,88.52,78.72,34.11,55.18,64.5128,9.06,9,3,2,0,0,0,0,5,471495.81,0.0848,low,0.0
CUST001562,798,excellent,75.5,96.99,94.24,39.77,93.27,82.9621,3.06,11,0,1,0,0,0,0,4,134804.78,0.117,low,0.0
CUST001563,705,good,45.97,88.68,94.15,44.17,62.44,67.4766,14.26,20,3,4,0,0,0,0,0,105731.01,0.2122,low,0.0
CUST001564,828,excellent,94.48,86.92,93.25,58.29,91.16,88.075,11.23,15,0,0,0,0,0,1,4,57331.37,0.91,low,0.2
CUST001565,795,excellent,95.48,89.05,46.72,57.67,95.71,82.4801,6.63,3,0,0,0,0,0,1,1,88844.82,0.6109,low,0.5
CUST001566,786,excellent,86.63,88.57,93.07,30.5,70.29,80.9329,7.58,10,2,0,0,0,0,0,0,329116.54,0.098,low,0.0
CUST001567,838,excellent,98.84,99.25,61.23,64.81,95.68,89.601,3.48,3,0,0,0,0,0,1,1,388279.64,0.9223,low,0.5
CUST001568,738,good,85.84,89.8,13.18,44.22,96.5,73.0344,8.65,0,0,0,0,0,0,0,4,411702.54,0.1189,low,0.0
CUST001569,765,excellent,86.85,92.87,31.82,48.39,96.93,77.561,5.89,1,0,0,0,0,0,0,7,232215.9,0.1466,low,0.0
CUST001570,724,good,70.44,98.31,26.29,34.41,91.93,70.7239,7.45,0,1,1,0,0,0,0,7,63670.75,0.0797,low,0.0
CUST001571,732,good,44.23,94.71,82.3,77.08,90.55,72.002,8.33,9,1,3,0,0,0,1,2,151134.32,1.0913,low,0.3333
CUST001572,733,good,96.53,70.78,14.06,55.28,94.28,72.0844,43.28,0,0,0,0,0,0,0,5,31985.79,0.0497,low,0.0
CUST001573,726,good,66.28,92.22,37.93,49.82,94.2,70.958,1.85,1,0,1,0,0,0,0,0,304585.07,0.0334,low,0.0
CUST001574,818,excellent,88.96,96.34,89.78,31.08,97.51,86.3615,8.76,15,0,0,0,0,0,0,1,48652.89,0.0499,low,0.0
CUST001575,786,excellent,97.4,82.41,51.78,44.43,99.46,80.9713,10.58,4,0,0,0,0,0,0,1,152183.31,0.0366,low,0.0
CUST001576,-1,no_history,56.69,93.14,11.5,48.65,78.15,62.1904,3.72,0,2,3,0,0,0,0,6,369901.99,0.1225,low,0.0
CUST001577,825,excellent,91.87,94.46,90.67,47.78,85.96,87.4663,2.3,14,1,0,0,0,0,0,3,275468.92,0.125,low,0.0
CUST001578,794,excellent,98.9,79.33,76.01,44.39,80.59,82.315,11.95,8,1,0,0,0,0,0,4,406291.33,0.1499,low,0.0
CUST001579,717,good,86.51,77.11,23.29,35.54,90.99,69.5568,14.7,0,1,0,0,0,0,0,4,32849.61,0.0559,low,0.0
CUST001580,844,excellent,94.48,93.03,86.78,76.58,90.86,90.7373,1.47,17,0,0,0,0,0,2,0,253562.17,0.5275,low,0.6667
CUST001581,741,good,72.72,92.56,51.99,39.49,84.67,73.435,3.86,2,1,1,0,0,0,0,2,190905.45,0.0829,low,0.0
CUST001582,749,good,90.42,80.79,45.05,31.73,90.54,74.87,14.64,2,1,0,0,0,0,0,2,71526.03,0.1046,low,0.0
CUST001583,738,good,51.58,96.2,90.54,60.19,74.5,72.9635,1.82,20,2,4,0,0,0,1,1,267526.19,1.2774,low,0.5
CUST001584,715,good,50.2,81.97,94.78,38.42,90.15,69.2338,12.84,10,1,1,0,0,0,0,4,531317.49,0.2016,low,0.0
CUST001585,835,excellent,94.88,98.9,88.22,39.09,91.13,89.1342,7.36,19,0,0,0,0,0,0,6,87986.69,0.1058,low,0.0
CUST001586,801,excellent,85.65,95.08,54.18,69.24,99.98,83.5505,2.19,3,0,0,0,0,0,1,6,58347.51,0.9917,low,0.1429
CUST001587,842,excellent,97.67,96.93,89.69,48.63,87.74,90.3534,2.24,11,1,0,0,0,0,0,4,226251.32,0.0587,low,0.0
CUST001588,733,good,62.31,88.74,69.08,49.41,83.84,72.1193,8.22,9,1,2,0,0,0,0,0,141418.51,0.1373,low,0.0
CUST001589,825,excellent,94.06,99.6,80.22,36.02,90.41,87.4771,0.29,6,0,0,0,0,0,0,3,45898.9,0.0215,low,0.0
CUST001590,824,excellent,97.76,90.25,91.61,34.0,89.71,87.4036,7.71,11,1,0,0,0,0,0,1,35808.36,0.0324,low,0.0
CUST001591,804,excellent,91.61,96.42,68.28,33.19,95.03,84.0526,6.3,7,0,0,0,0,0,0,6,538182.71,0.1016,low,0.0
CUST001592,848,excellent,99.74,92.54,82.18,78.04,84.93,91.2959,6.89,6,1,0,0,0,0,1,3,157822.03,0.7013,low,0.25
CUST001593,819,excellent,91.39,94.61,85.64,40.42,91.78,86.4359,7.94,20,1,0,0,0,0,0,6,82106.96,0.0108,low,0.0
CUST001594,802,excellent,87.7,86.62,94.06,36.38,93.1,83.7383,13.19,20,0,0,0,0,0,0,7,70774.34,0.0623,low,0.0
CUST001595,704,good,38.15,95.43,95.75,48.02,61.07,67.2545,7.53,11,4,1,0,0,0,0,4,266601.12,0.2186,low,0.0
CUST001596,711,good,43.86,93.66,76.93,42.11,93.05,68.5064,3.13,7,0,4,0,0,0,0,1,175141.49,0.2223,low,0.0
CUST001597,793,excellent,88.94,97.22,61.81,43.79,82.69,82.2169,9.41,2,1,0,0,0,0,0,5,86846.85,0.1165,low,0.0
CUST001598,782,excellent,92.26,75.48,71.58,55.63,90.5,80.2837,13.24,9,0,0,0,0,0,1,1,29171.48,0.359,low,0.5
CUST001599,686,risky,50.48,71.82,65.21,66.06,87.7,64.3718,35.86,8,1,4,0,0,0,1,6,32286.8,0.8771,low,0.1429
CUST001600,804,excellent,87.29,86.08,92.51,51.36,86.54,84.0449,11.27,19,1,0,0,0,0,1,1,243564.41,0.8985,low,0.5
CUST001601,817,excellent,97.54,81.86,88.49,58.67,83.71,86.2064,11.63,11,1,0,0,0,0,1,5,81159.16,0.806,low,0.1667
CUST001602,788,excellent,89.66,88.84,70.45,40.42,87.29,81.3732,4.47,6,1,0,0,0,0,0,1,24302.67,0.0426,low,0.0
CUST001603,817,excellent,98.09,88.26,90.6,36.64,81.27,86.1901,13.76,14,1,0,0,0,0,0,4,142514.55,0.0931,low,0.0
CUST001604,669,risky,21.87,96.75,96.55,47.08,55.89,61.4583,6.01,20,4,5,0,0,1,0,2,864036.11,0.2769,low,0.0
CUST001605,815,excellent,95.43,92.54,90.61,38.92,72.54,85.8979,3.58,10,2,0,0,0,0,0,3,242755.1,0.1085,low,0.0
CUST001606,806,excellent,92.4,94.84,68.97,38.53,92.72,84.2635,4.43,5,0,0,0,0,0,0,1,399244.69,0.1408,low,0.0
CUST001607,742,good,87.63,88.77,18.42,45.14,90.57,73.6351,9.56,0,1,0,0,0,0,0,2,146373.41,0.1523,low,0.0
CUST001608,833,excellent,95.78,99.04,82.36,51.81,80.24,88.7919,9.82,5,1,0,0,0,0,1,7,27551.2,0.7569,low,0.125
CUST001609,746,good,93.68,75.12,48.66,32.74,85.02,74.3979,11.32,1,1,0,0,0,0,0,1,80627.06,0.1584,low,0.0
CUST001610,851,excellent,98.33,95.83,86.01,73.77,84.27,91.8704,1.13,17,1,0,0,0,0,1,5,705585.6,0.4887,low,0.1667
CUST001611,788,excellent,88.18,77.88,89.4,52.81,84.7,81.3891,17.7,12,1,0,0,0,0,0,3,155631.15,0.1463,low,0.0
CUST001612,800,excellent,93.84,95.47,55.02,49.72,86.84,83.3936,6.27,4,1,0,0,0,0,0,1,129385.68,0.0174,low,0.0
CUST001613,825,excellent,89.47,94.15,93.38,47.71,91.2,87.458,6.37,10,1,0,0,0,0,0,3,446187.27,0.0057,low,0.0
CUST001614,654,risky,25.42,97.56,85.77,48.44,31.23,58.9964,9.7,14,6,7,0,0,0,0,4,277102.84,0.4188,low,0.0
CUST001615,829,excellent,90.99,98.32,83.6,49.03,93.64,88.149,1.52,5,0,0,0,0,0,0,7,95511.14,0.1123,low,0.0
CUST001616,810,excellent,88.31,90.99,91.57,31.23,99.99,85.0643,3.74,11,0,0,0,0,0,0,5,20762.02,0.0065,low,0.0
CUST001617,812,excellent,95.4,76.55,94.23,49.57,98.25,85.2727,12.88,11,0,0,0,0,0,0,0,45762.98,0.0144,low,0.0
CUST001618,797,excellent,96.44,84.84,54.25,58.92,95.86,82.8221,23.15,3,0,0,0,0,0,0,0,101120.35,0.1468,low,0.0
CUST001619,758,excellent,87.22,89.49,46.47,33.47,86.05,76.2954,2.25,1,1,0,0,0,0,0,5,281003.7,0.1136,low,0.0
CUST001620,732,good,85.46,83.91,26.1,40.48,89.15,71.9612,14.17,0,1,0,0,0,0,0,1,139172.61,0.0821,low,0.0
CUST001621,793,excellent,88.15,90.14,78.75,31.57,92.56,82.1178,6.24,7,0,0,0,0,0,0,0,78459.6,0.1032,low,0.0
CUST001622,640,high_risk,32.92,96.16,19.61,48.8,84.58,56.6487,4.53,0,1,2,0,0,0,0,5,99609.26,0.137,low,0.0
CUST001623,657,risky,48.44,45.02,95.67,56.94,90.37,59.5406,69.87,12,1,4,0,0,0,0,4,628083.54,0.0252,low,0.0
CUST001624,803,excellent,99.9,89.2,54.58,47.95,90.99,83.8053,9.35,2,0,0,0,0,0,0,2,420723.46,0.1486,low,0.0
CUST001625,819,excellent,89.09,92.63,98.97,36.36,91.02,86.5545,2.71,20,0,0,0,0,0,0,7,244123.26,0.0739,low,0.0
CUST001626,762,excellent,87.83,90.66,39.2,41.02,91.59,77.079,8.52,1,1,0,0,0,0,0,1,85021.8,0.1325,low,0.0
CUST001627,750,excellent,91.55,79.9,31.56,49.88,92.77,75.0106,14.29,1,0,0,0,0,0,1,4,174112.2,0.869,low,0.2
CUST001628,829,excellent,97.21,97.78,78.05,40.16,90.39,88.1188,3.85,8,1,0,0,0,0,0,5,453522.7,0.0188,low,0.0
CUST001629,816,excellent,95.68,91.6,75.06,46.36,91.4,86.0024,1.98,9,0,0,0,0,0,0,1,39429.66,0.0657,low,0.0
CUST001630,765,excellent,86.17,80.36,66.55,33.33,98.59,77.4415,10.39,8,0,0,0,0,0,0,6,282509.95,0.0982,low,0.0
CUST001631,841,excellent,99.08,98.91,94.93,30.97,85.16,90.2043,6.92,15,1,0,0,0,0,0,2,23730.25,0.0356,low,0.0
CUST001632,799,excellent,97.37,92.03,50.83,46.31,92.73,83.2176,1.63,2,0,0,0,0,0,0,4,19337.68,0.0675,low,0.0
CUST001633,792,excellent,85.55,81.04,95.35,45.89,88.2,81.967,14.34,11,1,0,0,0,0,0,7,96627.54,0.1655,low,0.0
CUST001634,858,excellent,98.22,92.06,89.34,89.45,86.08,92.9481,4.78,20,1,0,0,0,0,2,0,39507.95,0.4743,low,0.6667
CUST001635,770,excellent,98.62,98.04,13.42,47.57,76.07,78.3092,1.93,0,2,0,0,0,0,0,6,60955.42,0.1112,low,0.0
CUST001636,760,excellent,99.3,75.13,40.76,39.79,92.87,76.6728,13.41,1,0,0,0,0,0,0,4,85265.32,0.1516,low,0.0
CUST001637,793,excellent,72.96,88.81,94.7,89.34,68.25,82.144,5.2,13,2,1,0,0,0,2,0,59639.31,0.7777,low,0.6667
CUST001638,689,risky,47.79,90.24,78.46,41.25,51.68,64.8605,7.36,8,3,1,0,0,0,0,5,198224.58,0.08,low,0.0
CUST001639,804,excellent,87.42,94.96,77.69,42.42,90.21,84.003,1.06,6,0,0,0,0,0,0,4,884063.75,0.0137,low,0.0
CUST001640,822,excellent,96.36,83.56,89.83,64.63,82.45,86.976,14.29,10,1,0,0,0,0,1,6,57285.94,0.9774,low,0.1429
CUST001641,650,risky,10.88,88.69,96.04,48.68,85.93,58.2832,8.29,11,1,8,0,0,1,0,0,67365.06,0.4232,low,0.0
CUST001642,797,excellent,90.58,84.31,86.23,33.35,95.94,82.8575,12.72,12,0,0,0,0,0,0,3,109861.58,0.0692,low,0.0
CUST001643,744,good,47.2,99.46,84.08,66.77,83.53,73.9976,0.92,9,1,2,0,0,0,1,1,124288.25,0.8013,low,0.5
CUST001644,790,excellent,88.39,81.16,87.11,45.24,88.36,81.7115,11.89,10,1,0,0,0,0,1,6,157566.39,0.4828,low,0.1429
CUST001645,834,excellent,93.69,89.4,97.64,59.29,88.59,89.0452,5.52,11,1,0,0,0,0,1,2,349524.99,0.4781,low,0.3333
CUST001646,622,high_risk,19.93,88.99,71.38,35.82,56.64,53.625,13.44,7,3,7,0,0,1,0,6,286529.5,0.602,low,0.0
CUST001647,675,risky,61.4,75.64,30.75,41.87,94.63,62.4446,11.52,1,0,4,0,0,0,0,5,31036.43,0.0104,low,0.0
CUST001648,787,excellent,86.79,89.96,50.24,76.71,86.48,81.2205,5.03,4,1,0,0,0,0,2,0,34623.49,0.6847,low,0.6667
CUST001649,799,excellent,90.47,93.02,68.71,38.22,94.95,83.1924,1.96,7,0,0,0,0,0,0,0,40307.45,0.1399,low,0.0
CUST001650,649,high_risk,58.99,39.78,91.6,45.5,72.18,58.091,56.95,17,2,3,0,0,0,0,6,813014.21,0.1759,low,0.0
CUST001651,760,excellent,71.34,78.37,96.41,62.43,75.25,76.7088,28.46,12,2,1,0,0,0,1,3,277527.2,0.8733,low,0.25
CUST001652,805,excellent,93.51,94.99,66.85,39.75,89.75,84.2027,4.21,5,1,0,0,0,0,0,0,109695.79,0.074,low,0.0
CUST001653,785,excellent,78.36,89.85,67.7,67.46,96.2,80.904,3.92,8,0,1,0,0,0,1,5,104381.69,0.7161,low,0.1667
CUST001654,830,excellent,94.85,89.22,94.38,48.77,94.13,88.412,1.7,20,0,0,0,0,0,0,5,110726.09,0.1126,low,0.0
CUST001655,667,risky,30.56,93.48,81.42,61.45,50.07,61.1058,8.32,6,3,2,0,0,0,1,7,144431.33,1.2986,low,0.125
CUST001656,599,high_risk,14.17,94.13,51.25,46.15,43.71,49.873,6.21,4,4,0,1,1,1,0,2,96717.12,0.1862,low,0.0
CUST001657,737,good,96.55,59.86,48.88,52.76,83.97,72.7561,43.46,4,1,0,0,0,0,1,5,134440.51,0.8475,low,0.1667
CUST001658,601,high_risk,13.17,93.77,45.03,43.17,63.31,50.1442,5.22,2,4,6,1,0,1,0,4,61003.18,0.4298,low,0.0
CUST001659,800,excellent,96.66,88.6,63.63,39.98,93.58,83.3131,12.14,2,0,0,0,0,0,0,7,175136.56,0.1277,low,0.0
CUST001660,783,excellent,93.76,92.05,34.79,49.43,98.75,80.4664,7.52,0,0,0,0,0,0,0,5,77668.45,0.0228,low,0.0
CUST001661,790,excellent,86.89,99.38,54.49,34.62,97.85,81.6479,4.45,2,0,0,0,0,0,0,6,78876.97,0.1204,low,0.0
CUST001662,851,excellent,93.56,99.49,87.87,73.19,86.62,91.757,0.27,13,1,0,0,0,0,1,5,214117.63,0.7536,low,0.1667
CUST001663,837,excellent,90.25,99.7,94.47,41.32,96.91,89.4918,5.45,18,0,0,0,0,0,0,3,449829.4,0.1444,low,0.0
CUST001664,771,excellent,89.01,88.14,57.31,40.66,82.21,78.4783,2.72,2,1,0,0,0,0,0,4,44718.64,0.0988,low,0.0
CUST001665,768,excellent,88.03,88.25,43.44,47.06,95.29,78.034,5.62,1,0,0,0,0,0,0,1,82890.74,0.0299,low,0.0
CUST001666,858,excellent,97.9,95.11,86.95,80.03,91.13,92.9567,2.24,12,1,0,0,0,0,2,5,81978.08,0.4157,low,0.2857
CUST001667,824,excellent,98.38,90.55,83.7,32.56,99.84,87.3933,4.7,5,0,0,0,0,0,0,3,169994.06,0.1596,low,0.0
CUST001668,828,excellent,96.67,90.2,88.12,46.23,92.09,87.9428,5.86,12,0,0,0,0,0,0,0,95413.23,0.1483,low,0.0
CUST001669,817,excellent,94.68,90.89,61.4,77.72,88.08,86.1954,0.84,3,1,0,0,0,0,1,6,49729.1,0.9483,low,0.1429
CUST001670,841,excellent,92.56,89.81,98.61,65.3,95.46,90.2052,7.34,14,0,0,0,0,0,1,4,245911.41,0.3615,low,0.2
CUST001671,833,excellent,94.89,97.77,92.38,33.37,91.29,88.867,2.68,15,0,0,0,0,0,0,4,392428.17,0.1662,low,0.0
CUST001672,823,excellent,91.12,98.21,91.7,35.95,83.97,87.1005,7.55,10,1,0,0,0,0,0,1,17091.72,0.137,low,0.0
CUST001673,813,excellent,99.29,89.78,73.54,30.46,97.55,85.5159,7.62,7,0,0,0,0,0,0,2,208584.37,0.0681,low,0.0
CUST001674,689,risky,29.46,98.52,93.52,36.83,72.56,64.8354,3.47,18,2,4,0,0,0,0,5,228870.54,0.0117,low,0.0
CUST001675,728,good,63.07,93.65,51.23,44.38,90.51,71.3441,4.44,2,1,1,0,0,0,0,7,73333.93,0.1325,low,0.0
CUST001676,756,excellent,62.13,93.24,88.17,34.61,95.67,75.971,5.61,20,0,3,0,0,0,0,6,80344.18,0.0529,low,0.0
CUST001677,787,excellent,97.39,82.91,54.95,45.63,94.78,81.2448,13.87,3,0,0,0,0,0,0,6,53419.04,0.1424,low,0.0
CUST001678,789,excellent,97.77,94.25,36.51,37.06,98.82,81.5598,8.59,1,0,0,0,0,0,0,5,68843.77,0.1351,low,0.0
CUST001679,636,high_risk,41.0,84.68,20.55,43.09,89.21,56.0667,10.77,0,1,1,0,0,0,0,5,32484.9,0.1539,low,0.0
CUST001680,668,risky,28.71,92.15,95.99,74.54,28.48,61.3902,6.16,12,5,8,0,0,0,1,4,90438.76,1.8569,moderate,0.2
CUST001681,811,excellent,94.52,95.09,66.82,35.7,99.67,85.1683,0.0,5,0,0,0,0,0,0,2,70420.08,0.0884,low,0.0
CUST001682,803,excellent,94.15,95.22,66.81,30.3,92.0,83.771,4.74,7,0,0,0,0,0,0,4,319681.68,0.0517,low,0.0
CUST001683,822,excellent,97.47,99.22,77.2,32.58,83.11,87.0313,6.01,6,1,0,0,0,0,0,1,45952.36,0.0403,low,0.0
CUST001684,832,excellent,90.18,97.27,70.43,75.9,97.35,88.6347,7.1,7,0,0,0,0,0,2,4,244950.69,0.9445,low,0.3333
CUST001685,786,excellent,88.57,94.02,59.15,39.53,90.13,81.0429,4.82,2,0,0,0,0,0,0,2,229366.82,0.1644,low,0.0
CUST001686,795,excellent,78.65,92.22,71.47,66.22,99.0,82.4349,9.84,6,0,0,0,0,0,1,3,332197.39,0.7134,low,0.25
CUST001687,837,excellent,93.45,94.67,87.9,57.06,95.51,89.5497,6.64,16,0,0,0,0,0,1,0,155124.24,0.6776,low,0.5
CUST001688,699,risky,57.31,81.27,77.52,45.21,58.31,66.4187,14.05,7,3,3,0,0,0,0,4,481327.3,0.1924,low,0.0
CUST001689,731,good,49.38,95.57,69.9,64.76,89.85,71.8982,6.02,5,1,1,0,0,0,1,3,136216.07,0.7272,low,0.25
CUST001690,804,excellent,89.66,87.05,93.01,36.41,88.75,83.9614,12.09,16,1,0,0,0,0,0,5,32894.18,0.034,low,0.0
CUST001691,772,excellent,88.99,76.22,76.11,49.29,82.67,78.6267,13.01,8,1,0,0,0,0,0,1,332197.9,0.053,low,0.0
CUST001692,800,excellent,85.18,80.63,92.6,62.25,92.93,83.4083,11.07,15,0,0,0,0,0,1,6,82945.52,0.91,low,0.1429
CUST001693,827,excellent,86.64,98.07,92.68,42.91,98.79,87.8184,7.27,13,0,0,0,0,0,0,7,187757.68,0.0799,low,0.0
CUST001694,846,excellent,92.86,97.81,86.85,64.2,97.75,91.0663,8.71,14,0,0,0,0,0,1,7,656182.76,0.8272,low,0.125
CUST001695,818,excellent,92.74,88.82,89.92,38.99,98.83,86.3768,1.71,11,0,0,0,0,0,0,1,90997.26,0.0096,low,0.0
CUST001696,694,risky,65.66,76.88,47.81,30.14,94.64,65.6937,14.96,1,0,0,0,0,0,0,2,252592.51,0.1448,low,0.0
CUST001697,587,high_risk,5.66,98.23,64.03,35.47,32.52,47.8532,9.19,3,6,6,1,0,1,0,5,300887.65,0.3617,low,0.0
CUST001698,742,good,55.79,89.26,92.28,47.52,86.99,73.5957,0.11,12,1,3,0,0,0,0,4,185527.85,0.1253,low,0.0
CUST001699,833,excellent,90.82,98.96,97.32,32.37,95.36,88.8446,4.51,11,0,0,0,0,0,0,0,49077.94,0.1019,low,0.0
CUST001700,743,good,91.89,91.13,12.72,41.92,83.12,73.9141,2.43,0,1,0,0,0,0,0,2,74161.41,0.0278,low,0.0
CUST001701,815,excellent,87.67,88.0,97.44,49.37,92.11,85.8477,7.76,14,0,0,0,0,0,0,4,14980.92,0.0378,low,0.0
CUST001702,594,high_risk,21.46,89.45,48.11,33.74,41.01,49.0382,8.57,1,4,5,0,0,1,0,5,366036.19,0.2674,low,0.0
CUST001703,804,excellent,85.83,95.11,67.08,59.35,93.65,83.935,1.83,8,0,0,0,0,0,1,7,71762.34,0.4153,low,0.125
CUST001704,636,high_risk,41.86,78.33,76.41,32.62,31.0,55.9736,13.23,8,5,4,0,0,0,0,1,36890.17,0.077,low,0.0
CUST001705,794,excellent,86.83,89.28,88.56,45.12,73.3,82.2987,12.96,13,2,0,0,0,0,0,6,1036264.79,0.0622,low,0.0
CUST001706,790,excellent,85.05,89.15,89.08,32.14,86.59,81.7471,6.24,20,1,0,0,0,0,0,2,76419.28,0.1512,low,0.0
CUST001707,819,excellent,87.69,96.55,90.47,36.39,96.52,86.5164,9.66,14,0,0,0,0,0,0,7,83060.48,0.0464,low,0.0
CUST001708,782,excellent,98.81,92.53,20.8,54.22,95.14,80.3967,8.05,0,0,0,0,0,0,1,5,234968.23,0.8652,low,0.1667
CUST001709,797,excellent,90.85,89.97,70.4,40.86,94.34,82.8684,14.06,8,0,0,0,0,0,0,7,177438.69,0.0977,low,0.0
CUST001710,777,excellent,85.12,96.99,49.56,41.26,89.86,79.4353,7.51,2,1,0,0,0,0,0,3,127711.29,0.1521,low,0.0
CUST001711,666,risky,50.18,99.41,11.37,48.23,71.34,61.0493,7.15,0,2,4,0,0,0,0,7,74587.42,0.179,low,0.0
CUST001712,696,risky,69.79,91.27,15.07,47.46,71.29,65.9441,5.77,0,2,0,0,0,0,0,4,448129.05,0.1635,low,0.0
CUST001713,764,excellent,94.52,98.58,26.29,40.22,66.69,77.2916,2.9,0,2,0,0,0,0,0,4,26240.88,0.0749,low,0.0
CUST001714,811,excellent,94.88,95.95,64.65,45.59,88.51,85.099,1.59,2,1,0,0,0,0,0,5,143576.44,0.0602,low,0.0
CUST001715,701,good,37.15,92.79,87.16,39.89,89.91,66.8931,6.55,16,1,1,0,0,0,0,7,231624.44,0.072,low,0.0
CUST001716,829,excellent,93.19,89.61,85.32,76.17,82.2,88.1337,9.85,11,1,0,0,0,0,1,4,280836.84,0.5881,low,0.2
CUST001717,755,excellent,89.71,90.45,28.78,46.67,82.65,75.7812,8.28,0,1,0,0,0,0,0,2,76779.25,0.0682,low,0.0
CUST001718,723,good,52.83,91.99,89.7,30.34,78.94,70.4711,6.56,20,2,1,0,0,0,0,2,149973.74,0.2475,low,0.0
CUST001719,670,risky,15.66,97.22,94.83,69.03,69.41,61.7169,3.77,12,2,7,0,0,0,1,7,470097.21,1.8735,moderate,0.125
CUST001720,-1,no_history,96.2,98.4,18.02,34.94,96.05,78.9904,0.77,0,0,0,0,0,0,0,4,71829.41,0.1195,low,0.0
CUST001721,795,excellent,94.29,87.81,73.23,36.4,84.75,82.4457,12.78,9,1,0,0,0,0,0,5,72022.23,0.0159,low,0.0
CUST001722,838,excellent,97.59,83.6,97.4,63.25,95.68,89.7389,29.95,11,0,0,0,0,0,1,4,73386.79,0.5534,low,0.2
CUST001723,808,excellent,92.48,99.47,73.11,33.19,81.37,84.6312,6.32,5,1,0,0,0,0,0,1,30343.66,0.147,low,0.0
CUST001724,649,high_risk,14.07,83.17,87.26,71.44,89.85,58.0931,14.69,15,1,7,0,0,0,1,0,150192.74,1.9733,moderate,0.5
CUST001725,787,excellent,92.71,77.43,87.35,36.11,87.28,81.1186,10.38,15,1,0,0,0,0,0,5,42179.96,0.1496,low,0.0
CUST001726,651,risky,14.77,97.3,98.61,49.77,43.73,58.5018,1.24,10,3,5,0,0,1,0,1,130197.49,0.4908,low,0.0
CUST001727,728,good,53.73,96.6,68.96,41.81,90.41,71.3502,1.72,9,1,3,0,0,0,0,0,240806.04,0.114,low,0.0
CUST001728,681,risky,49.52,91.39,52.0,48.79,60.95,63.5238,5.98,3,3,1,0,0,0,0,5,952548.32,0.2124,low,0.0
CUST001729,771,excellent,94.28,88.4,50.53,31.98,82.2,78.5142,13.56,2,1,0,0,0,0,0,1,142458.76,0.0251,low,0.0
CUST001730,784,excellent,91.5,88.36,43.44,58.3,98.67,80.748,12.93,1,0,0,0,0,0,1,2,27273.53,0.7878,low,0.3333
CUST001731,799,excellent,90.51,75.77,98.4,47.63,92.72,83.2062,12.26,19,0,0,0,0,0,0,0,161364.08,0.0806,low,0.0
CUST001732,724,good,91.11,77.57,17.35,47.1,82.11,70.6815,10.3,0,1,0,0,0,0,0,1,136982.5,0.0094,low,0.0
CUST001733,833,excellent,88.82,97.89,98.24,44.47,92.71,88.9078,2.15,17,0,0,0,0,0,0,0,80604.0,0.1058,low,0.0
CUST001734,832,excellent,91.72,98.59,96.13,44.52,80.89,88.64,0.93,18,1,0,0,0,0,0,5,28662.4,0.1131,low,0.0
CUST001735,779,excellent,77.54,76.8,99.37,49.12,97.54,79.7512,13.95,12,0,0,0,0,0,0,0,125894.67,0.1366,low,0.0
CUST001736,791,excellent,98.01,97.42,30.46,40.34,97.04,81.8389,4.69,0,0,0,0,0,0,0,4,197271.99,0.1555,low,0.0
CUST001737,625,high_risk,12.23,91.26,85.28,48.3,49.47,54.229,8.94,16,4,5,0,0,1,0,1,143275.7,0.3191,low,0.0
CUST001738,676,risky,37.45,90.53,96.72,33.47,45.27,62.6482,3.35,15,3,4,0,0,0,0,6,71109.52,0.1511,low,0.0
CUST001739,788,excellent,86.43,82.1,92.29,46.07,79.96,81.3252,12.26,10,2,0,0,0,0,0,4,48867.1,0.1519,low,0.0
CUST001740,634,high_risk,13.4,90.84,98.08,31.69,58.87,55.7097,1.87,14,3,8,0,1,1,0,2,17191.81,0.6265,low,0.0
CUST001741,815,excellent,96.17,89.55,75.05,44.82,95.67,85.8313,10.41,8,0,0,0,0,0,0,5,146884.6,0.0832,low,0.0
CUST001742,858,excellent,95.62,98.04,85.06,92.38,81.53,93.0307,2.65,11,1,0,0,0,0,2,6,209677.49,0.4834,low,0.25
CUST001743,626,high_risk,30.19,81.11,52.62,31.58,83.58,54.3089,10.5,3,1,1,0,0,0,0,1,206569.05,0.1936,low,0.0
CUST001744,785,excellent,90.15,88.63,68.65,43.12,81.05,80.8572,14.43,9,1,0,0,0,0,0,4,51016.16,0.006,low,0.0
CUST001745,815,excellent,85.71,93.86,92.94,46.47,91.18,85.8607,7.54,16,0,0,0,0,0,0,7,67347.86,0.1127,low,0.0
CUST001746,689,risky,35.0,83.19,96.38,76.91,64.05,64.7599,11.05,12,3,2,0,0,0,1,1,322281.95,1.1619,low,0.5
CUST001747,836,excellent,90.67,97.07,92.93,64.77,80.68,89.343,4.78,16,1,0,0,0,0,1,0,62317.91,0.4399,low,0.5
CUST001748,838,excellent,96.39,94.53,96.57,34.44,96.48,89.6747,4.05,17,0,0,0,0,0,0,5,136066.96,0.1363,low,0.0
CUST001749,785,excellent,86.12,81.02,69.59,64.37,95.52,80.8755,12.32,6,0,0,0,0,0,1,3,117437.38,0.9429,low,0.25
CUST001750,681,risky,40.04,79.48,88.96,42.82,80.48,63.5312,10.48,12,1,2,0,0,0,0,6,35512.12,0.0121,low,0.0
CUST001751,704,good,54.67,75.73,88.1,72.21,59.93,67.2824,13.22,13,3,1,0,0,0,1,0,196217.46,1.0732,low,0.5
CUST001752,811,excellent,87.65,91.9,87.42,49.09,89.39,85.2067,6.03,20,1,0,0,0,0,1,0,91140.54,0.7097,low,0.5
CUST001753,850,excellent,97.6,92.82,90.44,74.78,86.31,91.6804,5.17,14,1,0,0,0,0,1,6,37356.59,0.5217,low,0.1429
CUST001754,775,excellent,87.49,83.65,62.41,49.99,90.62,79.1393,11.49,3,0,0,0,0,0,0,2,18287.48,0.1108,low,0.0
CUST001755,764,excellent,86.53,96.9,29.87,48.17,86.8,77.3313,7.19,0,1,0,0,0,0,0,2,747819.45,0.1209,low,0.0
CUST001756,841,excellent,87.08,97.6,87.18,75.56,97.16,90.1066,7.0,13,0,0,0,0,0,1,2,183577.36,0.588,low,0.3333
CUST001757,797,excellent,92.02,83.78,98.4,39.17,67.57,82.7734,14.56,11,2,0,0,0,0,0,4,11438.24,0.013,low,0.0
CUST001758,601,high_risk,20.32,78.21,75.78,39.56,43.16,50.2161,14.43,5,6,8,0,0,1,0,7,267584.5,0.3082,low,0.0
CUST001759,708,good,43.22,85.43,87.19,77.08,74.14,67.9571,11.43,12,2,4,0,0,0,1,0,291815.5,1.3191,low,0.5
CUST001760,733,good,87.78,92.46,15.82,33.82,80.01,72.2165,7.6,0,1,0,0,0,0,0,3,162296.19,0.1322,low,0.0
CUST001761,814,excellent,99.98,76.39,91.12,44.0,97.64,85.7426,13.55,11,0,0,0,0,0,0,4,64524.98,0.1305,low,0.0
CUST001762,767,excellent,86.68,92.03,37.71,46.82,95.36,77.8194,9.7,1,0,0,0,0,0,0,1,101317.12,0.1614,low,0.0
CUST001763,736,good,94.04,76.16,21.92,42.33,93.62,72.6448,13.17,0,0,0,0,0,0,0,1,72433.9,0.1026,low,0.0
CUST001764,811,excellent,94.59,86.22,93.1,37.03,85.22,85.1628,14.98,17,1,0,0,0,0,0,3,220577.42,0.0867,low,0.0
CUST001765,757,excellent,87.57,75.69,62.09,40.13,94.43,76.1259,12.72,3,0,0,0,0,0,0,2,184224.86,0.1393,low,0.0
CUST001766,758,excellent,97.19,89.12,13.78,44.34,91.53,76.4055,12.1,0,0,0,0,0,0,0,3,143772.27,0.1015,low,0.0
CUST001767,797,excellent,90.82,90.46,70.27,38.76,95.24,82.8668,1.84,6,0,0,0,0,0,0,6,283441.02,0.0878,low,0.0
CUST001768,820,excellent,77.91,96.4,98.34,61.5,96.03,86.6937,5.62,14,0,0,0,0,0,2,7,240044.26,0.8869,low,0.2222
CUST001769,775,excellent,90.45,94.14,38.29,43.81,92.05,79.2291,3.53,1,0,0,0,0,0,0,4,55243.24,0.0975,low,0.0
CUST001770,819,excellent,92.58,88.76,94.52,55.51,78.06,86.5684,2.06,14,2,0,0,0,0,1,5,181862.57,0.7776,low,0.1667
CUST001771,842,excellent,91.95,99.97,98.82,44.21,89.11,90.328,6.01,11,1,0,0,0,0,0,7,209837.21,0.0527,low,0.0
CUST001772,830,excellent,88.05,97.9,85.21,54.34,98.89,88.2938,1.7,11,0,0,0,0,0,1,3,227994.8,0.5707,low,0.25
CUST001773,787,excellent,85.33,90.85,82.55,31.26,84.95,81.1249,8.66,5,1,0,0,0,0,0,7,20147.67,0.0935,low,0.0
CUST001774,777,excellent,94.42,79.01,43.99,62.55,98.83,79.4854,10.23,1,0,0,0,0,0,1,6,60506.34,0.3764,low,0.1429
CUST001775,851,excellent,93.43,97.48,81.85,76.47,99.81,91.8492,1.59,8,0,0,0,0,0,2,4,36143.65,0.8931,low,0.3333
CUST001776,809,excellent,93.63,84.68,68.56,73.01,90.07,84.7639,13.78,5,0,0,0,0,0,1,7,37777.88,0.7315,low,0.125
CUST001777,839,excellent,94.61,99.1,91.95,35.01,97.34,89.8709,3.48,16,0,0,0,0,0,0,2,109524.04,0.0805,low,0.0
CUST001778,804,excellent,89.92,76.21,94.67,62.29,92.34,83.9979,11.3,14,0,0,0,0,0,1,1,336038.45,0.4952,low,0.5
CUST001779,813,excellent,87.92,89.24,91.32,44.47,97.53,85.4428,1.57,15,0,0,0,0,0,0,1,246947.44,0.1287,low,0.0
CUST001780,790,excellent,93.84,76.73,85.27,44.26,85.66,81.6451,13.79,13,1,0,0,0,0,0,6,171327.72,0.1475,low,0.0
CUST001781,646,high_risk,17.11,96.59,98.4,39.24,40.6,57.7089,9.77,17,3,6,0,0,1,0,2,419543.88,0.5468,low,0.0
CUST001782,758,excellent,85.82,75.48,72.71,35.39,92.03,76.3312,10.32,5,0,0,0,0,0,0,2,50826.37,0.0106,low,0.0
CUST001783,784,excellent,97.63,76.8,62.51,43.53,97.85,80.7236,13.14,2,0,0,0,0,0,0,1,26688.97,0.1216,low,0.0
CUST001784,858,excellent,91.51,91.16,99.52,93.25,93.46,92.9747,4.33,12,0,0,0,0,0,2,3,359443.47,0.4368,low,0.4
CUST001785,728,good,43.82,99.48,92.06,43.07,80.06,71.3002,0.34,12,1,2,0,0,0,0,1,357409.03,0.1937,low,0.0
CUST001786,802,excellent,85.2,89.25,97.49,30.66,93.75,83.6577,0.62,19,0,0,0,0,0,0,7,178635.33,0.1475,low,0.0
CUST001787,551,high_risk,0.43,93.97,39.95,41.31,33.47,41.8127,2.55,1,5,0,0,1,1,0,3,295163.78,0.2512,low,0.0
CUST001788,784,excellent,85.53,80.8,62.05,74.82,96.89,80.6514,10.49,3,0,0,0,0,0,1,6,58297.72,0.7805,low,0.1429
CUST001789,758,excellent,74.26,81.87,75.05,49.38,95.91,76.3384,10.95,7,0,1,0,0,0,0,0,130190.14,0.1372,low,0.0
CUST001790,825,excellent,88.74,97.91,85.8,46.94,94.62,87.4551,9.7,20,0,0,0,0,0,0,2,134296.3,0.0149,low,0.0
CUST001791,812,excellent,95.07,88.76,91.98,32.63,83.37,85.297,10.82,15,1,0,0,0,0,0,5,60389.68,0.0315,low,0.0
CUST001792,824,excellent,92.29,92.1,92.13,44.0,92.42,87.3927,3.7,18,0,0,0,0,0,0,0,114947.68,0.0927,low,0.0
CUST001793,799,excellent,91.15,91.68,97.56,39.1,52.63,83.2125,3.9,17,3,0,0,0,0,0,5,1148905.32,0.0873,low,0.0
CUST001794,788,excellent,97.47,92.17,46.53,32.52,92.91,81.2886,7.7,1,0,0,0,0,0,0,6,68771.88,0.0744,low,0.0
CUST001795,821,excellent,96.1,91.08,76.48,45.0,99.02,86.8322,2.82,8,0,0,0,0,0,0,4,52779.93,0.1578,low,0.0
CUST001796,716,good,54.01,87.41,71.54,43.09,91.52,69.3164,12.87,6,1,2,0,0,0,0,4,133073.94,0.1948,low,0.0
CUST001797,808,excellent,93.29,88.73,73.57,65.93,77.29,84.6299,14.9,7,2,0,0,0,0,1,7,51609.38,0.571,low,0.125
CUST001798,788,excellent,86.76,99.4,60.1,30.46,91.05,81.3517,4.76,3,0,0,0,0,0,0,4,175274.87,0.1056,low,0.0
CUST001799,790,excellent,67.26,99.95,93.8,44.09,96.7,81.674,6.62,14,0,1,0,0,0,0,5,155358.78,0.0268,low,0.0
CUST001800,838,excellent,89.47,89.38,98.64,78.38,89.25,89.6878,10.2,14,1,0,0,0,0,1,6,163014.7,0.8727,low,0.1429
CUST001801,739,good,69.31,86.62,70.44,40.66,82.28,73.1043,11.71,8,1,1,0,0,0,0,3,136535.65,0.1464,low,0.0
CUST001802,663,risky,42.15,95.68,59.49,35.18,45.36,60.4348,9.73,4,3,2,0,0,0,0,7,114309.48,0.1081,low,0.0
CUST001803,729,good,89.58,76.17,26.27,48.29,85.51,71.525,11.18,0,1,0,0,0,0,0,5,123060.48,0.1615,low,0.0
CUST001804,675,risky,25.78,96.44,93.06,39.21,66.84,62.5168,3.9,19,2,4,0,0,0,0,5,33410.43,0.0925,low,0.0
CUST001805,772,excellent,94.34,80.39,54.91,41.2,91.93,78.6875,14.95,2,0,0,0,0,0,0,4,39000.46,0.0492,low,0.0
CUST001806,807,excellent,99.16,90.21,53.11,47.22,99.68,84.4276,6.8,3,0,0,0,0,0,1,1,122898.44,0.5293,low,0.5
CUST001807,770,excellent,90.38,76.96,66.16,42.15,93.93,78.2523,13.05,5,0,0,0,0,0,0,6,255174.04,0.0699,low,0.0
CUST001808,757,excellent,94.88,68.26,55.44,57.69,84.66,76.2356,37.81,3,1,0,0,0,0,0,3,335610.7,0.1307,low,0.0
CUST001809,644,high_risk,41.74,56.91,82.73,60.4,81.25,57.2581,41.26,9,1,1,0,0,0,1,2,104449.53,1.0113,low,0.3333
CUST001810,765,excellent,90.54,87.57,49.59,37.55,83.93,77.5468,13.63,1,1,0,0,0,0,0,7,368993.01,0.0697,low,0.0
CUST001811,819,excellent,99.52,91.58,74.38,33.41,96.78,86.481,0.96,6,0,0,0,0,0,0,4,188436.14,0.0337,low,0.0
CUST001812,770,excellent,87.44,88.49,34.26,63.38,96.38,78.2674,9.91,1,0,0,0,0,0,1,3,548493.63,0.8236,low,0.25
CUST001813,785,excellent,89.25,84.23,79.58,31.56,91.78,80.7753,14.13,5,0,0,0,0,0,0,4,51432.71,0.0938,low,0.0
CUST001814,826,excellent,96.66,88.23,86.94,46.66,95.99,87.6057,11.86,18,0,0,0,0,0,0,6,297601.35,0.0201,low,0.0
CUST001815,574,high_risk,0.57,80.84,86.36,40.07,42.64,45.6742,10.8,14,3,1,1,1,1,0,4,130317.23,0.2808,low,0.0
CUST001816,791,excellent,68.41,98.63,88.94,59.25,91.06,81.9061,1.46,10,0,1,0,0,0,1,6,224536.21,0.5181,low,0.1429
CUST001817,736,good,61.81,93.76,69.9,38.51,85.01,72.5981,1.21,9,1,3,0,0,0,0,5,26921.12,0.0023,low,0.0
CUST001818,643,high_risk,29.81,75.88,73.87,47.09,82.41,57.2284,11.04,5,1,3,0,0,0,0,5,516297.94,0.113,low,0.0
CUST001819,656,risky,41.95,79.35,52.54,38.5,90.55,59.2748,11.99,4,0,1,0,0,0,0,7,205197.72,0.1275,low,0.0
CUST001820,797,excellent,91.18,87.79,59.79,62.91,93.56,82.8642,13.61,2,0,0,0,0,0,1,3,185253.31,0.8464,low,0.25
CUST001821,771,excellent,99.07,77.24,46.6,46.76,89.3,78.4426,10.43,2,1,0,0,0,0,1,3,394069.59,0.9764,low,0.25
CUST001822,681,risky,46.2,96.59,49.8,37.76,71.45,63.5387,5.94,1,2,2,0,0,0,0,3,139420.08,0.1271,low,0.0
CUST001823,692,risky,46.22,86.84,92.95,46.95,44.5,65.3154,12.28,13,3,3,0,0,0,0,1,85794.39,0.2432,low,0.0
CUST001824,814,excellent,95.01,80.3,77.94,80.8,84.98,85.6134,10.73,7,1,0,0,0,0,3,7,62211.36,0.9789,low,0.3
CUST001825,721,good,47.89,91.23,97.78,34.88,79.29,70.214,2.85,15,2,1,0,0,0,0,2,152571.7,0.1857,low,0.0
CUST001826,727,good,85.01,80.25,33.77,31.95,91.11,71.198,13.14,0,1,0,0,0,0,0,0,185803.44,0.0741,low,0.0
CUST001827,804,excellent,86.35,96.25,83.56,33.92,89.63,83.9852,6.01,6,1,0,0,0,0,0,5,14612.83,0.1332,low,0.0
CUST001828,640,high_risk,47.61,94.75,27.42,31.54,43.15,56.6686,4.08,0,5,2,0,0,0,0,2,78390.04,0.2139,low,0.0
CUST001829,765,excellent,94.54,79.06,46.43,53.6,83.97,77.5298,11.16,1,1,0,0,0,0,1,5,216909.87,0.8601,low,0.1667
CUST001830,801,excellent,87.86,89.81,82.44,45.96,88.29,83.4854,13.89,8,1,0,0,0,0,0,1,76664.97,0.1516,low,0.0
CUST001831,787,excellent,78.6,88.51,86.37,60.29,82.01,81.249,13.37,17,1,0,0,0,0,1,7,116438.11,0.9885,low,0.125
CUST001832,777,excellent,89.84,92.98,58.29,48.33,66.45,79.5584,0.5,2,2,0,0,0,0,0,1,155977.0,0.0165,low,0.0
CUST001833,815,excellent,93.51,82.83,74.22,88.24,82.23,85.7589,14.67,8,1,0,0,0,0,2,1,22898.41,0.3438,low,0.6667
CUST001834,809,excellent,86.27,95.06,87.48,37.52,92.01,84.7874,4.18,18,0,0,0,0,0,0,2,174666.87,0.1125,low,0.0
CUST001835,858,excellent,99.48,98.11,85.78,67.0,92.13,93.0311,7.68,17,0,0,0,0,0,1,1,61917.19,0.8981,low,0.5
CUST001836,799,excellent,88.72,84.0,78.15,61.56,90.93,83.2247,11.49,7,0,0,0,0,0,2,6,67973.26,0.3668,low,0.25
CUST001837,742,good,53.48,92.34,88.69,68.03,71.95,73.7206,2.75,19,2,4,0,0,0,1,1,67224.47,0.7369,low,0.5
CUST001838,798,excellent,99.05,76.26,79.86,48.28,86.97,83.0485,12.8,8,1,0,0,0,0,0,1,546917.25,0.0426,low,0.0
CUST001839,828,excellent,95.84,91.13,88.06,45.84,94.0,88.0766,4.29,11,0,0,0,0,0,0,3,173818.37,0.1299,low,0.0
CUST001840,595,high_risk,12.58,89.83,53.22,65.62,42.89,49.1873,8.26,4,3,5,0,0,0,1,2,40898.02,2.1788,moderate,0.3333
CUST001841,803,excellent,86.3,79.69,97.08,73.6,78.09,83.8434,11.05,14,2,0,0,0,0,1,2,259669.8,0.4196,low,0.3333
CUST001842,752,excellent,97.69,87.94,13.66,35.82,92.08,75.4125,14.49,0,0,0,0,0,0,0,7,167673.56,0.0141,low,0.0
CUST001843,791,excellent,93.66,75.89,96.29,35.29,82.52,81.772,14.98,14,1,0,0,0,0,0,4,2261592.55,0.0253,low,0.0
CUST001844,835,excellent,95.43,95.44,85.89,51.39,90.5,89.1028,4.75,12,0,0,0,0,0,1,5,267632.57,0.9475,low,0.1667
CUST001845,835,excellent,95.46,99.58,85.21,39.55,91.33,89.1573,9.25,14,0,0,0,0,0,0,5,135921.09,0.0296,low,0.0
CUST001846,706,good,51.62,84.84,88.27,46.5,62.59,67.6697,14.21,14,4,3,0,0,0,0,0,349613.81,0.0369,low,0.0
CUST001847,642,high_risk,42.39,94.48,33.23,32.36,56.73,57.0719,0.68,1,3,4,0,0,0,0,7,31002.59,0.0574,low,0.0
CUST001848,803,excellent,76.92,96.12,97.74,50.35,84.05,83.8617,0.03,19,1,1,0,0,0,1,6,74370.67,0.5823,low,0.1429
CUST001849,733,good,88.84,45.73,74.3,62.77,98.59,72.0934,52.92,8,0,0,0,0,0,0,1,428855.16,0.1338,low,0.0
CUST001850,808,excellent,96.35,91.22,66.88,38.35,97.33,84.6871,5.41,7,0,0,0,0,0,0,0,54806.61,0.1279,low,0.0
CUST001851,807,excellent,95.21,77.49,89.89,54.11,90.27,84.493,11.33,14,1,0,0,0,0,1,4,108758.94,0.3364,low,0.2
CUST001852,797,excellent,87.36,80.96,67.57,81.34,97.5,82.8845,13.94,5,0,0,0,0,0,2,1,228455.63,0.9238,low,0.6667
CUST001853,777,excellent,69.72,85.82,87.66,78.11,83.69,79.4772,11.5,12,1,1,0,0,0,1,5,130580.42,0.6698,low,0.1667
CUST001854,849,excellent,88.77,99.61,94.69,72.75,91.29,91.562,3.66,17,0,0,0,0,0,1,0,30898.65,0.7351,low,0.5
CUST001855,834,excellent,98.91,79.55,99.72,60.02,96.02,89.0459,10.22,17,0,0,0,0,0,1,4,30146.99,0.6783,low,0.2
CUST001856,704,good,27.35,90.66,98.65,72.75,85.1,67.3524,9.66,18,1,2,0,0,0,1,3,51640.07,0.9361,low,0.25
CUST001857,752,excellent,86.28,77.61,64.43,31.27,90.78,75.3519,12.87,2,0,0,0,0,0,0,3,262470.46,0.1507,low,0.0
CUST001858,818,excellent,85.34,94.42,89.45,60.8,86.02,86.2943,6.27,12,1,0,0,0,0,1,6,408549.36,0.9643,low,0.1429
CUST001859,863,excellent,96.95,97.34,97.9,61.54,98.23,93.7968,4.76,19,0,0,0,0,0,1,4,81356.65,0.7481,low,0.2
CUST001860,735,good,54.91,98.21,86.84,48.13,60.34,72.5575,6.21,18,3,4,0,0,0,0,3,271132.81,0.0384,low,0.0
CUST001861,772,excellent,93.51,75.21,63.51,48.55,90.68,78.7409,14.44,4,0,0,0,0,0,1,6,60661.36,0.5457,low,0.1429
CUST001862,805,excellent,85.33,91.32,91.19,46.39,86.27,84.2031,5.94,10,1,0,0,0,0,1,2,28316.75,0.6084,low,0.3333
CUST001863,821,excellent,93.06,92.26,63.43,88.52,82.36,86.8526,3.59,3,1,0,0,0,0,2,5,63942.55,0.5469,low,0.2857
CUST001864,827,excellent,93.02,91.1,90.86,62.33,80.86,87.8332,0.68,13,1,0,0,0,0,2,1,148931.22,0.7003,low,0.6667
CUST001865,809,excellent,94.98,80.92,88.19,51.06,90.54,84.9071,14.38,16,0,0,0,0,0,1,7,354681.58,0.3501,low,0.125
CUST001866,792,excellent,88.5,99.06,60.42,35.71,87.15,82.0406,0.14,2,1,0,0,0,0,0,4,34424.14,0.0242,low,0.0
CUST001867,777,excellent,69.3,83.92,97.0,60.47,94.6,79.4846,13.96,20,0,1,0,0,0,1,5,272115.71,0.8243,low,0.1667
CUST001868,816,excellent,89.32,91.94,96.07,42.82,85.26,86.0607,3.83,20,1,0,0,0,0,0,2,185613.82,0.0994,low,0.0
CUST001869,815,excellent,99.99,97.83,48.51,44.61,97.14,85.7951,7.03,3,0,0,0,0,0,0,0,191061.9,0.1414,low,0.0
CUST001870,860,excellent,99.86,98.34,85.37,68.39,92.78,93.3763,1.53,10,0,0,0,0,0,1,1,56859.56,0.5922,low,0.5
CUST001871,832,excellent,92.45,89.63,91.22,62.24,95.48,88.7032,5.87,14,0,0,0,0,0,1,1,295913.46,0.774,low,0.5
CUST001872,849,excellent,97.5,98.53,90.19,44.68,98.01,91.4806,6.29,13,0,0,0,0,0,0,0,259532.9,0.0163,low,0.0
CUST001873,621,high_risk,19.82,95.92,43.65,39.29,73.81,53.5715,7.52,1,2,3,0,0,1,0,1,306241.06,0.5049,low,0.0
CUST001874,788,excellent,91.95,93.99,47.51,46.18,92.21,81.342,4.71,3,0,0,0,0,0,1,4,98955.44,0.3933,low,0.2
CUST001875,693,risky,53.78,96.88,30.57,40.04,90.42,65.5187,1.87,1,1,2,0,0,0,0,2,31058.57,0.138,low,0.0
CUST001876,813,excellent,92.17,84.72,74.98,65.1,99.85,85.4171,10.16,6,0,0,0,0,0,1,0,81173.26,0.3631,low,0.5
CUST001877,608,high_risk,21.54,83.8,75.0,62.99,21.53,51.3821,11.66,5,8,6,0,0,0,1,1,419661.79,1.7622,moderate,0.5
CUST001878,842,excellent,91.19,99.11,97.94,47.3,92.9,90.3614,4.65,17,0,0,0,0,0,1,0,100203.0,0.6782,low,0.5
CUST001879,781,excellent,75.06,96.72,87.75,35.95,80.58,80.1028,5.96,10,1,0,0,0,0,0,1,503917.18,0.0106,low,0.0
CUST001880,753,excellent,93.41,76.54,40.09,40.96,97.74,75.5372,14.47,1,0,0,0,0,0,0,2,86652.59,0.0925,low,0.0
CUST001881,694,risky,45.09,98.48,67.59,45.57,56.83,65.7043,0.34,7,3,3,0,0,0,0,2,143045.43,0.0093,low,0.0
CUST001882,780,excellent,87.84,75.32,70.81,68.3,92.03,79.9952,12.77,8,0,0,0,0,0,1,7,127717.86,0.6649,low,0.125
CUST001883,740,good,60.48,88.22,80.34,69.67,76.14,73.2666,2.78,7,2,4,0,0,0,1,4,29068.07,1.0296,low,0.2
CUST001884,817,excellent,85.45,90.7,99.89,42.71,97.46,86.1193,4.73,16,0,0,0,0,0,0,4,35946.67,0.0469,low,0.0
CUST001885,823,excellent,98.81,76.02,96.76,60.72,91.83,87.1558,10.07,13,1,0,0,0,0,1,5,71568.57,0.7855,low,0.1667
CUST001886,795,excellent,87.91,90.59,90.64,37.11,72.39,82.4925,1.07,16,2,0,0,0,0,0,4,165300.57,0.1212,low,0.0
CUST001887,820,excellent,90.85,97.26,84.86,32.91,96.64,86.6598,4.03,7,0,0,0,0,0,0,4,30134.39,0.0868,low,0.0
CUST001888,739,good,75.35,76.95,72.89,41.01,87.02,73.1919,14.04,6,1,0,0,0,0,0,3,128142.86,0.1219,low,0.0
CUST001889,731,good,46.32,99.05,94.5,45.83,71.55,71.8421,2.62,15,2,2,0,0,0,0,4,21638.04,0.219,low,0.0
CUST001890,835,excellent,99.54,90.51,98.19,38.33,86.81,89.2337,7.56,15,1,0,0,0,0,0,5,80016.96,0.0815,low,0.0
CUST001891,758,excellent,95.5,88.95,16.85,40.63,96.93,76.3919,1.11,0,0,0,0,0,0,0,4,8441.88,0.1319,low,0.0
CUST001892,693,risky,48.84,72.22,76.64,60.25,91.88,65.4682,33.69,9,1,2,0,0,0,0,4,105654.51,0.008,low,0.0
CUST001893,830,excellent,94.62,93.41,98.45,33.94,90.14,88.3149,4.3,19,1,0,0,0,0,0,7,156496.25,0.1201,low,0.0
CUST001894,787,excellent,90.87,91.51,73.41,32.68,76.58,81.1963,4.57,8,2,0,0,0,0,0,2,53656.47,0.1274,low,0.0
CUST001895,828,excellent,94.53,93.05,90.1,35.57,99.07,87.9798,9.03,11,0,0,0,0,0,0,6,282758.41,0.022,low,0.0
CUST001896,820,excellent,96.05,96.5,69.13,45.01,91.61,86.5988,6.05,9,1,0,0,0,0,0,4,172209.48,0.1428,low,0.0
CUST001897,846,excellent,99.26,98.89,71.99,60.14,97.22,90.9403,6.37,9,0,0,0,0,0,1,3,172520.93,0.9089,low,0.25
CUST001898,628,high_risk,22.44,84.12,82.06,60.31,42.99,54.729,13.61,7,4,6,0,0,0,1,2,9906.72,2.0423,moderate,0.3333
CUST001899,831,excellent,92.27,93.14,76.65,69.54,98.89,88.577,8.57,5,0,0,0,0,0,1,3,29682.1,0.7721,low,0.25
CUST001900,793,excellent,90.68,80.52,90.04,47.95,79.39,82.1341,14.63,13,2,0,0,0,0,0,0,63927.51,0.0147,low,0.0
CUST001901,781,excellent,94.59,97.13,34.89,39.71,87.79,80.2295,2.99,1,1,0,0,0,0,0,5,10670.05,0.0217,low,0.0
CUST001902,781,excellent,89.53,88.55,65.14,30.85,94.39,80.1948,9.68,8,0,0,0,0,0,0,4,23649.49,0.13,low,0.0
CUST001903,698,risky,43.55,94.31,96.03,43.57,41.11,66.4099,1.57,20,3,1,0,0,0,0,5,303881.93,0.0477,low,0.0
CUST001904,847,excellent,98.51,88.99,93.24,64.09,95.7,91.1394,9.16,12,0,0,0,0,0,0,1,44249.13,0.0764,low,0.0
CUST001905,786,excellent,96.13,99.85,26.39,44.03,90.61,81.0217,0.95,0,1,0,0,0,0,0,0,313004.68,0.0833,low,0.0
CUST001906,832,excellent,99.46,88.63,88.41,42.34,97.37,88.6301,10.64,12,0,0,0,0,0,0,1,28657.9,0.1556,low,0.0
CUST001907,801,excellent,86.44,76.06,78.37,88.97,98.52,83.5786,10.15,6,0,0,0,0,0,2,0,78704.92,0.9265,low,0.6667
CUST001908,822,excellent,91.43,94.19,91.77,39.85,89.36,86.9428,8.51,15,1,0,0,0,0,0,0,163114.14,0.0288,low,0.0
CUST001909,779,excellent,89.94,64.38,89.62,59.53,96.2,79.8088,45.03,14,0,0,0,0,0,1,6,108580.62,0.8264,low,0.1429
CUST001910,801,excellent,95.76,83.69,74.54,53.92,83.55,83.5509,21.86,6,1,0,0,0,0,0,4,105998.2,0.0151,low,0.0
CUST001911,746,good,64.44,90.08,76.48,71.34,71.98,74.382,2.42,5,2,2,0,0,0,1,2,195400.12,1.282,low,0.3333
CUST001912,819,excellent,98.36,94.35,56.91,61.47,90.14,86.4278,8.58,3,0,0,0,0,0,1,1,84841.66,0.7454,low,0.5
CUST001913,764,excellent,86.22,99.14,30.18,38.86,90.53,77.3867,8.92,0,0,0,0,0,0,0,3,212524.75,0.1306,low,0.0
CUST001914,662,risky,35.2,76.32,97.96,41.44,62.66,60.3207,12.69,13,3,3,0,0,0,0,6,117457.44,0.0198,low,0.0
CUST001915,858,excellent,94.12,99.73,95.75,68.46,89.74,93.0442,3.09,10,1,0,0,0,0,1,7,124520.67,0.515,low,0.125
CUST001916,774,excellent,87.37,92.69,53.24,32.12,93.56,78.9403,5.85,2,0,0,0,0,0,0,7,150661.16,0.0222,low,0.0
CUST001917,823,excellent,96.05,91.03,91.67,44.95,80.62,87.2361,0.31,17,1,0,0,0,0,0,6,79150.52,0.146,low,0.0
CUST001918,806,excellent,99.02,92.15,50.16,61.05,83.52,84.283,4.21,4,1,0,0,0,0,1,6,97100.88,0.6264,low,0.1429
CUST001919,622,high_risk,21.74,95.68,72.89,35.28,28.21,53.5971,5.9,8,5,3,1,0,1,0,2,234903.84,0.231,low,0.0
CUST001920,821,excellent,99.15,92.58,82.56,40.06,80.47,86.9146,2.07,7,1,0,0,0,0,0,3,94055.89,0.0074,low,0.0
CUST001921,855,excellent,94.17,98.49,77.43,92.02,92.31,92.5547,1.8,7,0,0,0,0,0,2,0,39157.09,0.7972,low,0.6667
CUST001922,685,risky,72.64,65.03,36.76,48.31,88.78,64.1549,42.61,1,1,1,0,0,0,0,4,640545.24,0.4024,low,0.0
CUST001923,702,good,50.8,97.2,68.63,49.66,48.51,67.0524,6.45,8,3,2,0,0,0,0,7,67843.63,0.2257,low,0.0
CUST001924,674,risky,45.88,78.66,79.88,41.61,65.84,62.386,10.92,6,2,1,0,0,0,0,7,71891.87,0.1224,low,0.0
CUST001925,739,good,47.22,93.83,79.09,76.63,90.3,73.2315,7.56,6,1,2,0,0,0,1,2,62458.28,0.9075,low,0.3333
CUST001926,866,excellent,96.48,98.2,95.21,75.78,92.54,94.3427,5.99,19,0,0,0,0,0,1,6,300134.83,0.4343,low,0.1429
CUST001927,784,excellent,96.87,97.37,29.16,37.72,94.29,80.689,0.4,0,0,0,0,0,0,0,2,54871.75,0.159,low,0.0
CUST001928,707,good,47.93,94.94,74.32,44.62,70.46,67.9151,8.22,7,2,1,0,0,0,0,0,100828.67,0.1003,low,0.0
CUST001929,805,excellent,93.65,80.33,87.47,49.06,92.26,84.1291,10.81,14,0,0,0,0,0,1,5,110980.87,0.5952,low,0.1667
CUST001930,633,high_risk,27.98,89.87,51.7,74.43,45.13,55.4657,12.49,2,3,2,0,0,0,1,3,49497.28,1.4817,low,0.25
CUST001931,789,excellent,92.0,90.67,58.1,45.18,88.98,81.5312,5.27,3,1,0,0,0,0,0,6,35379.09,0.1422,low,0.0
CUST001932,793,excellent,87.48,98.89,33.65,70.23,98.47,82.2041,1.82,1,0,0,0,0,0,1,3,537329.2,0.9113,low,0.25
CUST001933,765,excellent,85.93,84.36,80.62,31.43,69.27,77.5489,10.6,7,2,0,0,0,0,0,7,223530.38,0.1485,low,0.0
CUST001934,717,good,97.36,76.11,11.23,41.02,68.75,69.57,13.94,0,2,0,0,0,0,0,4,92346.45,0.1353,low,0.0
CUST001935,639,high_risk,14.65,96.94,88.84,65.87,33.58,56.4799,3.42,15,5,5,0,0,0,1,3,51055.65,1.4856,low,0.25
CUST001936,765,excellent,87.46,90.1,25.42,61.5,99.48,77.5512,7.8,0,0,0,0,0,0,1,6,144555.26,0.8322,low,0.1429
CUST001937,675,risky,37.24,92.17,75.02,46.81,58.68,62.4851,7.49,7,3,1,0,0,0,0,3,105545.01,0.1066,low,0.0
CUST001938,827,excellent,91.99,93.48,93.43,46.14,90.27,87.8958,2.6,20,0,0,0,0,0,0,2,273860.43,0.0419,low,0.0
CUST001939,731,good,62.93,88.31,94.36,32.34,59.34,71.8429,7.43,20,4,2,0,0,0,0,2,123940.78,0.1071,low,0.0
CUST001940,812,excellent,87.49,89.76,89.3,47.95,96.24,85.363,14.67,12,0,0,0,0,0,0,7,365648.88,0.147,low,0.0
CUST001941,840,excellent,85.5,89.71,99.03,90.1,92.7,89.9708,14.86,18,0,0,0,0,0,2,1,151203.47,0.4581,low,0.6667
CUST001942,697,risky,60.71,85.2,63.34,37.03,62.2,66.2338,13.28,2,3,4,0,0,0,0,6,171567.86,0.1874,low,0.0
CUST001943,802,excellent,92.54,78.71,96.64,42.86,88.11,83.5967,12.49,10,1,0,0,0,0,0,7,424361.22,0.1517,low,0.0
CUST001944,821,excellent,88.56,92.29,95.31,41.86,96.21,86.7834,1.02,12,0,0,0,0,0,0,0,199392.75,0.0726,low,0.0
CUST001945,796,excellent,92.27,80.97,93.91,31.82,88.41,82.6958,14.44,19,1,0,0,0,0,0,0,581000.9,0.0163,low,0.0
CUST001946,819,excellent,96.43,84.68,96.43,37.37,92.01,86.5564,14.91,15,0,0,0,0,0,0,3,58295.26,0.1587,low,0.0
CUST001947,824,excellent,98.43,88.39,69.45,60.87,98.22,87.292,4.62,5,0,0,0,0,0,2,4,67757.16,0.6338,low,0.3333
CUST001948,677,risky,47.43,83.86,74.61,37.62,61.19,62.8307,13.31,8,3,3,0,0,0,0,5,157235.67,0.2337,low,0.0
CUST001949,618,high_risk,26.01,85.43,47.23,48.77,62.55,52.9491,10.16,1,3,1,0,0,0,0,6,126093.24,0.1692,low,0.0
CUST001950,659,risky,44.47,78.15,63.49,37.85,74.85,59.805,12.86,4,2,4,0,0,0,0,4,264993.02,0.0548,low,0.0
CUST001951,757,excellent,86.24,97.61,23.94,37.72,93.41,76.171,7.25,0,0,0,0,0,0,0,0,600600.04,0.0182,low,0.0
CUST001952,715,good,44.38,88.75,99.07,39.45,82.06,69.1694,2.86,15,1,2,0,0,0,0,7,306111.51,0.249,low,0.0
CUST001953,722,good,72.42,73.74,52.49,54.72,95.34,70.349,36.96,2,0,1,0,0,0,1,1,246514.9,0.9813,low,0.5
CUST001954,836,excellent,94.46,99.71,70.69,58.17,99.99,89.3936,5.38,5,0,0,0,0,0,1,2,70653.74,0.7247,low,0.3333
CUST001955,824,excellent,91.35,91.38,92.77,47.7,91.79,87.2535,1.18,14,1,0,0,0,0,0,7,28239.54,0.0721,low,0.0
CUST001956,686,risky,50.96,80.04,71.66,42.07,74.79,64.2823,13.08,7,2,3,0,0,0,0,1,50341.94,0.134,low,0.0
CUST001957,651,risky,16.83,89.95,92.41,75.47,51.95,58.4793,11.29,20,4,4,0,0,0,1,7,79333.46,1.5161,moderate,0.125
CUST001958,726,good,55.4,93.71,93.77,46.72,47.76,71.0183,0.62,11,3,3,0,0,0,0,6,280017.13,0.0327,low,0.0
CUST001959,804,excellent,88.18,79.2,86.03,64.97,99.73,83.9962,25.73,14,0,0,0,0,0,1,1,692682.22,0.4126,low,0.5
CUST001960,836,excellent,99.94,98.25,80.42,34.34,94.54,89.4058,9.62,5,0,0,0,0,0,0,3,12556.39,0.0547,low,0.0
CUST001961,743,good,87.83,91.66,22.49,30.93,90.91,73.7958,2.84,0,1,0,0,0,0,0,6,148220.08,0.1171,low,0.0
CUST001962,678,risky,41.5,97.42,45.58,44.87,79.14,62.9866,5.8,2,2,1,0,0,0,0,2,98078.02,0.1585,low,0.0
CUST001963,817,excellent,91.65,99.61,79.63,30.46,92.93,86.242,0.51,8,0,0,0,0,0,0,5,102945.25,0.0212,low,0.0
CUST001964,788,excellent,85.56,86.52,65.87,62.53,93.35,81.3704,12.13,7,0,0,0,0,0,1,4,81791.88,0.7786,low,0.2
CUST001965,806,excellent,91.56,98.47,65.3,38.42,91.42,84.3659,1.68,6,0,0,0,0,0,0,2,240353.35,0.0353,low,0.0
CUST001966,786,excellent,98.08,96.27,38.17,32.6,88.52,81.0453,6.42,1,1,0,0,0,0,0,4,125988.44,0.0071,low,0.0
CUST001967,745,good,77.71,76.13,73.69,38.16,93.34,74.2402,11.6,9,0,1,0,0,0,0,5,39996.71,0.1183,low,0.0
CUST001968,835,excellent,93.26,89.81,81.63,82.53,90.62,89.14,14.55,7,0,0,0,0,0,2,7,238209.85,0.7686,low,0.2222
CUST001969,765,excellent,93.91,95.76,19.2,37.86,91.75,77.4362,3.31,0,0,0,0,0,0,0,0,307762.76,0.0655,low,0.0
CUST001970,780,excellent,90.91,93.14,48.38,34.03,96.16,80.036,3.89,1,0,0,0,0,0,0,0,41465.57,0.0715,low,0.0
CUST001971,693,risky,43.96,94.08,75.31,43.23,62.27,65.4568,1.32,5,4,3,0,0,0,0,4,63801.36,0.1984,low,0.0
CUST001972,789,excellent,98.99,88.68,49.1,32.68,95.45,81.4262,13.16,3,0,0,0,0,0,0,1,106911.77,0.0287,low,0.0
CUST001973,746,good,71.25,79.81,61.38,68.74,94.44,74.4049,12.25,3,0,1,0,0,0,1,2,101640.3,0.4877,low,0.3333
CUST001974,694,risky,48.0,94.9,49.84,31.74,97.0,65.6195,9.69,3,0,2,0,0,0,0,7,662397.96,0.0636,low,0.0
CUST001975,692,risky,58.51,88.19,33.5,42.0,91.19,65.279,7.0,1,1,2,0,0,0,0,3,478372.62,0.0982,low,0.0
CUST001976,726,good,88.91,44.47,86.61,54.46,80.42,70.94,50.14,17,1,0,0,0,0,0,2,55153.81,0.0173,low,0.0
CUST001977,727,good,52.15,89.96,93.99,30.16,88.5,71.2034,8.8,14,1,3,0,0,0,0,2,45481.04,0.1909,low,0.0
CUST001978,799,excellent,91.78,88.63,72.07,39.17,96.54,83.097,6.43,8,0,0,0,0,0,0,3,74415.38,0.1051,low,0.0
CUST001979,800,excellent,87.27,86.17,73.78,62.89,95.93,83.3459,14.81,7,0,0,0,0,0,1,6,37391.93,0.8915,low,0.1429
CUST001980,727,good,87.58,79.01,34.08,32.85,84.69,71.2238,10.99,1,1,0,0,0,0,0,1,359643.96,0.0398,low,0.0
CUST001981,795,excellent,99.34,95.98,34.77,44.67,92.21,82.4645,6.39,1,0,0,0,0,0,0,3,77799.5,0.1003,low,0.0
CUST001982,807,excellent,89.29,76.3,98.75,60.03,95.89,84.5443,14.96,16,0,0,0,0,0,1,2,6340.95,0.9034,low,0.3333
CUST001983,832,excellent,88.51,90.83,93.28,66.63,98.49,88.7337,3.96,11,0,0,0,0,0,1,3,75168.54,0.69,low,0.25
CUST001984,816,excellent,88.01,92.79,92.67,41.31,92.9,85.9623,6.59,12,0,0,0,0,0,0,1,33490.3,0.0266,low,0.0
CUST001985,826,excellent,92.18,99.02,85.65,37.55,90.57,87.6267,8.22,11,1,0,0,0,0,0,7,19181.66,0.0138,low,0.0
CUST001986,804,excellent,88.26,90.02,96.8,33.42,82.01,83.9586,9.87,19,1,0,0,0,0,0,0,147119.91,0.1019,low,0.0
CUST001987,677,risky,54.86,80.99,69.83,43.46,44.34,62.7522,13.98,6,4,1,0,0,0,0,7,136104.4,0.0369,low,0.0
CUST001988,626,high_risk,28.33,95.47,49.83,41.38,41.12,54.2797,9.48,4,5,7,0,0,1,0,0,90514.08,0.1974,low,0.0
CUST001989,830,excellent,97.89,95.99,60.55,68.16,93.42,88.3005,2.88,4,0,0,0,0,0,1,0,117601.3,0.6631,low,0.5
CUST001990,776,excellent,98.21,93.18,20.48,47.37,91.65,79.3006,3.69,0,0,0,0,0,0,0,7,94849.29,0.1315,low,0.0
CUST001991,785,excellent,89.88,62.98,95.76,65.45,96.04,80.8664,33.14,15,0,0,0,0,0,1,2,80000.05,0.5881,low,0.3333
CUST001992,860,excellent,98.48,97.3,94.48,64.96,90.06,93.3285,0.89,19,1,0,0,0,0,2,7,185381.63,0.4302,low,0.2222
CUST001993,819,excellent,85.45,97.85,98.66,42.32,82.63,86.5555,9.56,14,1,0,0,0,0,0,3,69086.85,0.0026,low,0.0
CUST001994,679,risky,55.93,62.48,69.3,64.4,90.4,63.1931,34.48,8,1,3,0,0,0,1,0,63965.4,1.2785,low,0.5
CUST001995,681,risky,57.09,98.52,38.78,43.36,37.86,63.4763,2.55,1,5,3,0,0,0,0,2,285114.02,0.1948,low,0.0
CUST001996,735,good,64.19,92.12,79.51,49.88,55.64,72.5783,4.08,5,3,2,0,0,0,0,4,398475.61,0.2389,low,0.0
CUST001997,762,excellent,89.93,93.7,25.87,44.04,90.58,76.9298,2.54,0,0,0,0,0,0,0,0,105603.76,0.0294,low,0.0
CUST001998,762,excellent,90.56,77.78,49.45,64.8,81.5,77.0762,10.22,2,1,0,0,0,0,1,0,27967.7,0.808,low,0.5
CUST001999,692,risky,54.12,98.49,34.05,37.05,80.05,65.3069,1.23,0,1,2,0,0,0,0,4,163361.3,0.1583,low,0.0
CUST002000,788,excellent,86.55,89.41,69.1,39.02,99.34,81.3179,1.12,8,0,0,0,0,0,0,7,30731.23,0.1201,low,0.0
CUST002001,834,excellent,96.68,88.64,91.07,61.06,88.84,89.0825,14.87,19,1,0,0,0,0,1,4,34865.27,0.5173,low,0.2
CUST002002,849,excellent,96.52,89.71,97.82,61.76,99.89,91.5323,14.5,19,0,0,0,0,0,1,5,18325.72,0.7528,low,0.1667
CUST002003,789,excellent,91.03,98.21,55.16,30.58,89.18,81.5727,9.39,4,1,0,0,0,0,0,6,57585.31,0.0227,low,0.0
CUST002004,831,excellent,85.85,95.71,92.93,63.81,94.13,88.4965,7.76,16,0,0,0,0,0,1,4,51550.83,0.3922,low,0.2
CUST002005,836,excellent,96.91,88.53,86.04,64.64,94.68,89.3167,13.28,12,0,0,0,0,0,1,0,208726.12,0.9072,low,0.5
CUST002006,756,excellent,97.31,78.49,30.86,39.57,97.77,75.9683,11.63,0,0,0,0,0,0,0,2,82602.64,0.1589,low,0.0
CUST002007,799,excellent,92.34,81.72,92.99,36.79,86.3,83.0948,12.43,12,1,0,0,0,0,0,6,131186.79,0.0939,low,0.0
CUST002008,613,high_risk,19.41,88.31,84.85,37.69,23.93,52.1752,13.88,9,5,7,1,0,1,0,5,120762.08,0.411,low,0.0
CUST002009,801,excellent,87.29,97.3,76.06,39.13,83.97,83.4594,0.38,5,1,0,0,0,0,0,6,108981.2,0.1149,low,0.0
CUST002010,667,risky,59.21,96.38,24.35,31.31,48.25,61.2473,3.5,0,3,2,0,0,0,0,3,190302.02,0.2354,low,0.0
CUST002011,836,excellent,94.31,95.95,73.98,65.76,99.13,89.3784,6.87,7,0,0,0,0,0,1,4,140096.27,0.8014,low,0.2
CUST002012,821,excellent,95.07,87.9,88.79,43.27,95.24,86.812,10.8,14,0,0,0,0,0,0,5,78589.03,0.0719,low,0.0
CUST002013,770,excellent,90.17,81.53,47.8,64.06,86.68,78.2627,10.78,2,1,0,0,0,0,1,7,104534.57,0.983,low,0.125
CUST002014,684,risky,29.35,89.44,88.89,40.16,95.21,63.9727,4.99,10,0,4,0,0,0,0,7,196257.62,0.1054,low,0.0
CUST002015,695,risky,55.62,89.19,77.28,33.53,46.75,65.842,2.95,8,3,4,0,0,0,0,4,45053.49,0.1629,low,0.0
CUST002016,796,excellent,85.45,87.65,72.24,69.29,87.43,82.7135,11.05,6,1,0,0,0,0,1,3,20527.31,0.3733,low,0.25
CUST002017,811,excellent,91.79,76.65,99.87,74.28,75.56,85.0859,12.81,20,2,0,0,0,0,1,2,43968.87,0.4264,low,0.3333
CUST002018,821,excellent,86.19,97.29,85.33,48.72,97.35,86.7612,7.53,12,0,0,0,0,0,0,2,191198.24,0.1138,low,0.0
CUST002019,557,high_risk,21.36,83.96,27.44,37.0,23.33,42.8147,14.69,0,5,3,0,0,1,0,5,85426.03,0.4454,low,0.0
CUST002020,800,excellent,90.33,88.22,52.86,79.85,93.37,83.3313,1.43,3,0,0,0,0,0,1,4,899364.22,0.4432,low,0.2
CUST002021,651,risky,37.6,55.5,95.44,55.23,88.21,58.471,38.05,19,1,2,0,0,0,0,4,49183.47,0.1528,low,0.0
CUST002022,789,excellent,77.7,77.91,93.59,77.09,91.2,81.4367,14.06,15,1,1,0,0,0,2,1,47590.86,0.8451,low,0.6667
CUST002023,801,excellent,96.53,95.22,52.34,36.98,96.2,83.5188,9.47,3,0,0,0,0,0,0,4,33477.9,0.1186,low,0.0
CUST002024,820,excellent,86.91,89.68,80.92,79.85,92.66,86.7102,10.34,6,0,0,0,0,0,2,3,62559.49,0.9624,low,0.4
CUST002025,679,risky,48.02,87.83,48.24,44.28,83.3,63.1501,11.63,2,1,3,0,0,0,0,7,410563.89,0.235,low,0.0
CUST002026,736,good,67.24,94.6,36.2,64.22,89.8,72.7454,8.51,1,1,1,0,0,0,1,2,78724.03,0.947,low,0.3333
CUST002027,824,excellent,97.92,86.37,91.21,41.48,94.03,87.4152,13.65,15,0,0,0,0,0,0,5,63730.64,0.1075,low,0.0
CUST002028,802,excellent,89.83,90.47,79.22,57.13,74.1,83.5873,9.84,5,2,0,0,0,0,1,6,123441.94,0.6224,low,0.1429
CUST002029,767,excellent,64.75,97.33,80.76,49.68,89.1,77.8545,9.47,8,1,3,0,0,0,0,1,64223.7,0.1265,low,0.0
CUST002030,654,risky,52.03,98.09,13.17,31.56,61.8,58.9483,3.16,0,3,3,0,0,0,0,1,17987.4,0.1838,low,0.0
CUST002031,840,excellent,94.32,97.84,68.76,76.31,97.68,90.0776,4.32,9,0,0,0,0,0,1,6,44331.02,0.4495,low,0.1429
CUST002032,787,excellent,86.95,87.87,69.78,49.18,90.55,81.2351,11.33,5,0,0,0,0,0,0,5,44100.19,0.1196,low,0.0
CUST002033,870,excellent,98.78,98.89,76.79,94.27,98.86,95.0738,5.2,8,0,0,0,0,0,2,5,81911.26,0.7087,low,0.2857
CUST002034,808,excellent,91.32,88.38,72.0,71.61,81.77,84.6135,2.29,8,1,0,0,0,0,1,0,139469.28,0.6015,low,0.5
CUST002035,802,excellent,98.78,83.02,62.27,63.49,84.76,83.6455,13.44,2,1,0,0,0,0,1,1,13675.44,0.9717,low,0.5
CUST002036,671,risky,43.5,76.93,73.0,32.54,93.05,61.8117,14.82,5,0,3,0,0,0,0,0,35002.56,0.1283,low,0.0
CUST002037,804,excellent,91.96,88.98,80.96,39.92,89.5,83.968,12.01,7,1,0,0,0,0,0,0,182558.24,0.1459,low,0.0
CUST002038,827,excellent,94.42,87.83,89.39,59.91,89.85,87.782,23.03,20,1,0,0,0,0,0,5,321161.0,0.0942,low,0.0
CUST002039,799,excellent,92.72,82.15,69.98,71.53,83.79,83.1262,10.49,6,1,0,0,0,0,1,6,75754.58,0.5919,low,0.1429
CUST002040,638,high_risk,25.36,79.92,73.64,63.27,71.65,56.391,10.94,5,2,2,0,0,0,1,1,923838.66,1.4049,low,0.5
CUST002041,637,high_risk,17.11,93.85,71.25,64.53,59.64,56.2487,0.08,7,3,4,0,0,0,1,5,42940.03,1.4201,low,0.1667
CUST002042,808,excellent,94.04,85.11,88.87,36.95,91.36,84.6066,11.48,10,0,0,0,0,0,0,7,139102.01,0.1624,low,0.0
CUST002043,754,excellent,91.96,43.96,95.6,64.16,95.67,75.6957,54.22,16,0,0,0,0,0,1,1,47417.74,0.859,low,0.5
CUST002044,683,risky,49.65,94.48,47.65,31.47,78.22,63.8391,6.97,2,2,1,0,0,0,0,1,58299.11,0.1261,low,0.0
CUST002045,686,risky,44.43,91.25,64.89,35.82,80.93,64.3349,4.17,2,1,3,0,0,0,0,0,118486.23,0.1427,low,0.0
CUST002046,762,excellent,70.16,89.56,87.65,33.99,90.74,77.045,1.46,19,0,1,0,0,0,0,3,147971.51,0.1562,low,0.0
CUST002047,742,good,89.66,90.56,20.44,35.46,85.05,73.6669,2.36,0,1,0,0,0,0,0,1,68884.25,0.1145,low,0.0
CUST002048,822,excellent,96.18,94.89,73.92,48.08,90.12,87.0389,2.78,8,1,0,0,0,0,0,7,95433.15,0.0693,low,0.0
CUST002049,825,excellent,91.85,89.83,77.72,76.79,90.45,87.4771,9.41,9,0,0,0,0,0,1,5,82227.85,0.6075,low,0.1667
CUST002050,764,excellent,57.55,99.7,96.37,66.16,72.66,77.3911,6.93,15,2,4,0,0,0,1,7,104825.85,1.3491,low,0.125
CUST002051,781,excellent,78.61,97.26,40.52,77.88,95.47,80.1035,1.27,1,0,0,0,0,0,1,7,135343.01,0.6715,low,0.125
CUST002052,777,excellent,76.27,86.94,85.73,39.6,99.57,79.5516,14.21,19,0,0,0,0,0,0,5,255592.19,0.1606,low,0.0
CUST002053,603,high_risk,25.17,76.81,34.63,44.84,90.14,50.5434,14.39,0,1,2,0,0,0,0,4,62272.81,0.109,low,0.0
CUST002054,804,excellent,99.75,85.54,46.07,68.34,96.83,84.001,12.94,1,0,0,0,0,0,1,2,79656.98,0.8457,low,0.3333
CUST002055,772,excellent,88.9,97.56,35.14,37.66,91.83,78.6009,5.12,1,1,0,0,0,0,0,6,33292.61,0.1074,low,0.0
CUST002056,637,high_risk,31.55,84.96,51.08,67.06,52.59,56.1563,12.38,4,3,4,0,0,0,1,5,18040.06,0.9886,low,0.1667
CUST002057,796,excellent,85.81,95.21,64.3,49.62,95.0,82.7051,1.8,2,0,0,0,0,0,0,0,442304.17,0.1122,low,0.0
CUST002058,740,good,49.61,93.46,93.44,77.46,61.67,73.3315,6.69,17,4,4,0,0,0,1,2,506728.85,0.9616,low,0.3333
CUST002059,699,risky,55.57,88.89,79.89,40.6,43.94,66.5533,12.34,6,3,2,0,0,0,0,4,21073.96,0.1958,low,0.0
CUST002060,727,good,44.87,90.73,94.14,69.67,71.07,71.1199,9.92,18,2,2,0,0,0,1,5,81368.56,0.7557,low,0.1667
CUST002061,536,high_risk,7.0,87.36,21.08,30.82,44.35,39.3374,13.83,0,4,3,0,1,1,0,1,19616.69,0.6007,low,0.0
CUST002062,774,excellent,86.23,99.14,33.19,49.5,92.27,79.0775,9.72,0,0,0,0,0,0,0,2,479683.99,0.0488,low,0.0
CUST002063,841,excellent,99.03,96.6,56.74,81.03,98.46,90.099,4.3,2,0,0,0,0,0,2,0,177950.96,0.604,low,0.6667
CUST002064,672,risky,40.27,88.26,68.04,67.98,54.16,61.9909,4.51,5,3,2,0,0,0,1,5,119550.12,1.4948,low,0.1667
CUST002065,786,excellent,96.39,89.67,46.83,42.85,90.87,81.0324,8.87,2,0,0,0,0,0,0,6,2490663.23,0.1035,low,0.0
CUST002066,810,excellent,87.05,99.23,73.8,38.47,98.55,85.0103,7.17,6,0,0,0,0,0,0,3,91030.87,0.1445,low,0.0
CUST002067,737,good,97.86,77.77,15.83,37.49,91.88,72.893,11.7,0,1,0,0,0,0,0,7,8890.12,0.0299,low,0.0
CUST002068,805,excellent,85.14,98.91,70.17,70.86,71.24,84.2054,7.72,8,2,0,0,0,0,1,2,190668.31,0.348,low,0.3333
CUST002069,730,good,51.05,93.51,90.03,41.51,80.89,71.6665,6.11,16,1,4,0,0,0,0,7,222436.64,0.0282,low,0.0
CUST002070,640,high_risk,22.64,96.99,73.0,40.76,46.98,56.7445,9.11,6,4,3,0,0,1,0,7,181531.14,0.3552,low,0.0
CUST002071,841,excellent,93.13,93.03,97.88,64.87,84.97,90.1738,7.63,15,1,0,0,0,0,1,1,138896.64,0.5362,low,0.5
CUST002072,748,good,86.85,75.95,47.13,53.35,91.32,74.7176,10.17,1,1,0,0,0,0,0,0,126298.57,0.014,low,0.0
CUST002073,791,excellent,99.52,85.6,52.36,36.74,97.7,81.8093,13.91,3,0,0,0,0,0,0,2,46501.55,0.0553,low,0.0
CUST002074,643,high_risk,34.25,93.75,50.51,47.69,46.56,57.1138,2.18,2,3,4,0,0,0,0,5,140073.8,0.1905,low,0.0
CUST002075,835,excellent,97.82,97.8,84.52,35.41,93.75,89.1711,6.12,5,0,0,0,0,0,0,3,35292.64,0.0411,low,0.0
CUST002076,794,excellent,85.34,80.49,74.38,74.12,98.26,82.4104,12.59,6,0,0,0,0,0,1,7,115752.74,0.7512,low,0.125
CUST002077,839,excellent,87.43,97.04,98.12,84.27,69.34,89.7924,8.43,15,2,0,0,0,0,2,1,74269.55,0.9128,low,0.6667
CUST002078,823,excellent,95.44,93.81,85.16,35.16,92.81,87.1182,1.44,18,0,0,0,0,0,0,7,102568.01,0.0357,low,0.0
CUST002079,793,excellent,97.18,88.53,52.92,46.6,90.31,82.1992,8.23,3,0,0,0,0,0,0,7,110253.19,0.1017,low,0.0
CUST002080,666,risky,25.29,91.98,95.76,31.53,69.9,60.9548,6.91,11,2,2,0,0,0,0,1,110302.27,0.1031,low,0.0
CUST002081,816,excellent,97.15,77.71,97.21,69.36,71.11,85.9431,14.7,18,2,0,0,0,0,1,0,193774.79,0.3748,low,0.5
CUST002082,775,excellent,95.79,76.63,49.04,66.16,86.29,79.1141,14.33,4,1,0,0,0,0,1,4,1313584.44,0.4,low,0.2
CUST002083,755,excellent,66.1,89.59,85.26,44.06,85.66,75.7736,8.82,15,1,0,0,0,0,0,6,204042.81,0.142,low,0.0
CUST002084,816,excellent,89.32,86.67,99.13,69.95,69.47,86.0746,10.64,14,2,0,0,0,0,1,1,259412.29,0.5819,low,0.5
CUST002085,767,excellent,73.13,88.66,83.48,36.04,95.05,77.8256,5.85,7,0,0,0,0,0,0,5,128743.94,0.1319,low,0.0
CUST002086,667,risky,25.0,98.16,90.33,49.05,45.71,61.2232,4.87,12,3,1,0,0,0,0,3,107816.82,0.0777,low,0.0
CUST002087,827,excellent,94.37,85.06,95.0,60.82,89.49,87.831,14.96,17,1,0,0,0,0,1,7,164988.9,0.7743,low,0.125
CUST002088,783,excellent,94.8,79.17,72.14,40.23,87.38,80.5107,11.62,5,1,0,0,0,0,0,7,51952.28,0.148,low,0.0
CUST002089,682,risky,29.91,93.65,86.74,33.17,87.91,63.6815,4.47,11,1,1,0,0,0,0,0,253835.57,0.0309,low,0.0
CUST002090,705,good,49.09,88.86,85.17,30.48,78.8,67.5412,5.21,14,2,1,0,0,0,0,3,41618.43,0.203,low,0.0
CUST002091,769,excellent,96.63,93.28,21.22,41.11,91.28,78.2232,7.95,0,1,0,0,0,0,0,1,41861.97,0.0079,low,0.0
CUST002092,802,excellent,97.11,87.98,82.31,38.01,71.09,83.6399,10.56,5,2,0,0,0,0,0,5,99389.09,0.1613,low,0.0
CUST002093,685,risky,40.42,84.82,74.22,47.81,85.94,64.1008,10.21,5,1,4,0,0,0,0,4,578709.5,0.0011,low,0.0
CUST002094,788,excellent,86.52,86.41,91.73,37.87,75.42,81.292,13.04,10,2,0,0,0,0,0,3,176115.33,0.0138,low,0.0
CUST002095,780,excellent,75.08,96.92,76.46,42.95,89.08,80.0252,9.32,5,1,0,0,0,0,0,3,553852.02,0.1021,low,0.0
CUST002096,845,excellent,88.52,95.58,99.92,79.62,82.35,90.8402,5.89,17,1,0,0,0,0,1,5,41068.56,0.719,low,0.1667
CUST002097,763,excellent,93.84,91.33,29.48,34.09,90.47,77.1205,1.13,0,0,0,0,0,0,0,5,258297.49,0.0039,low,0.0
CUST002098,818,excellent,88.57,90.88,91.86,46.48,95.91,86.2793,7.17,14,0,0,0,0,0,0,5,108204.97,0.0721,low,0.0
CUST002099,725,good,63.63,77.22,79.46,41.54,92.44,70.7544,10.45,6,0,3,0,0,0,0,5,40111.13,0.129,low,0.0
CUST002100,860,excellent,95.02,99.95,88.06,78.3,90.56,93.3359,7.83,20,1,0,0,0,0,1,2,91479.54,0.8756,low,0.3333
CUST002101,851,excellent,96.96,96.52,96.53,46.12,98.64,91.8479,3.49,12,0,0,0,0,0,0,6,244837.36,0.0447,low,0.0
CUST002102,809,excellent,89.36,81.69,92.01,61.33,90.64,84.785,11.18,10,1,0,0,0,0,1,1,346993.9,0.9357,low,0.5
CUST002103,639,high_risk,14.36,98.37,99.01,31.07,40.7,56.565,1.85,12,4,5,0,0,1,0,2,105608.6,0.4603,low,0.0
CUST002104,789,excellent,92.14,99.42,60.84,31.71,71.02,81.4712,1.35,3,2,0,0,0,0,0,7,161562.89,0.1306,low,0.0
CUST002105,725,good,62.14,89.96,83.94,44.25,50.41,70.7939,6.16,7,4,4,0,0,0,0,0,29568.6,0.0014,low,0.0
CUST002106,650,risky,24.91,88.85,94.03,31.77,56.83,58.3376,3.58,15,4,6,0,0,1,0,2,158015.76,0.5028,low,0.0
CUST002107,643,high_risk,14.14,91.3,97.76,60.47,50.81,57.1302,3.79,11,4,4,1,0,0,1,2,29448.0,1.9742,moderate,0.3333
CUST002108,824,excellent,87.16,89.94,88.41,70.73,95.58,87.3804,3.23,12,0,0,0,0,0,1,3,1019370.96,0.8337,low,0.25
CUST002109,678,risky,32.85,85.34,98.08,46.64,65.27,63.002,14.71,15,2,2,0,0,0,0,2,118157.24,0.0094,low,0.0
CUST002110,703,good,62.66,90.23,37.95,48.57,75.42,67.0903,1.65,1,2,3,0,0,0,0,6,84308.21,0.2269,low,0.0
CUST002111,812,excellent,86.04,93.1,87.08,47.07,95.08,85.3227,8.63,18,0,0,0,0,0,0,1,49552.7,0.0476,low,0.0
CUST002112,675,risky,42.94,91.91,58.99,44.5,65.35,62.4366,6.54,2,2,1,0,0,0,0,4,49847.98,0.0407,low,0.0
CUST002113,798,excellent,97.05,86.8,66.78,45.87,84.55,83.0686,12.96,6,1,0,0,0,0,1,4,62498.28,0.8129,low,0.2
CUST002114,838,excellent,99.23,89.61,90.81,62.21,82.31,89.6842,0.64,11,1,0,0,0,0,1,7,39709.32,0.949,low,0.125
CUST002115,781,excellent,86.38,98.7,35.41,70.2,79.12,80.0861,5.17,1,2,0,0,0,0,1,3,634232.84,0.3874,low,0.25
CUST002116,769,excellent,85.6,85.73,46.1,59.51,96.16,78.1618,10.06,4,0,0,0,0,0,1,1,31697.81,0.3643,low,0.5
CUST002117,844,excellent,88.88,98.58,89.6,67.79,97.62,90.6645,7.29,15,0,0,0,0,0,1,2,186997.87,0.3553,low,0.3333
CUST002118,827,excellent,95.61,86.34,79.29,68.97,96.65,87.8216,10.07,9,0,0,0,0,0,1,6,139952.16,0.6318,low,0.1429
CUST002119,711,good,56.68,86.25,76.25,43.05,70.33,68.4869,14.87,9,2,4,0,0,0,0,3,234718.43,0.0271,low,0.0
CUST002120,609,high_risk,0.78,98.38,90.51,37.14,43.57,51.4366,8.78,14,5,6,1,1,1,0,3,59258.76,0.5276,low,0.0
CUST002121,685,risky,43.77,94.37,46.23,45.16,90.06,64.0876,9.04,1,1,2,0,0,0,0,3,155862.85,0.2431,low,0.0
CUST002122,748,good,70.6,90.93,52.55,54.55,92.68,74.5926,4.61,4,0,0,0,0,0,1,3,36695.25,0.7496,low,0.25
CUST002123,755,excellent,61.51,93.16,98.0,42.17,74.06,75.799,5.34,16,2,3,0,0,0,0,5,75465.57,0.2485,low,0.0
CUST002124,761,excellent,91.37,97.45,22.98,30.29,91.66,76.8539,3.64,0,0,0,0,0,0,0,0,227057.38,0.1345,low,0.0
CUST002125,853,excellent,97.79,94.92,97.99,55.76,91.87,92.1608,1.6,10,0,0,0,0,0,1,3,20019.09,0.646,low,0.25
CUST002126,642,high_risk,51.47,80.72,49.65,32.46,40.95,57.0193,14.34,3,3,4,0,0,0,0,0,4786.2,0.0782,low,0.0
CUST002127,774,excellent,73.88,88.66,76.45,59.33,90.62,78.9195,14.28,6,0,1,0,0,0,1,5,223272.87,0.9916,low,0.1667
CUST002128,792,excellent,85.91,87.4,58.62,70.64,97.96,81.9413,11.85,4,0,0,0,0,0,1,6,28692.29,0.831,low,0.1429
CUST002129,851,excellent,89.61,96.92,98.51,74.0,91.94,91.8104,0.08,10,0,0,0,0,0,1,6,62597.87,0.3339,low,0.1429
CUST002130,723,good,44.57,96.9,87.84,77.15,58.65,70.4244,6.03,19,3,3,0,0,0,1,6,74858.36,1.0554,low,0.1429
CUST002131,765,excellent,85.87,90.13,47.16,43.31,90.45,77.5425,7.54,2,1,0,0,0,0,0,4,90083.94,0.0257,low,0.0
CUST002132,786,excellent,92.92,92.06,42.34,49.26,96.48,81.0666,4.14,1,0,0,0,0,0,0,1,18067.85,0.0661,low,0.0
CUST002133,778,excellent,99.88,81.91,49.71,33.9,93.24,79.7019,12.05,2,0,0,0,0,0,0,2,93270.98,0.0691,low,0.0
CUST002134,666,risky,27.24,89.58,84.15,77.69,52.55,61.0547,7.21,6,4,4,0,0,0,1,5,31292.13,1.2823,low,0.1667
CUST002135,816,excellent,88.26,90.68,72.2,78.09,93.12,86.0474,1.83,9,0,0,0,0,0,1,5,79228.83,0.7166,low,0.1667
CUST002136,619,high_risk,20.95,81.85,66.96,65.59,57.15,53.2073,13.92,8,3,4,1,0,0,1,0,113091.15,1.9743,moderate,0.5
CUST002137,834,excellent,90.59,98.22,83.99,53.23,98.57,88.9498,9.93,7,0,0,0,0,0,1,4,48529.57,0.4155,low,0.2
CUST002138,834,excellent,94.69,95.03,87.53,46.83,95.27,88.9898,8.41,19,0,0,0,0,0,0,0,128950.17,0.163,low,0.0
CUST002139,744,good,86.59,89.19,29.41,32.79,92.19,73.9709,7.66,0,0,0,0,0,0,0,1,36959.52,0.0649,low,0.0
CUST002140,789,excellent,89.95,76.24,93.6,36.35,93.86,81.4173,12.22,10,0,0,0,0,0,0,7,105580.8,0.0106,low,0.0
CUST002141,802,excellent,96.34,82.65,85.33,32.25,92.04,83.7429,13.04,14,0,0,0,0,0,0,0,67136.77,0.1135,low,0.0
CUST002142,721,good,52.24,86.37,89.89,34.98,90.55,70.2287,14.96,16,0,4,0,0,0,0,5,425817.93,0.0232,low,0.0
CUST002143,824,excellent,87.81,97.92,83.82,51.78,95.04,87.3646,3.67,9,0,0,0,0,0,1,0,236102.27,0.5471,low,0.5
CUST002144,752,excellent,85.27,75.85,67.64,32.47,92.95,75.2888,13.21,6,0,0,0,0,0,0,2,304714.01,0.1491,low,0.0
CUST002145,824,excellent,89.9,89.21,77.75,75.42,99.57,87.3894,7.23,6,0,0,0,0,0,1,6,117769.61,0.8508,low,0.1429
CUST002146,846,excellent,93.38,99.28,90.2,63.16,87.46,91.0596,8.16,18,1,0,0,0,0,1,7,49064.14,0.6602,low,0.125
CUST002147,839,excellent,98.52,98.12,68.83,64.49,91.59,89.8485,8.07,9,1,0,0,0,0,1,7,23099.54,0.4644,low,0.125
CUST002148,795,excellent,88.19,88.86,74.31,63.09,74.45,82.4253,12.06,6,2,0,0,0,0,1,6,227667.03,0.5325,low,0.1429
CUST002149,805,excellent,77.88,99.1,77.46,62.76,92.46,84.1299,1.58,9,0,1,0,0,0,1,2,92748.58,0.5482,low,0.3333
CUST002150,813,excellent,94.76,98.18,73.9,34.1,83.75,85.4927,3.24,8,1,0,0,0,0,0,5,59751.7,0.1263,low,0.0
CUST002151,618,high_risk,10.42,78.67,86.39,67.51,69.97,52.9548,12.33,17,2,6,0,0,0,1,0,104268.11,1.5891,moderate,0.5
CUST002152,750,excellent,85.55,81.26,62.39,45.28,68.4,75.0462,12.5,4,2,0,0,0,0,0,5,313111.04,0.0115,low,0.0
CUST002153,690,risky,66.12,75.14,61.07,31.68,69.27,64.9396,12.62,2,2,0,0,0,0,0,2,51426.09,0.03,low,0.0
CUST002154,745,good,88.48,58.53,90.17,50.81,69.8,74.1136,46.33,13,2,0,0,0,0,1,3,237294.46,0.7027,low,0.25
CUST002155,839,excellent,99.58,96.58,81.22,47.17,91.12,89.8397,9.42,5,0,0,0,0,0,0,0,26836.81,0.1105,low,0.0
CUST002156,829,excellent,92.98,89.55,98.53,61.13,78.31,88.1315,10.1,20,2,0,0,0,0,1,3,87063.77,0.7137,low,0.25
CUST002157,713,good,43.37,97.07,58.03,68.57,90.37,68.8976,1.12,3,1,2,0,0,0,1,2,48519.1,0.9774,low,0.3333
CUST002158,756,excellent,88.67,84.04,55.3,32.86,82.11,76.0404,13.9,2,1,0,0,0,0,0,0,643497.98,0.1455,low,0.0
CUST002159,764,excellent,72.11,96.6,69.55,35.22,91.48,77.3215,2.39,5,0,0,0,0,0,0,1,238381.19,0.1533,low,0.0
CUST002160,833,excellent,99.99,88.72,85.1,52.44,92.41,88.8614,1.23,11,0,0,0,0,0,1,0,145909.76,0.5219,low,0.5
CUST002161,737,good,94.76,48.11,65.38,59.23,95.28,72.8556,54.4,5,0,0,0,0,0,1,4,89275.55,0.7749,low,0.2
CUST002162,805,excellent,97.91,98.63,59.77,35.07,77.83,84.115,5.77,2,2,0,0,0,0,0,5,55728.25,0.0535,low,0.0
CUST002163,819,excellent,92.97,92.71,77.16,54.41,90.88,86.4581,4.24,6,1,0,0,0,0,1,2,22518.5,0.7211,low,0.3333
CUST002164,823,excellent,89.46,98.16,70.37,68.57,90.45,87.2155,7.51,8,0,0,0,0,0,1,6,51833.74,0.792,low,0.1429
CUST002165,804,excellent,85.85,99.59,46.56,72.85,98.2,84.0124,9.37,4,0,0,0,0,0,1,3,207794.95,0.6398,low,0.25
CUST002166,834,excellent,95.28,98.99,77.64,47.93,95.96,89.0787,2.54,7,0,0,0,0,0,1,6,62219.7,0.8292,low,0.1429
CUST002167,845,excellent,99.78,94.41,89.85,48.6,91.86,90.7696,5.69,14,1,0,0,0,0,1,4,103851.95,0.9537,low,0.2
CUST002168,744,good,69.15,87.9,79.39,47.64,67.04,73.9496,12.34,9,2,0,0,0,0,0,4,53375.63,0.0291,low,0.0
CUST002169,850,excellent,98.36,99.85,96.1,34.89,94.53,91.7364,2.22,13,0,0,0,0,0,0,2,218523.67,0.1142,low,0.0
CUST002170,771,excellent,93.71,78.75,58.7,37.04,95.54,78.488,11.79,3,0,0,0,0,0,0,1,92569.36,0.0821,low,0.0
CUST002171,781,excellent,87.47,85.91,70.94,39.94,91.43,80.1634,10.11,5,1,0,0,0,0,0,6,189665.7,0.1016,low,0.0
CUST002172,779,excellent,97.18,76.24,72.05,33.22,87.73,79.7882,10.08,8,1,0,0,0,0,0,6,28938.78,0.0356,low,0.0
CUST002173,647,high_risk,25.96,97.35,44.11,49.96,79.78,57.8809,2.44,1,2,4,0,0,0,0,6,73159.39,0.0163,low,0.0
CUST002174,705,good,41.9,85.51,85.69,46.7,96.86,67.5266,14.03,10,0,4,0,0,0,0,6,29381.89,0.1077,low,0.0
CUST002175,787,excellent,98.51,69.04,72.16,53.25,98.57,81.1943,35.82,9,0,0,0,0,0,0,1,301446.22,0.1519,low,0.0
CUST002176,555,high_risk,4.52,93.05,41.46,39.32,27.8,42.4268,9.65,1,6,4,0,1,1,0,5,111246.55,0.2784,low,0.0
CUST002177,819,excellent,99.75,80.19,88.24,42.42,99.71,86.4197,11.93,16,0,0,0,0,0,0,6,120190.78,0.1048,low,0.0
CUST002178,778,excellent,99.01,75.41,64.12,35.39,92.78,79.713,14.76,2,0,0,0,0,0,0,3,177755.73,0.0719,low,0.0
CUST002179,721,good,57.0,92.62,72.29,41.94,73.63,70.136,7.47,6,2,4,0,0,0,0,7,240728.53,0.1531,low,0.0
CUST002180,785,excellent,92.24,77.01,75.58,49.11,92.16,80.8496,13.78,6,0,0,0,0,0,0,7,20554.93,0.1335,low,0.0
CUST002181,748,good,63.13,97.69,86.64,33.99,68.1,74.6066,4.59,15,2,1,0,0,0,0,6,155813.84,0.0852,low,0.0
CUST002182,829,excellent,92.86,88.55,99.35,46.69,95.18,88.1552,4.76,13,0,0,0,0,0,1,1,104584.44,0.3676,low,0.5
CUST002183,764,excellent,88.42,97.36,37.92,30.25,84.85,77.3554,7.56,1,1,0,0,0,0,0,5,219269.04,0.1371,low,0.0
CUST002184,833,excellent,99.3,92.02,82.45,52.6,89.04,88.8913,6.45,5,1,0,0,0,0,1,1,91984.14,0.5976,low,0.5
CUST002185,777,excellent,93.25,81.73,57.52,42.96,93.47,79.4242,11.44,4,0,0,0,0,0,0,1,116974.74,0.0811,low,0.0
CUST002186,833,excellent,99.64,99.86,66.61,48.37,90.92,88.7518,3.19,8,0,0,0,0,0,0,6,170164.71,0.118,low,0.0
CUST002187,816,excellent,92.16,89.49,75.41,59.08,96.98,86.0192,25.65,5,0,0,0,0,0,0,2,108571.76,0.0614,low,0.0
CUST002188,785,excellent,76.98,99.3,75.33,33.69,93.86,80.7865,9.6,7,0,0,0,0,0,0,4,270619.62,0.0158,low,0.0
CUST002189,803,excellent,93.91,88.29,83.39,37.16,82.19,83.7974,3.12,5,1,0,0,0,0,0,0,86377.57,0.1616,low,0.0
CUST002190,767,excellent,98.86,75.96,47.02,42.7,92.03,77.9157,10.15,2,0,0,0,0,0,0,5,66165.41,0.1309,low,0.0
CUST002191,808,excellent,91.98,88.8,67.25,65.95,92.33,84.7495,4.54,8,0,0,0,0,0,1,0,29242.38,0.9043,low,0.5
CUST002192,750,excellent,87.74,91.28,27.32,34.2,93.9,75.0017,3.48,0,0,0,0,0,0,0,1,32034.45,0.1416,low,0.0
CUST002193,762,excellent,73.35,79.58,90.6,54.97,83.72,77.005,12.11,10,1,1,0,0,0,1,1,80744.48,0.5545,low,0.5
CUST002194,843,excellent,98.79,93.01,91.22,48.43,95.47,90.5548,7.69,10,0,0,0,0,0,1,6,132541.7,0.5147,low,0.1429
CUST002195,777,excellent,71.33,85.14,81.85,68.87,98.93,79.5643,21.25,9,0,1,0,0,0,1,4,309507.59,0.618,low,0.2
CUST002196,767,excellent,89.54,90.72,45.54,34.04,90.86,77.8764,3.21,3,0,0,0,0,0,0,7,54359.75,0.0772,low,0.0
CUST002197,832,excellent,97.12,96.55,98.08,42.98,67.1,88.676,8.52,18,2,0,0,0,0,0,3,72290.03,0.078,low,0.0
CUST002198,638,high_risk,44.78,75.44,61.56,36.92,51.04,56.3335,11.35,2,3,1,0,0,0,0,1,339939.9,0.1619,low,0.0
CUST002199,816,excellent,89.62,88.92,95.15,46.41,90.25,85.982,2.86,19,0,0,0,0,0,0,6,53593.7,0.0393,low,0.0
CUST002200,649,high_risk,25.17,99.14,50.22,44.78,76.01,58.1626,4.53,3,2,4,0,0,0,0,6,66406.67,0.0621,low,0.0
CUST002201,785,excellent,90.06,95.38,54.47,37.45,87.29,80.7813,8.77,3,1,0,0,0,0,0,6,44665.57,0.1343,low,0.0
CUST002202,624,high_risk,14.92,93.77,71.09,71.95,38.35,54.0467,1.59,5,5,5,0,0,0,1,0,292345.33,2.1646,moderate,0.5
CUST002203,855,excellent,99.74,96.79,85.14,63.14,94.97,92.5297,5.42,16,0,0,0,0,0,1,6,187812.05,0.6297,low,0.1429
CUST002204,722,good,87.17,75.01,25.13,37.42,98.56,70.3801,10.75,0,0,0,0,0,0,0,7,63237.44,0.1523,low,0.0
CUST002205,773,excellent,88.11,94.72,51.59,35.05,82.64,78.7642,4.83,2,1,0,0,0,0,0,5,480768.65,0.0522,low,0.0
CUST002206,541,high_risk,10.94,79.66,11.61,43.54,64.24,40.246,14.92,0,4,7,0,1,1,0,1,59889.84,0.1768,low,0.0
CUST002207,663,risky,27.1,84.19,86.4,42.92,84.84,60.4755,10.71,20,1,3,0,0,0,0,7,26750.58,0.085,low,0.0
CUST002208,662,risky,27.34,90.11,85.39,36.82,72.28,60.3235,0.2,10,2,1,0,0,0,0,0,12120.31,0.0375,low,0.0
CUST002209,715,good,51.46,89.22,81.59,33.0,88.35,69.1493,4.1,7,1,3,0,0,0,0,6,113300.57,0.2234,low,0.0
CUST002210,821,excellent,87.56,89.64,84.76,70.05,95.43,86.8014,4.56,8,0,0,0,0,0,1,7,68854.18,0.7349,low,0.125
CUST002211,801,excellent,77.42,96.64,83.63,48.77,99.92,83.5021,5.01,8,0,0,0,0,0,0,5,30203.78,0.0551,low,0.0
CUST002212,668,risky,39.49,94.07,76.18,30.15,47.71,61.256,3.09,6,3,1,0,0,0,0,1,85874.74,0.2085,low,0.0
CUST002213,846,excellent,94.87,96.2,97.94,44.44,98.75,91.0742,5.92,12,0,0,0,0,0,0,2,62423.13,0.1443,low,0.0
CUST002214,781,excellent,86.13,84.29,99.05,45.71,52.25,80.0865,11.78,15,3,0,0,0,0,0,5,136588.85,0.0703,low,0.0
CUST002215,654,risky,50.01,87.08,38.95,36.9,57.71,58.9305,14.25,1,3,4,0,0,0,0,1,123390.71,0.2161,low,0.0
CUST002216,831,excellent,97.84,96.54,71.8,45.67,99.96,88.5416,0.91,9,0,0,0,0,0,1,1,456722.89,0.8028,low,0.5
CUST002217,772,excellent,72.31,96.61,43.35,88.57,90.39,78.6867,6.17,1,0,1,0,0,0,2,0,196682.7,0.9364,low,0.6667
CUST002218,817,excellent,88.26,95.24,97.72,39.58,81.34,86.2125,6.86,17,1,0,0,0,0,0,4,47803.47,0.0639,low,0.0
CUST002219,731,good,65.94,88.45,59.65,39.13,92.82,71.757,12.46,4,0,1,0,0,0,0,2,64872.78,0.0263,low,0.0
CUST002220,754,excellent,61.8,88.29,91.49,66.47,82.07,75.694,13.75,14,1,2,0,0,0,1,2,139421.85,1.0832,low,0.3333
CUST002221,810,excellent,93.99,94.81,51.42,68.29,90.95,84.9762,3.2,2,0,0,0,0,0,1,4,294630.85,0.6348,low,0.2
CUST002222,750,excellent,57.54,91.26,98.09,41.4,86.33,75.0055,5.82,12,1,2,0,0,0,0,2,116807.08,0.1457,low,0.0
CUST002223,738,good,64.09,97.19,69.58,31.4,78.14,72.982,5.48,5,2,4,0,0,0,0,3,198449.3,0.2491,low,0.0
CUST002224,793,excellent,87.45,93.6,56.21,54.62,96.43,82.2247,5.16,4,0,0,0,0,0,1,5,37850.06,0.6618,low,0.1667
CUST002225,637,high_risk,26.77,86.29,82.49,44.23,41.9,56.2428,13.76,9,3,6,0,0,1,0,3,27146.32,0.2588,low,0.0
CUST002226,849,excellent,99.72,95.84,98.97,39.44,90.52,91.4945,2.73,20,0,0,0,0,0,0,5,131975.02,0.164,low,0.0
CUST002227,848,excellent,98.75,95.29,82.19,62.59,96.14,91.3522,2.11,6,0,0,0,0,0,1,1,183208.06,0.6901,low,0.5
CUST002228,765,excellent,89.55,93.45,47.23,37.42,72.55,77.46,1.44,4,2,0,0,0,0,0,3,27224.51,0.1396,low,0.0
CUST002229,710,good,50.12,89.95,78.1,49.45,71.62,68.3494,6.99,9,2,1,0,0,0,0,5,147497.43,0.0255,low,0.0
CUST002230,702,good,43.72,93.29,86.59,36.82,70.67,67.0272,5.93,15,2,4,0,0,0,0,6,19809.41,0.1299,low,0.0
CUST002231,740,good,50.51,95.9,90.68,47.48,85.75,73.3741,0.28,13,1,2,0,0,0,0,7,175722.29,0.1344,low,0.0
CUST002232,698,risky,43.19,98.83,70.92,32.42,77.09,66.3534,2.34,6,2,4,0,0,0,0,4,30709.04,0.0266,low,0.0
CUST002233,773,excellent,97.82,86.9,28.59,56.69,86.24,78.8877,12.16,0,1,0,0,0,0,1,5,235243.99,0.9714,low,0.1667
CUST002234,792,excellent,88.21,96.08,55.37,44.94,95.04,82.0002,4.03,2,0,0,0,0,0,0,6,133936.14,0.0091,low,0.0
CUST002235,784,excellent,65.04,96.96,88.15,70.8,85.17,80.6711,6.81,14,1,1,0,0,0,1,5,81438.91,0.4294,low,0.1667
CUST002236,808,excellent,98.12,82.99,90.76,35.56,82.83,84.6883,11.12,20,1,0,0,0,0,0,4,352131.29,0.0525,low,0.0
CUST002237,853,excellent,99.53,96.41,94.9,49.95,91.21,92.1095,2.97,11,1,0,0,0,0,0,6,228809.67,0.1036,low,0.0
CUST002238,692,risky,47.88,90.48,55.88,39.28,91.71,65.3841,6.92,4,0,4,0,0,0,0,6,148186.4,0.1019,low,0.0
CUST002239,833,excellent,93.4,99.21,66.21,75.3,88.96,88.8106,0.62,7,1,0,0,0,0,1,6,168892.74,0.9408,low,0.1429
CUST002240,640,high_risk,43.3,83.11,30.71,43.07,76.13,56.6122,12.76,0,2,1,0,0,0,0,7,116556.0,0.1848,low,0.0
CUST002241,797,excellent,85.81,84.78,96.67,42.22,86.02,82.7922,11.8,15,1,0,0,0,0,0,5,290360.42,0.0681,low,0.0
CUST002242,813,excellent,94.7,91.12,85.9,30.98,90.55,85.5177,1.05,10,1,0,0,0,0,0,1,295858.53,0.0977,low,0.0
CUST002243,647,high_risk,58.99,82.84,11.09,41.35,65.07,57.8033,13.15,0,2,1,0,0,0,0,7,22989.81,0.002,low,0.0
CUST002244,787,excellent,91.54,96.71,48.19,30.09,98.95,81.1871,6.45,2,0,0,0,0,0,0,0,219339.65,0.0642,low,0.0
CUST002245,798,excellent,88.02,91.28,78.71,32.9,97.51,83.0384,8.67,5,0,0,0,0,0,0,6,51581.41,0.0042,low,0.0
CUST002246,815,excellent,89.93,97.22,73.96,60.38,80.75,85.8487,1.26,8,1,0,0,0,0,1,0,332427.46,0.8244,low,0.5
CUST002247,769,excellent,98.79,77.15,48.37,36.18,96.36,78.23,13.47,1,0,0,0,0,0,0,0,294096.68,0.071,low,0.0
CUST002248,763,excellent,99.16,88.84,12.44,48.14,90.75,77.112,4.18,0,0,0,0,0,0,0,5,281985.31,0.0542,low,0.0
CUST002249,811,excellent,91.55,95.12,72.94,41.14,95.97,85.2303,8.41,8,0,0,0,0,0,0,7,56013.01,0.125,low,0.0
CUST002250,781,excellent,93.4,75.59,72.54,40.13,99.39,80.199,12.23,9,0,0,0,0,0,0,2,146632.25,0.1537,low,0.0
CUST002251,738,good,89.73,91.44,19.65,30.33,81.99,73.0168,6.35,0,1,0,0,0,0,0,0,32383.58,0.1293,low,0.0
CUST002252,782,excellent,96.11,81.65,58.74,34.46,99.58,80.3479,14.53,2,0,0,0,0,0,0,7,748412.53,0.1141,low,0.0
CUST002253,791,excellent,86.85,81.16,86.46,40.56,99.87,81.7591,14.32,20,0,0,0,0,0,0,3,60654.86,0.063,low,0.0
CUST002254,750,excellent,65.78,74.31,96.3,53.89,98.06,74.9551,31.11,14,0,0,0,0,0,0,5,88559.97,0.0579,low,0.0
CUST002255,794,excellent,92.35,88.65,72.23,33.77,92.66,82.3938,4.2,8,0,0,0,0,0,0,5,203835.48,0.0699,low,0.0
CUST002256,835,excellent,95.18,90.37,99.9,57.34,80.75,89.2193,6.57,12,1,0,0,0,0,1,1,42084.26,0.3606,low,0.5
CUST002257,785,excellent,92.25,88.79,64.38,31.25,90.59,80.7647,3.05,2,0,0,0,0,0,0,5,140884.11,0.002,low,0.0
CUST002258,823,excellent,95.24,91.82,87.2,51.09,81.59,87.2296,4.25,12,1,0,0,0,0,1,6,52187.24,0.9365,low,0.1429
CUST002259,793,excellent,95.61,86.37,71.12,30.97,90.07,82.1463,12.35,9,0,0,0,0,0,0,4,236723.47,0.0614,low,0.0
CUST002260,749,good,92.69,78.33,34.92,36.84,99.64,74.8286,12.22,1,0,0,0,0,0,0,5,40180.25,0.1217,low,0.0
CUST002261,758,excellent,85.83,81.01,69.73,48.16,67.24,76.3444,12.19,6,2,0,0,0,0,0,4,22706.79,0.0281,low,0.0
CUST002262,816,excellent,93.01,97.01,58.07,75.78,80.42,85.9853,1.77,2,1,0,0,0,0,1,7,52911.18,0.9481,low,0.125
CUST002263,642,high_risk,13.29,96.11,75.92,69.2,61.79,56.9702,3.81,5,4,5,1,0,0,1,7,71161.45,1.3528,low,0.125
CUST002264,786,excellent,85.29,96.29,44.45,72.77,83.75,81.0574,5.47,1,1,0,0,0,0,1,6,141854.61,0.8469,low,0.1429
CUST002265,801,excellent,93.48,81.11,83.12,48.7,90.43,83.4325,12.35,6,0,0,0,0,0,0,5,113042.01,0.0963,low,0.0
CUST002266,812,excellent,98.81,95.41,71.04,30.39,83.66,85.2645,2.91,5,1,0,0,0,0,0,6,390619.89,0.027,low,0.0
CUST002267,767,excellent,87.34,81.94,65.31,30.38,98.7,77.8559,11.97,9,0,0,0,0,0,0,1,43131.32,0.0691,low,0.0
CUST002268,761,excellent,67.1,90.24,75.11,51.98,97.47,76.7693,9.64,6,0,0,0,0,0,2,4,227516.74,0.501,low,0.3333
CUST002269,821,excellent,92.71,79.31,80.7,94.15,90.61,86.8204,14.56,8,1,0,0,0,0,2,7,107178.66,0.9243,low,0.2222
CUST002270,721,good,42.69,98.3,83.29,47.85,85.03,70.2158,9.91,7,1,1,0,0,0,0,5,195388.08,0.1036,low,0.0
CUST002271,778,excellent,97.9,92.46,31.88,38.9,90.15,79.689,1.19,1,0,0,0,0,0,0,5,98927.37,0.1655,low,0.0
CUST002272,821,excellent,93.56,88.67,86.24,49.03,96.07,86.7912,12.49,10,0,0,0,0,0,0,6,384134.59,0.1632,low,0.0
CUST002273,797,excellent,94.88,87.75,74.42,34.03,87.9,82.8865,11.39,6,1,0,0,0,0,0,2,165150.24,0.1571,low,0.0
CUST002274,825,excellent,97.28,97.98,74.32,39.36,90.52,87.5802,1.63,9,0,0,0,0,0,0,1,34848.19,0.0173,low,0.0
CUST002275,700,good,53.4,94.31,69.38,35.5,57.34,66.6736,5.88,9,3,3,0,0,0,0,5,54988.11,0.1233,low,0.0
CUST002276,825,excellent,94.65,99.97,77.11,36.67,91.78,87.5315,7.55,7,1,0,0,0,0,0,4,37884.36,0.1625,low,0.0
CUST002277,796,excellent,89.62,89.8,68.51,49.2,92.27,82.7274,7.93,9,0,0,0,0,0,0,5,46137.18,0.009,low,0.0
CUST002278,747,good,88.72,81.16,38.71,36.36,97.4,74.5827,13.19,1,0,0,0,0,0,0,4,7343.89,0.0128,low,0.0
CUST002279,846,excellent,96.71,99.83,74.08,64.52,96.84,91.0461,6.73,9,0,0,0,0,0,1,6,62278.46,0.7503,low,0.1429
CUST002280,834,excellent,92.31,94.98,93.28,47.4,94.62,88.9968,6.87,18,0,0,0,0,0,1,0,223630.99,0.8444,low,0.5
CUST002281,834,excellent,87.59,96.78,99.24,55.5,88.24,88.9522,2.14,17,1,0,0,0,0,1,0,120340.64,0.648,low,0.5
CUST002282,597,high_risk,17.07,91.91,67.64,31.79,26.29,49.5026,2.76,7,5,7,0,0,1,0,2,77701.35,0.4684,low,0.0
CUST002283,776,excellent,90.8,95.76,49.8,31.94,81.38,79.3113,7.73,4,1,0,0,0,0,0,1,46049.99,0.0014,low,0.0
CUST002284,838,excellent,99.46,92.13,97.13,35.35,91.94,89.7464,7.33,12,0,0,0,0,0,0,1,74671.98,0.1459,low,0.0
CUST002285,711,good,88.28,34.79,81.12,55.85,94.63,68.5514,50.59,5,0,0,0,0,0,0,2,43706.96,0.0188,low,0.0
CUST002286,858,excellent,97.23,93.82,90.46,76.22,97.14,93.0806,7.52,10,0,0,0,0,0,1,1,105877.78,0.3883,low,0.5
CUST002287,807,excellent,91.35,83.55,95.64,45.2,85.76,84.4772,13.29,13,1,0,0,0,0,0,2,51202.41,0.0755,low,0.0
CUST002288,734,good,86.81,89.57,15.62,36.95,90.2,72.312,12.1,0,0,0,0,0,0,0,3,64649.84,0.02,low,0.0
CUST002289,674,risky,40.81,90.18,70.43,60.49,53.19,62.27,1.43,7,4,2,0,0,0,1,3,75041.73,1.2078,low,0.25
CUST002290,657,risky,25.46,90.03,93.22,34.6,61.99,59.5625,2.01,18,4,7,0,0,1,0,4,138402.59,0.346,low,0.0
CUST002291,811,excellent,89.23,84.93,99.15,36.8,98.72,85.1338,10.96,11,0,0,0,0,0,0,7,41583.87,0.0608,low,0.0
CUST002292,808,excellent,96.33,79.19,78.2,54.89,99.88,84.6762,10.8,6,0,0,0,0,0,1,7,89210.27,0.5513,low,0.125
CUST002293,682,risky,40.62,95.53,64.5,48.22,63.74,63.7457,4.24,2,3,4,0,0,0,0,7,80402.59,0.1946,low,0.0
CUST002294,782,excellent,85.6,94.6,50.86,46.38,97.65,80.3744,4.17,3,0,0,0,0,0,1,6,40121.31,0.7223,low,0.1429
CUST002295,808,excellent,94.74,94.59,68.63,46.3,81.63,84.6253,7.84,9,1,0,0,0,0,1,0,76351.56,0.7602,low,0.5
CUST002296,810,excellent,98.45,94.27,60.79,45.74,84.98,84.928,7.59,2,1,0,0,0,0,0,1,195457.22,0.0564,low,0.0
CUST002297,814,excellent,95.02,94.5,62.4,50.04,96.89,85.6605,0.87,3,0,0,0,0,0,1,6,143968.14,0.4941,low,0.1429
CUST002298,666,risky,52.93,80.27,57.98,44.99,51.99,61.002,14.31,3,3,1,0,0,0,0,3,59180.7,0.0716,low,0.0
CUST002299,813,excellent,86.94,91.18,87.25,46.41,99.87,85.4995,8.86,10,0,0,0,0,0,0,7,186465.19,0.1599,low,0.0
CUST002300,796,excellent,86.29,94.76,62.95,47.16,98.01,82.5881,4.22,4,0,0,0,0,0,1,4,659499.02,0.4875,low,0.2
CUST002301,816,excellent,90.73,84.36,99.6,43.89,96.1,86.003,14.72,20,0,0,0,0,0,0,2,206209.26,0.0378,low,0.0
CUST002302,678,risky,62.63,93.22,18.82,34.11,69.13,63.033,4.42,0,2,2,0,0,0,0,1,592798.26,0.0499,low,0.0
CUST002303,803,excellent,86.37,86.41,87.32,45.84,99.54,83.7853,11.0,18,0,0,0,0,0,0,4,260205.83,0.0211,low,0.0
CUST002304,742,good,94.12,77.09,30.84,30.59,99.1,73.663,12.72,0,0,0,0,0,0,0,4,50125.81,0.0179,low,0.0
CUST002305,746,good,94.89,89.31,12.6,34.02,90.11,74.3074,4.24,0,1,0,0,0,0,0,5,42765.49,0.0483,low,0.0
CUST002306,809,excellent,88.09,82.05,80.85,74.22,98.26,84.8223,10.78,7,0,0,0,0,0,1,2,151697.61,0.3405,low,0.3333
CUST002307,830,excellent,94.44,93.04,97.89,41.74,85.28,88.3524,8.92,14,1,0,0,0,0,0,0,39501.98,0.0055,low,0.0
CUST002308,823,excellent,91.21,93.44,75.14,61.12,98.48,87.1837,8.93,7,0,0,0,0,0,1,3,110269.97,0.8209,low,0.25
CUST002309,815,excellent,95.37,88.95,78.96,63.69,75.53,85.8301,9.77,8,2,0,0,0,0,1,2,33800.2,0.3727,low,0.3333
CUST002310,835,excellent,85.69,96.52,86.74,76.61,95.35,89.1568,5.67,13,0,0,0,0,0,1,4,16968.14,0.9496,low,0.2
CUST002311,807,excellent,87.65,94.82,97.2,42.99,65.7,84.5712,3.66,12,2,0,0,0,0,0,0,188548.58,0.0263,low,0.0
CUST002312,772,excellent,85.59,81.24,57.33,60.75,96.9,78.6931,13.86,4,0,0,0,0,0,1,4,11219.94,0.7446,low,0.2
CUST002313,844,excellent,97.12,95.88,85.04,61.97,90.34,90.7411,2.59,17,0,0,0,0,0,1,1,61179.76,0.5964,low,0.5
CUST002314,793,excellent,91.51,88.91,64.23,42.04,95.69,82.1073,5.46,4,0,0,0,0,0,0,1,106473.68,0.1282,low,0.0
CUST002315,795,excellent,96.42,78.42,75.72,54.02,83.88,82.419,11.03,5,1,0,0,0,0,1,6,178795.54,0.6907,low,0.1429
CUST002316,642,high_risk,5.29,97.74,93.14,43.05,75.63,57.0114,0.26,12,2,5,1,1,1,0,0,230720.5,0.59,low,0.0
CUST002317,738,good,86.59,91.88,14.89,44.46,83.88,72.9392,4.0,0,1,0,0,0,0,0,4,83031.16,0.1159,low,0.0
CUST002318,864,excellent,98.08,98.65,88.32,85.09,82.6,93.9394,6.78,11,1,0,0,0,0,2,3,39334.35,0.6744,low,0.4
CUST002319,805,excellent,87.47,94.13,69.93,63.81,83.79,84.1021,6.78,7,1,0,0,0,0,1,1,48577.95,0.974,low,0.5
CUST002320,823,excellent,85.9,99.08,89.49,48.34,90.67,87.1137,6.66,11,0,0,0,0,0,1,3,151036.74,0.688,low,0.25
CUST002321,831,excellent,89.31,95.96,98.28,40.94,96.54,88.5378,1.76,13,0,0,0,0,0,0,3,121381.12,0.0172,low,0.0
CUST002322,647,high_risk,22.42,90.54,96.01,30.71,53.69,57.8486,0.96,15,4,3,0,0,1,0,5,92270.18,0.2721,low,0.0
CUST002323,694,risky,48.65,82.51,89.14,36.68,67.97,65.617,13.58,13,2,4,0,0,0,0,3,33491.19,0.0599,low,0.0
CUST002324,754,excellent,79.85,76.95,72.49,39.5,98.19,75.6778,13.32,8,0,0,0,0,0,0,0,31623.96,0.1256,low,0.0
CUST002325,720,good,47.08,83.24,95.95,63.62,78.11,70.0159,22.09,16,2,3,0,0,0,0,5,74470.81,0.1179,low,0.0
CUST002326,757,excellent,94.62,92.77,15.88,43.41,85.46,76.2184,1.75,0,1,0,0,0,0,0,6,5920.79,0.007,low,0.0
CUST002327,729,good,85.89,47.75,85.39,47.09,96.34,71.5363,57.24,15,0,0,0,0,0,0,4,87371.5,0.0253,low,0.0
CUST002328,815,excellent,87.3,94.86,94.22,41.87,85.76,85.9095,5.78,10,1,0,0,0,0,0,7,108722.03,0.0935,low,0.0
CUST002329,687,risky,43.63,95.15,87.12,33.22,43.27,64.5306,8.07,12,3,4,0,0,0,0,0,43214.98,0.1581,low,0.0
CUST002330,812,excellent,87.52,94.04,85.13,36.89,99.54,85.255,8.37,15,0,0,0,0,0,0,6,395863.46,0.0037,low,0.0
CUST002331,776,excellent,97.91,77.39,59.4,39.61,90.04,79.3604,12.31,2,0,0,0,0,0,0,2,41592.01,0.027,low,0.0
CUST002332,809,excellent,99.13,96.12,45.73,46.15,98.82,84.8903,3.22,2,0,0,0,0,0,0,1,32587.51,0.1377,low,0.0
CUST002333,756,excellent,86.49,85.6,48.45,38.91,89.35,76.0431,13.17,3,1,0,0,0,0,0,3,209817.12,0.1422,low,0.0
CUST002334,709,good,53.1,91.5,56.16,46.92,90.8,68.2309,0.7,3,0,3,0,0,0,0,7,254832.67,0.2296,low,0.0
CUST002335,777,excellent,92.5,93.48,32.7,44.61,97.02,79.4847,1.73,1,0,0,0,0,0,0,4,25590.17,0.1454,low,0.0
CUST002336,683,risky,57.2,91.85,30.8,45.63,71.45,63.9042,6.65,1,2,3,0,0,0,0,3,135581.49,0.2252,low,0.0
CUST002337,661,risky,47.2,92.31,35.95,35.86,70.26,60.2179,5.6,1,2,1,0,0,0,0,0,219721.14,0.061,low,0.0
CUST002338,823,excellent,92.31,97.03,88.79,31.37,92.59,87.1346,6.35,10,0,0,0,0,0,0,4,82991.53,0.0858,low,0.0
CUST002339,760,excellent,63.28,90.23,89.35,64.76,86.37,76.7332,4.97,14,1,1,0,0,0,1,2,54055.87,1.3723,low,0.3333
CUST002340,815,excellent,88.22,99.99,79.57,37.68,92.94,85.8688,2.34,7,0,0,0,0,0,0,0,65477.51,0.0349,low,0.0
CUST002341,660,risky,22.33,93.92,97.93,37.17,56.16,60.0148,0.31,12,4,7,1,0,1,0,4,51316.68,0.2562,low,0.0
CUST002342,650,risky,43.55,82.22,45.75,78.46,46.6,58.2761,10.59,3,3,4,0,0,0,1,6,334793.33,1.3012,low,0.1429
CUST002343,772,excellent,87.02,90.26,57.11,38.73,86.92,78.6668,9.47,2,1,0,0,0,0,0,5,573421.44,0.0017,low,0.0
CUST002344,787,excellent,92.24,81.0,67.53,48.66,95.21,81.0995,11.83,7,0,0,0,0,0,1,6,51854.76,0.976,low,0.1429
CUST002345,810,excellent,87.74,91.59,88.39,54.63,81.33,85.0405,2.37,12,1,0,0,0,0,1,1,143891.5,0.5028,low,0.5
CUST002346,822,excellent,87.22,98.26,96.21,34.0,91.99,87.0361,0.69,10,0,0,0,0,0,0,0,17131.3,0.0458,low,0.0
CUST002347,693,risky,66.25,41.22,98.69,54.0,97.91,65.5461,57.42,14,0,0,0,0,0,0,4,95697.7,0.0606,low,0.0
CUST002348,675,risky,39.02,92.85,74.12,49.03,50.41,62.5747,3.44,5,4,4,0,0,0,0,4,31222.44,0.0012,low,0.0
CUST002349,793,excellent,98.36,82.78,57.81,51.69,90.43,82.1428,10.3,2,0,0,0,0,0,1,2,79653.07,0.3708,low,0.3333
CUST002350,760,excellent,78.64,89.49,45.47,59.29,95.21,76.641,4.25,1,0,1,0,0,0,1,4,198924.29,0.9148,low,0.2
CUST002351,789,excellent,95.87,76.67,75.38,39.93,96.04,81.4575,12.25,6,0,0,0,0,0,0,4,65089.56,0.0893,low,0.0
CUST002352,780,excellent,73.61,99.76,55.44,60.91,98.74,79.9718,4.8,2,0,1,0,0,0,1,7,232895.18,0.5705,low,0.125
CUST002353,804,excellent,88.21,99.0,38.54,81.12,95.11,83.9792,8.49,1,0,0,0,0,0,2,3,97872.48,0.6621,low,0.4
CUST002354,798,excellent,96.74,99.06,34.13,45.72,97.15,82.9841,0.07,1,0,0,0,0,0,0,2,76496.13,0.0273,low,0.0
CUST002355,837,excellent,99.0,88.94,94.06,45.01,94.83,89.4277,1.43,17,0,0,0,0,0,1,5,23655.03,0.9715,low,0.1667
CUST002356,765,excellent,89.02,94.53,44.7,31.63,81.42,77.5251,3.1,1,1,0,0,0,0,0,0,153683.55,0.0012,low,0.0
CUST002357,770,excellent,86.6,78.82,83.75,37.72,80.11,78.3031,14.47,7,1,0,0,0,0,0,2,271100.22,0.1143,low,0.0
CUST002358,-1,no_history,99.01,98.05,13.57,34.19,83.99,77.9191,8.04,0,1,0,0,0,0,0,2,133187.22,0.0053,low,0.0
CUST002359,800,excellent,79.52,96.07,68.53,66.98,96.25,83.2565,5.49,5,0,0,0,0,0,1,1,62702.41,0.4617,low,0.5
CUST002360,800,excellent,87.86,89.75,79.79,37.45,99.8,83.3685,10.13,7,0,0,0,0,0,0,4,55705.91,0.0161,low,0.0
CUST002361,828,excellent,97.1,88.82,84.8,56.01,91.21,88.072,5.86,6,0,0,0,0,0,1,3,31363.18,0.6794,low,0.25
CUST002362,701,good,57.7,88.12,53.16,42.74,79.32,66.8134,1.5,4,2,4,0,0,0,0,5,32463.72,0.0142,low,0.0
CUST002363,666,risky,46.36,79.31,75.7,49.79,45.91,60.9437,11.44,6,3,1,0,0,0,0,4,27557.05,0.1197,low,0.0
CUST002364,837,excellent,90.39,98.65,95.95,44.86,93.81,89.4926,0.86,15,0,0,0,0,0,0,7,152069.31,0.0344,low,0.0
CUST002365,794,excellent,89.17,97.59,56.26,45.54,88.73,82.3499,8.05,4,1,0,0,0,0,0,7,105339.93,0.1318,low,0.0
CUST002366,739,good,89.84,83.48,14.57,49.28,94.97,73.0953,12.17,0,0,0,0,0,0,0,0,200964.42,0.0667,low,0.0
CUST002367,712,good,70.15,77.75,46.32,49.63,88.31,68.6197,12.33,3,1,0,0,0,0,0,1,67017.77,0.1223,low,0.0
CUST002368,803,excellent,89.62,92.77,67.13,46.33,99.77,83.8789,7.1,7,0,0,0,0,0,1,7,40458.38,0.8406,low,0.125
CUST002369,665,risky,38.35,91.27,75.47,43.94,43.48,60.8643,8.51,8,3,3,0,0,0,0,7,51887.88,0.1502,low,0.0
CUST002370,683,risky,44.78,89.8,79.09,42.66,50.1,63.7527,6.78,6,3,2,0,0,0,0,4,114196.88,0.1993,low,0.0
CUST002371,756,excellent,92.0,76.34,64.54,30.41,82.07,76.0335,13.0,2,1,0,0,0,0,0,2,177039.14,0.1465,low,0.0
CUST002372,735,good,75.63,77.42,71.05,31.51,90.59,72.5622,10.77,5,0,1,0,0,0,0,5,40654.16,0.1134,low,0.0
CUST002373,791,excellent,88.23,94.48,53.35,49.22,96.99,81.8465,3.9,4,0,0,0,0,0,0,4,94613.88,0.0875,low,0.0
CUST002374,628,high_risk,16.89,77.95,92.17,72.9,53.09,54.7205,13.85,10,4,6,0,0,0,1,6,92687.68,1.6467,moderate,0.1429
CUST002375,771,excellent,90.19,89.04,47.35,36.14,94.66,78.4628,12.51,2,0,0,0,0,0,0,7,116561.79,0.1292,low,0.0
CUST002376,757,excellent,69.14,88.87,83.52,35.95,92.48,76.2312,2.17,7,0,0,0,0,0,0,4,119677.89,0.1052,low,0.0
CUST002377,825,excellent,89.44,85.1,88.86,80.97,91.78,87.4391,12.77,14,1,0,0,0,0,2,2,89654.95,0.8301,low,0.5
CUST002378,811,excellent,93.8,95.11,79.48,31.97,86.34,85.1172,0.63,6,1,0,0,0,0,0,7,29565.38,0.0874,low,0.0
CUST002379,846,excellent,97.29,91.59,92.42,60.76,95.33,90.9985,8.59,15,0,0,0,0,0,1,6,69928.16,0.5673,low,0.1429
CUST002380,791,excellent,97.85,76.0,89.83,38.72,73.74,81.7663,13.78,12,2,0,0,0,0,0,0,153799.2,0.0403,low,0.0
CUST002381,794,excellent,93.68,96.67,53.39,34.67,91.19,82.3834,0.9,2,0,0,0,0,0,0,4,185920.83,0.0392,low,0.0
CUST002382,659,risky,21.58,99.79,92.91,46.6,38.26,59.9125,0.57,17,6,3,0,0,1,0,6,39789.14,0.4264,low,0.0
CUST002383,809,excellent,85.52,95.82,65.94,62.69,99.37,84.775,1.6,7,0,0,0,0,0,1,3,74007.14,0.9554,low,0.25
CUST002384,833,excellent,86.24,98.26,90.02,60.9,95.82,88.8374,1.73,15,0,0,0,0,0,1,5,62765.88,0.7796,low,0.1667
CUST002385,759,excellent,92.2,79.74,50.51,41.14,85.85,76.4673,10.95,2,1,0,0,0,0,0,0,70193.94,0.0201,low,0.0
CUST002386,720,good,43.0,94.1,92.21,46.37,82.21,69.9722,2.96,15,1,3,0,0,0,0,2,64471.25,0.2339,low,0.0
CUST002387,557,high_risk,4.19,80.49,26.92,48.77,83.02,42.8304,13.22,0,1,3,0,1,1,0,7,202184.75,0.5972,low,0.0
CUST002388,804,excellent,96.55,88.53,81.05,34.02,80.56,83.9658,7.17,6,1,0,0,0,0,0,4,244037.62,0.1373,low,0.0
CUST002389,804,excellent,85.2,92.32,86.28,48.27,86.58,83.9416,4.93,13,1,0,0,0,0,0,3,36299.74,0.072,low,0.0
CUST002390,768,excellent,76.63,91.28,60.39,50.95,96.68,78.026,6.29,3,0,1,0,0,0,1,1,213905.51,0.5063,low,0.5
CUST002391,810,excellent,89.82,98.66,69.9,43.03,91.22,84.943,2.6,6,0,0,0,0,0,0,2,94912.34,0.0237,low,0.0
CUST002392,836,excellent,93.84,99.73,71.97,73.06,84.99,89.3648,4.51,9,1,0,0,0,0,1,3,167569.61,0.5757,low,0.25
CUST002393,820,excellent,93.78,88.28,98.37,32.21,93.95,86.6804,0.59,19,0,0,0,0,0,0,0,167058.32,0.0792,low,0.0
CUST002394,786,excellent,68.05,92.42,79.75,78.86,96.33,81.0252,1.58,7,0,0,0,0,0,1,3,40894.01,0.8652,low,0.25
CUST002395,711,good,50.63,98.29,57.95,35.02,90.22,68.4252,9.91,2,0,3,0,0,0,0,3,63906.45,0.2108,low,0.0
CUST002396,793,excellent,97.77,77.06,71.26,65.02,75.95,82.1223,10.96,6,2,0,0,0,0,1,7,43125.79,0.6804,low,0.125
CUST002397,811,excellent,92.09,89.02,79.61,45.88,97.51,85.2172,10.63,5,0,0,0,0,0,0,3,164335.36,0.1041,low,0.0
CUST002398,766,excellent,88.7,86.75,44.41,43.57,95.5,77.6394,11.1,1,0,0,0,0,0,0,6,79908.12,0.1566,low,0.0
CUST002399,797,excellent,92.41,88.47,80.44,30.84,87.17,82.7514,13.24,6,1,0,0,0,0,0,5,169273.73,0.1394,low,0.0
CUST002400,758,excellent,95.68,92.1,30.84,35.64,70.45,76.3533,3.1,1,2,0,0,0,0,0,7,124809.44,0.1034,low,0.0
CUST002401,787,excellent,94.09,82.19,81.48,44.06,69.9,81.206,12.94,5,2,0,0,0,0,0,5,53336.2,0.1198,low,0.0
CUST002402,824,excellent,89.75,91.86,72.93,78.98,94.69,87.2774,7.36,7,0,0,0,0,0,1,1,62256.63,0.9723,low,0.5
CUST002403,673,risky,16.29,85.75,95.4,77.21,96.5,62.1073,13.93,16,0,8,0,0,0,1,1,116225.27,1.8048,moderate,0.5
CUST002404,632,high_risk,33.47,82.58,37.75,39.99,91.04,55.2558,10.29,1,0,1,0,0,0,0,0,537517.91,0.1345,low,0.0
CUST002405,740,good,85.02,75.81,51.46,32.71,98.0,73.2906,12.12,2,0,0,0,0,0,0,3,130660.09,0.0622,low,0.0
CUST002406,741,good,90.48,94.4,12.85,32.6,83.09,73.4825,2.79,0,1,0,0,0,0,0,2,123023.22,0.1355,low,0.0
CUST002407,794,excellent,92.95,94.66,51.83,43.95,92.56,82.356,9.12,4,0,0,0,0,0,0,4,220922.95,0.0636,low,0.0
CUST002408,769,excellent,93.73,87.2,47.53,40.34,80.24,78.1524,13.63,2,1,0,0,0,0,0,5,37257.59,0.0904,low,0.0
CUST002409,789,excellent,94.0,59.67,91.37,79.66,90.29,81.5011,36.57,10,0,0,0,0,0,1,6,52684.73,0.4527,low,0.1429
CUST002410,836,excellent,96.36,88.84,98.62,45.44,96.87,89.4015,0.24,14,0,0,0,0,0,1,6,47282.02,0.7378,low,0.1429
CUST002411,841,excellent,93.68,98.62,90.72,46.13,95.54,90.149,9.91,10,0,0,0,0,0,1,0,65303.19,0.9704,low,0.5
CUST002412,792,excellent,85.6,99.01,67.75,37.11,84.74,82.0094,4.47,5,1,0,0,0,0,0,0,405980.7,0.0277,low,0.0
CUST002413,708,good,46.22,87.7,95.46,34.98,77.22,68.0258,10.56,18,2,2,0,0,0,0,3,13585.75,0.1502,low,0.0
CUST002414,565,high_risk,12.6,84.04,53.11,45.72,20.63,44.2238,11.02,3,5,6,0,0,1,0,7,33458.89,0.5907,low,0.0
CUST002415,807,excellent,91.69,96.26,65.22,37.82,99.62,84.4965,8.33,5,0,0,0,0,0,0,4,140713.42,0.0512,low,0.0
CUST002416,794,excellent,93.14,81.93,92.8,30.08,82.16,82.3236,10.15,11,1,0,0,0,0,0,3,82659.7,0.1005,low,0.0
CUST002417,821,excellent,97.32,96.52,67.77,44.8,91.52,86.8167,6.51,7,0,0,0,0,0,0,6,137241.15,0.06,low,0.0
CUST002418,798,excellent,90.88,91.26,50.63,66.76,95.6,83.0178,1.4,3,0,0,0,0,0,1,4,10201.94,0.5603,low,0.2
CUST002419,827,excellent,95.49,87.72,88.48,53.81,94.55,87.845,13.47,18,0,0,0,0,0,1,3,128681.99,0.5687,low,0.25
CUST002420,843,excellent,98.67,86.17,94.25,63.1,97.43,90.5761,13.85,19,0,0,0,0,0,1,7,232887.92,0.9318,low,0.125
CUST002421,751,excellent,93.24,46.24,94.19,47.25,97.46,75.1045,51.37,20,0,0,0,0,0,0,2,216101.86,0.0243,low,0.0
CUST002422,769,excellent,99.56,90.18,23.96,33.76,93.17,78.1886,7.87,0,0,0,0,0,0,0,1,22813.39,0.0015,low,0.0
CUST002423,830,excellent,88.94,90.14,92.69,76.59,86.47,88.3803,2.23,20,1,0,0,0,0,2,0,70664.92,0.7888,low,0.6667
CUST002424,605,high_risk,9.11,81.77,93.69,47.93,41.95,50.7612,11.87,15,4,7,1,0,1,0,3,98665.48,0.4407,low,0.0
CUST002425,769,excellent,79.71,75.38,97.85,35.69,93.44,78.1035,10.03,11,0,0,0,0,0,0,1,145641.04,0.1389,low,0.0
CUST002426,733,good,96.94,33.33,90.52,47.95,98.98,72.2012,58.93,18,0,0,0,0,0,0,3,36393.52,0.0691,low,0.0
CUST002427,859,excellent,99.62,93.45,99.05,63.82,90.17,93.1585,1.51,17,0,0,0,0,0,1,0,97364.99,0.4638,low,0.5
CUST002428,774,excellent,79.59,77.46,86.25,55.93,94.57,79.0814,14.06,20,0,0,0,0,0,1,1,279501.06,0.3501,low,0.5
CUST002429,733,good,89.66,83.19,24.67,33.31,87.87,72.1549,10.97,0,1,0,0,0,0,0,4,129593.49,0.1422,low,0.0
CUST002430,830,excellent,91.17,99.95,79.48,47.84,97.26,88.3255,0.06,8,0,0,0,0,0,1,6,22769.13,0.7972,low,0.1429
CUST002431,781,excellent,61.22,98.88,96.52,76.96,69.07,80.1745,9.68,11,2,1,0,0,0,1,1,24356.59,0.8461,low,0.5
CUST002432,841,excellent,86.99,98.07,99.65,58.23,95.07,90.1434,8.12,14,0,0,0,0,0,1,3,76202.58,0.5986,low,0.25
CUST002433,664,risky,41.18,96.98,45.99,36.44,65.93,60.6426,1.61,1,2,3,0,0,0,0,0,1194902.28,0.1219,low,0.0
CUST002434,822,excellent,93.84,96.0,65.33,64.34,91.71,87.0453,5.25,8,0,0,0,0,0,1,5,59309.42,0.5975,low,0.1667
CUST002435,828,excellent,97.35,84.47,73.1,77.05,99.57,88.0394,14.09,5,0,0,0,0,0,1,2,64611.23,0.6498,low,0.3333
CUST002436,820,excellent,93.94,89.26,85.88,44.89,96.42,86.6682,1.35,11,0,0,0,0,0,0,0,156477.29,0.1417,low,0.0
CUST002437,685,risky,48.29,90.86,66.06,31.2,70.52,64.2383,2.8,8,2,1,0,0,0,0,1,56573.65,0.1242,low,0.0
CUST002438,708,good,51.89,88.02,89.5,41.02,58.3,67.9231,13.03,17,3,1,0,0,0,0,5,522004.94,0.084,low,0.0
CUST002439,790,excellent,91.34,98.0,60.06,41.25,72.12,81.7151,6.38,2,2,0,0,0,0,0,0,186306.93,0.1566,low,0.0
CUST002440,639,high_risk,31.11,76.58,55.32,71.4,81.85,56.4842,10.76,3,1,2,0,0,0,1,6,281228.41,1.0802,low,0.1429
CUST002441,753,excellent,90.93,90.75,27.41,32.02,90.86,75.4484,6.73,0,1,0,0,0,0,0,0,51689.25,0.0641,low,0.0
CUST002442,671,risky,45.07,56.24,94.15,64.98,85.01,61.7687,47.59,20,1,1,0,0,0,0,2,117339.39,0.0381,low,0.0
CUST002443,778,excellent,79.82,89.84,91.58,40.91,70.16,79.7333,5.51,12,2,0,0,0,0,0,1,221139.19,0.1318,low,0.0
CUST002444,803,excellent,75.47,98.9,88.36,45.89,98.64,83.7907,5.57,16,0,1,0,0,0,1,0,133414.35,0.4085,low,0.5
CUST002445,821,excellent,95.04,95.64,79.32,46.67,82.86,86.8093,5.1,6,1,0,0,0,0,0,6,305469.62,0.1132,low,0.0
CUST002446,818,excellent,93.41,91.75,73.4,56.5,94.57,86.3349,3.91,5,0,0,0,0,0,1,3,159698.93,0.5819,low,0.25
CUST002447,798,excellent,66.17,98.42,84.07,76.64,99.83,82.9424,9.97,9,0,0,0,0,0,1,0,83600.86,0.9644,low,0.5
CUST002448,714,good,51.24,95.4,81.18,36.42,67.02,69.0749,5.75,5,2,1,0,0,0,0,7,312311.01,0.1846,low,0.0
CUST002449,825,excellent,91.06,93.48,75.15,69.82,92.85,87.4519,5.76,8,0,0,0,0,0,1,0,67362.33,0.3929,low,0.5
CUST002450,781,excellent,94.37,83.95,49.55,53.94,91.85,80.2258,12.28,4,0,0,0,0,0,1,1,671262.03,0.3767,low,0.5
CUST002451,835,excellent,97.38,91.12,98.98,31.85,97.5,89.2,0.55,17,0,0,0,0,0,0,6,43056.57,0.0445,low,0.0
CUST002452,782,excellent,92.34,71.67,71.85,57.27,99.64,80.2872,35.29,5,0,0,0,0,0,0,7,185272.98,0.0462,low,0.0
CUST002453,868,excellent,98.75,94.27,90.82,89.87,91.55,94.6061,0.79,10,0,0,0,0,0,2,0,91639.52,0.4755,low,0.6667
CUST002454,809,excellent,97.41,84.67,74.56,41.58,99.76,84.8143,10.53,6,0,0,0,0,0,0,4,214425.17,0.1267,low,0.0
CUST002455,743,good,52.6,95.63,88.95,33.54,99.6,73.7559,2.0,16,0,1,0,0,0,0,4,165086.52,0.0125,low,0.0
CUST002456,784,excellent,97.82,96.02,32.01,36.56,91.25,80.6282,5.66,0,0,0,0,0,0,0,1,59412.18,0.0133,low,0.0
CUST002457,770,excellent,85.09,96.69,48.59,43.76,79.45,78.4001,4.25,1,2,0,0,0,0,0,5,157307.11,0.1442,low,0.0
CUST002458,809,excellent,96.72,97.21,72.76,31.67,76.56,84.754,7.17,8,2,0,0,0,0,0,1,80516.76,0.0153,low,0.0
CUST002459,781,excellent,91.94,94.03,43.14,46.46,86.33,80.1373,8.33,1,1,0,0,0,0,0,0,42208.67,0.0899,low,0.0
CUST002460,735,good,61.01,76.09,98.03,53.76,82.03,72.4641,20.04,17,1,4,0,0,0,0,1,101801.32,0.0059,low,0.0
CUST002461,855,excellent,96.13,95.32,95.69,59.83,99.53,92.5314,1.9,16,0,0,0,0,0,1,2,74191.67,0.7579,low,0.3333
CUST002462,784,excellent,95.66,94.52,44.61,38.35,82.92,80.6545,0.16,1,1,0,0,0,0,0,3,46736.49,0.1527,low,0.0
CUST002463,640,high_risk,26.71,77.11,76.92,61.65,74.84,56.6707,12.33,5,2,3,0,0,0,1,4,73238.93,1.4235,low,0.2
CUST002464,755,excellent,61.01,93.08,91.21,72.38,56.15,75.8111,7.21,16,4,1,0,0,0,1,3,175991.29,0.9194,low,0.25
CUST002465,816,excellent,92.99,77.33,85.15,74.95,99.05,85.9185,10.5,12,0,0,0,0,0,1,5,264653.51,0.443,low,0.1667
CUST002466,777,excellent,88.34,78.12,67.79,59.48,90.58,79.5303,10.45,6,0,0,0,0,0,1,0,118934.21,0.4826,low,0.5
CUST002467,631,high_risk,26.89,81.03,95.58,49.83,20.66,55.1049,10.68,11,5,3,0,0,0,0,6,114213.75,0.187,low,0.0
CUST002468,810,excellent,87.27,90.47,77.33,61.73,95.0,84.9583,2.37,7,0,0,0,0,0,1,5,219230.11,0.3418,low,0.1667
CUST002469,822,excellent,96.4,99.15,76.5,30.22,89.6,86.9411,4.86,8,1,0,0,0,0,0,4,50522.75,0.075,low,0.0
CUST002470,816,excellent,96.01,94.19,70.01,42.48,94.35,86.0461,1.72,5,0,0,0,0,0,0,1,98717.31,0.1383,low,0.0
CUST002471,784,excellent,91.5,87.28,48.14,71.76,80.39,80.6458,13.61,3,1,0,0,0,0,1,3,108227.77,0.5944,low,0.25
CUST002472,773,excellent,99.02,56.68,81.81,58.25,90.68,78.8261,48.28,7,0,0,0,0,0,0,3,413612.66,0.0902,low,0.0
CUST002473,764,excellent,94.46,88.56,43.16,35.97,76.53,77.3545,7.69,1,2,0,0,0,0,0,7,123160.66,0.1217,low,0.0
CUST002474,724,good,44.28,99.83,81.68,48.84,81.37,70.7215,9.84,5,1,2,0,0,0,0,2,55876.83,0.1701,low,0.0
CUST002475,794,excellent,97.45,90.36,50.9,46.25,88.47,82.3228,2.52,2,1,0,0,0,0,1,3,139568.44,0.6258,low,0.25
CUST002476,780,excellent,86.95,88.58,58.0,52.07,90.79,79.9935,4.05,2,1,0,0,0,0,1,0,104499.2,0.59,low,0.5
CUST002477,801,excellent,92.33,94.94,57.15,53.76,86.91,83.4375,8.2,3,1,0,0,0,0,1,4,615520.02,0.8621,low,0.2
CUST002478,816,excellent,85.91,95.57,83.44,56.44,90.96,85.9941,4.65,5,0,0,0,0,0,1,6,145952.99,0.4898,low,0.1429
CUST002479,816,excellent,98.45,93.2,46.92,79.95,86.09,86.0568,5.13,4,1,0,0,0,0,2,2,40148.5,0.5539,low,0.5
CUST002480,797,excellent,96.22,94.21,49.78,44.78,89.95,82.8821,1.77,1,1,0,0,0,0,0,6,104607.55,0.0219,low,0.0
CUST002481,818,excellent,86.63,88.95,84.1,72.41,95.0,86.3605,11.52,5,0,0,0,0,0,1,7,157710.55,0.5773,low,0.125
CUST002482,818,excellent,89.59,98.54,71.97,48.36,97.74,86.3242,4.79,6,0,0,0,0,0,0,1,62531.81,0.0054,low,0.0
CUST002483,647,high_risk,32.5,76.99,61.38,41.61,99.74,57.8112,13.02,3,0,2,0,0,0,0,2,28869.18,0.2017,low,0.0
CUST002484,608,high_risk,31.02,94.28,21.67,33.7,56.27,51.3911,2.7,0,3,2,0,0,0,0,4,69957.54,0.0214,low,0.0
CUST002485,754,excellent,64.12,93.93,98.68,47.6,55.46,75.7303,6.65,17,4,3,0,0,0,0,0,85657.69,0.11,low,0.0
CUST002486,702,good,54.08,96.66,68.01,34.11,54.18,66.9534,1.68,5,3,3,0,0,0,0,4,201569.78,0.2326,low,0.0
CUST002487,749,good,61.98,89.31,98.2,48.78,67.57,74.8481,1.14,18,2,1,0,0,0,0,2,165391.86,0.1542,low,0.0
CUST002488,827,excellent,89.0,99.18,82.62,49.28,96.24,87.8493,3.52,9,0,0,0,0,0,1,5,73396.71,0.4922,low,0.1667
CUST002489,855,excellent,99.68,90.54,97.75,67.81,90.39,92.5318,5.21,19,0,0,0,0,0,1,5,73150.03,0.8135,low,0.1667
CUST002490,767,excellent,96.4,78.8,56.57,31.99,87.6,77.8258,10.83,4,1,0,0,0,0,0,7,285242.94,0.0294,low,0.0
CUST002491,807,excellent,87.84,89.78,93.17,37.09,90.68,84.4327,6.51,18,1,0,0,0,0,0,0,16603.57,0.1067,low,0.0
CUST002492,821,excellent,87.85,98.46,96.09,38.29,83.57,86.8838,7.51,10,1,0,0,0,0,0,7,94920.39,0.1492,low,0.0
CUST002493,636,high_risk,19.33,94.55,65.82,62.87,57.94,56.0833,8.2,6,4,7,0,0,0,1,4,38325.23,1.9339,moderate,0.2
CUST002494,788,excellent,94.81,88.29,60.28,36.48,89.63,81.3266,3.57,3,1,0,0,0,0,0,4,44473.14,0.1456,low,0.0
CUST002495,760,excellent,88.18,97.91,15.88,44.65,95.53,76.6349,5.36,0,0,0,0,0,0,0,5,33639.52,0.0071,low,0.0
CUST002496,821,excellent,86.28,98.87,90.97,37.46,95.42,86.7911,1.16,16,0,0,0,0,0,0,3,56403.81,0.0364,low,0.0
CUST002497,633,high_risk,28.42,94.98,60.49,62.96,26.22,55.4292,5.34,4,6,7,0,0,0,1,1,77494.04,2.1228,moderate,0.5
CUST002498,811,excellent,85.9,91.26,68.84,81.15,93.13,85.1983,2.66,6,0,0,0,0,0,2,0,10469.48,0.7931,low,0.6667
CUST002499,786,excellent,86.68,81.79,75.83,51.03,95.88,80.9386,20.56,5,0,0,0,0,0,1,7,979402.67,0.4539,low,0.125
CUST002500,766,excellent,89.0,78.77,59.55,52.7,87.14,77.698,14.18,4,1,0,0,0,0,0,2,216327.28,0.1582,low,0.0
CUST002501,790,excellent,98.62,69.08,71.12,66.44,91.9,81.7433,34.03,6,1,0,0,0,0,1,7,177847.71,0.5359,low,0.125
CUST002502,652,risky,32.46,91.62,80.75,33.73,43.91,58.7248,9.98,8,3,4,0,0,0,0,5,124482.19,0.0724,low,0.0
CUST002503,661,risky,23.44,95.15,97.15,78.48,20.43,60.211,8.89,14,5,3,1,0,0,1,1,183620.38,1.5736,moderate,0.5
CUST002504,829,excellent,88.46,89.07,92.77,75.01,90.07,88.1059,0.66,10,0,0,0,0,0,1,5,47392.91,0.6864,low,0.1667
CUST002505,776,excellent,95.64,93.46,25.53,43.79,96.74,79.3936,7.56,0,0,0,0,0,0,0,3,972301.32,0.0541,low,0.0
CUST002506,794,excellent,91.52,98.2,47.69,49.7,86.7,82.2859,9.16,3,1,0,0,0,0,0,2,23249.18,0.0085,low,0.0
CUST002507,752,excellent,67.01,85.33,83.87,43.65,93.39,75.336,10.74,7,0,1,0,0,0,0,1,28426.04,0.0147,low,0.0
CUST002508,563,high_risk,1.56,89.66,61.13,49.56,22.72,43.8392,7.12,2,5,1,1,1,1,0,0,178982.19,0.232,low,0.0
CUST002509,788,excellent,95.14,55.57,92.66,75.94,99.16,81.3808,42.3,13,0,0,0,0,0,2,0,139287.98,0.9795,low,0.6667
CUST002510,799,excellent,96.99,77.12,75.51,62.89,83.97,83.0942,13.22,8,1,0,0,0,0,1,7,152697.18,0.4704,low,0.125
CUST002511,764,excellent,93.18,94.31,21.3,32.01,99.52,77.256,7.66,0,0,0,0,0,0,0,3,88036.47,0.0324,low,0.0
CUST002512,747,good,91.35,89.46,15.85,32.73,99.62,74.4217,0.94,0,0,0,0,0,0,0,2,164840.56,0.1379,low,0.0
CUST002513,798,excellent,79.43,94.11,89.1,57.05,78.52,82.9572,4.49,15,2,0,0,0,0,1,7,420611.47,0.378,low,0.125
CUST002514,820,excellent,86.16,93.23,99.89,44.09,92.23,86.74,5.44,11,0,0,0,0,0,0,5,161193.79,0.136,low,0.0
CUST002515,832,excellent,96.26,84.17,94.95,69.07,85.48,88.6414,10.06,12,1,0,0,0,0,1,5,26905.83,0.9194,low,0.1667
CUST002516,814,excellent,95.33,82.21,84.0,59.23,90.91,85.643,12.03,8,0,0,0,0,0,1,7,68017.21,0.8022,low,0.125
CUST002517,698,risky,44.76,94.52,91.96,35.61,49.02,66.2773,8.36,15,4,4,0,0,0,0,1,100054.33,0.2174,low,0.0
CUST002518,862,excellent,98.18,96.76,96.67,66.96,91.5,93.7401,2.69,20,0,0,0,0,0,1,5,70712.64,0.7552,low,0.1667
CUST002519,837,excellent,94.42,98.43,86.23,41.85,98.49,89.5454,3.24,14,0,0,0,0,0,0,3,162708.33,0.1514,low,0.0
CUST002520,704,good,33.17,95.42,99.16,47.85,74.66,67.3635,5.7,18,2,4,0,0,0,0,4,84317.76,0.0634,low,0.0
CUST002521,760,excellent,92.74,89.59,32.37,35.54,89.37,76.6828,5.69,1,1,0,0,0,0,0,6,47369.52,0.1028,low,0.0
CUST002522,825,excellent,97.34,89.96,65.01,78.22,88.35,87.4664,9.64,7,1,0,0,0,0,1,6,408425.44,0.6507,low,0.1429
CUST002523,822,excellent,90.79,97.06,96.44,31.94,84.25,86.9795,0.32,14,1,0,0,0,0,0,6,14951.82,0.1317,low,0.0
CUST002524,757,excellent,85.18,92.35,31.36,47.82,91.47,76.1512,8.78,1,0,0,0,0,0,0,5,121542.18,0.0037,low,0.0
CUST002525,818,excellent,95.84,77.28,93.06,58.04,98.33,86.3236,12.22,16,0,0,0,0,0,1,2,130002.84,0.5701,low,0.3333
CUST002526,753,excellent,65.29,90.3,86.42,33.17,92.68,75.49,3.61,17,0,1,0,0,0,0,3,97307.7,0.0345,low,0.0
CUST002527,827,excellent,99.28,87.04,97.13,58.42,66.33,87.9052,14.06,11,2,0,0,0,0,1,7,227450.37,0.861,low,0.125
CUST002528,820,excellent,97.46,89.68,87.46,35.57,90.15,86.7079,12.86,14,0,0,0,0,0,0,6,91516.89,0.1259,low,0.0
CUST002529,780,excellent,76.89,91.69,74.74,52.14,91.25,79.9673,8.64,8,0,1,0,0,0,1,2,29733.36,0.6824,low,0.3333
CUST002530,804,excellent,88.35,91.95,65.59,64.13,93.03,84.0603,3.27,7,0,0,0,0,0,1,5,273622.51,0.3691,low,0.1667
CUST002531,751,excellent,88.91,90.11,26.3,39.23,91.48,75.1653,8.46,0,0,0,0,0,0,0,4,135211.5,0.1636,low,0.0
CUST002532,783,excellent,79.02,81.09,92.34,50.55,95.38,80.4279,29.61,11,0,0,0,0,0,0,4,441312.95,0.0676,low,0.0
CUST002533,842,excellent,99.85,90.68,68.48,93.92,84.62,90.2785,5.13,5,1,0,0,0,0,2,1,405685.34,0.8411,low,0.6667
CUST002534,815,excellent,89.38,97.22,85.35,45.08,80.65,85.8229,5.71,13,1,0,0,0,0,0,3,21348.37,0.0802,low,0.0
CUST002535,844,excellent,98.52,97.65,77.02,61.36,92.08,90.675,2.23,8,0,0,0,0,0,1,0,136406.53,0.5394,low,0.5
CUST002536,802,excellent,99.7,95.43,48.64,35.8,92.44,83.6435,3.42,1,0,0,0,0,0,0,7,56954.07,0.1573,low,0.0
CUST002537,772,excellent,93.61,89.14,49.02,47.81,70.31,78.6689,4.52,2,2,0,0,0,0,1,3,75655.5,0.8545,low,0.25
CUST002538,826,excellent,98.92,89.97,88.22,34.59,93.78,87.6838,8.71,20,0,0,0,0,0,0,0,120716.91,0.0114,low,0.0
CUST002539,799,excellent,87.23,90.76,72.63,50.75,93.96,83.1246,0.62,5,0,0,0,0,0,1,0,15663.56,0.7422,low,0.5
CUST002540,717,good,59.33,81.46,76.15,44.24,85.09,69.5609,14.03,9,1,1,0,0,0,0,3,80860.36,0.2149,low,0.0
CUST002541,635,high_risk,12.05,97.72,89.91,43.51,45.43,55.9122,6.95,15,3,4,0,1,1,0,5,43368.76,0.3697,low,0.0
CUST002542,759,excellent,93.72,93.88,17.88,41.74,87.0,76.5234,2.06,0,1,0,0,0,0,0,1,87033.62,0.0332,low,0.0
CUST002543,728,good,61.95,87.13,85.72,38.52,67.66,71.2957,14.56,16,2,1,0,0,0,0,7,49103.34,0.042,low,0.0
CUST002544,822,excellent,91.32,90.8,76.57,79.29,83.43,86.9602,7.73,9,1,0,0,0,0,1,0,51987.02,0.9115,low,0.5
CUST002545,756,excellent,89.33,84.21,41.76,42.75,88.98,75.9638,12.81,1,1,0,0,0,0,0,1,97928.86,0.1482,low,0.0
CUST002546,810,excellent,95.88,80.66,84.97,50.04,94.8,84.9845,11.01,5,0,0,0,0,0,1,7,37691.68,0.9161,low,0.125
CUST002547,641,high_risk,25.47,85.16,86.84,70.21,32.54,56.7621,10.7,10,5,6,0,0,0,1,1,15745.82,1.6826,moderate,0.5
CUST002548,756,excellent,71.51,97.0,44.82,59.54,92.58,76.0657,1.99,1,0,0,0,0,0,1,4,7967.15,0.3946,low,0.2
CUST002549,805,excellent,98.32,91.0,71.86,34.27,82.95,84.2128,7.53,8,1,0,0,0,0,0,1,374344.12,0.0182,low,0.0
CUST002550,730,good,72.01,90.33,38.05,44.54,91.56,71.6194,9.15,1,0,1,0,0,0,0,6,151546.68,0.1285,low,0.0
CUST002551,616,high_risk,10.14,86.4,95.43,36.89,51.98,52.6684,13.37,11,3,1,0,1,1,0,2,471846.61,0.3902,low,0.0
CUST002552,624,high_risk,24.21,95.87,48.7,37.27,56.98,53.9644,2.73,1,4,8,1,0,0,0,6,167633.61,0.5822,low,0.0
CUST002553,813,excellent,98.94,82.82,56.96,78.32,96.8,85.5305,10.23,3,0,0,0,0,0,2,4,482490.82,0.7737,low,0.3333
CUST002554,687,risky,44.34,77.08,85.89,42.14,88.22,64.5657,12.26,16,1,4,0,0,0,0,6,165351.34,0.2114,low,0.0
CUST002555,770,excellent,97.18,66.18,83.97,52.9,65.05,78.2576,42.84,5,2,0,0,0,0,0,3,80640.23,0.0049,low,0.0
CUST002556,827,excellent,98.85,94.49,75.6,47.95,87.4,87.8198,5.83,6,1,0,0,0,0,0,4,95289.55,0.0814,low,0.0
CUST002557,793,excellent,95.58,87.02,72.45,46.35,70.8,82.1425,13.02,5,2,0,0,0,0,1,0,139881.83,0.7719,low,0.5
CUST002558,798,excellent,89.41,75.87,91.65,60.84,91.12,82.998,12.71,13,0,0,0,0,0,1,2,182242.01,0.4851,low,0.3333
CUST002559,809,excellent,92.18,88.55,80.63,43.94,94.86,84.8026,4.75,9,0,0,0,0,0,0,6,11912.41,0.0157,low,0.0
CUST002560,724,good,61.62,87.48,81.28,30.58,75.57,70.6165,12.67,5,2,3,0,0,0,0,0,47112.85,0.2313,low,0.0
CUST002561,817,excellent,93.66,89.38,73.28,75.15,80.33,86.1362,3.88,7,1,0,0,0,0,1,3,23485.12,0.7192,low,0.25
CUST002562,777,excellent,70.6,89.18,95.84,39.46,97.49,79.5357,0.53,10,0,0,0,0,0,0,5,48021.49,0.0991,low,0.0
CUST002563,826,excellent,90.74,90.5,95.34,46.21,98.96,87.7285,3.07,13,0,0,0,0,0,1,3,81932.73,0.8529,low,0.25
CUST002564,765,excellent,87.42,89.03,44.48,38.55,96.19,77.4531,5.79,1,0,0,0,0,0,0,5,107843.4,0.0244,low,0.0
CUST002565,640,high_risk,20.87,95.5,79.0,63.48,34.95,56.6494,6.42,6,6,5,0,0,0,1,0,97187.36,2.0239,moderate,0.5
CUST002566,842,excellent,92.58,99.0,99.31,39.09,93.74,90.2809,2.25,11,0,0,0,0,0,0,0,18649.31,0.1615,low,0.0
CUST002567,817,excellent,93.83,83.42,99.43,45.8,87.76,86.1368,11.73,20,1,0,0,0,0,0,5,274563.93,0.0335,low,0.0
CUST002568,774,excellent,66.94,89.29,99.42,46.14,92.68,79.0077,12.26,10,0,0,0,0,0,1,6,211268.56,0.5174,low,0.1429
CUST002569,730,good,47.86,87.28,95.43,64.07,90.27,71.6862,10.82,15,1,1,0,0,0,1,6,184548.44,1.1287,low,0.1429
CUST002570,708,good,43.74,97.01,96.89,37.43,53.6,68.047,2.99,12,4,2,0,0,0,0,5,51204.84,0.1199,low,0.0
CUST002571,740,good,87.21,77.39,36.39,43.96,97.87,73.3831,11.97,1,0,0,0,0,0,0,3,115650.47,0.151,low,0.0
CUST002572,821,excellent,93.96,97.84,85.23,35.88,82.84,86.8942,6.04,17,1,0,0,0,0,0,7,56611.19,0.0247,low,0.0
CUST002573,715,good,46.6,92.68,90.23,37.86,77.49,69.185,6.08,20,2,2,0,0,0,0,2,115285.7,0.2027,low,0.0
CUST002574,809,excellent,85.41,99.94,89.13,39.51,76.36,84.8332,2.75,13,2,0,0,0,0,0,4,183253.94,0.0051,low,0.0
CUST002575,757,excellent,87.45,99.62,18.33,41.54,87.79,76.174,7.11,0,1,0,0,0,0,0,6,98216.22,0.0378,low,0.0
CUST002576,841,excellent,99.08,93.97,88.38,61.25,79.61,90.212,9.02,19,2,0,0,0,0,1,3,70941.41,0.9471,low,0.25
CUST002577,840,excellent,97.66,89.85,94.5,50.14,96.73,89.9975,4.22,15,0,0,0,0,0,1,6,79411.51,0.604,low,0.1429
CUST002578,760,excellent,95.42,82.58,35.05,45.94,85.79,76.6013,12.55,1,1,0,0,0,0,1,4,52864.76,0.8969,low,0.2
CUST002579,815,excellent,99.61,80.68,85.5,47.68,91.81,85.8398,14.29,18,0,0,0,0,0,1,5,147145.4,0.4757,low,0.1667
CUST002580,823,excellent,95.12,97.49,65.28,68.69,80.39,87.2421,5.18,7,1,0,0,0,0,1,2,369054.06,0.6197,low,0.3333
CUST002581,782,excellent,78.54,88.0,94.44,30.87,91.9,80.3338,12.1,17,1,1,0,0,0,0,3,48983.46,0.0797,low,0.0
CUST002582,780,excellent,98.64,88.52,33.06,39.14,99.9,79.9417,5.27,1,0,0,0,0,0,0,4,92865.74,0.0475,low,0.0
CUST002583,798,excellent,98.15,77.7,87.97,36.05,85.71,83.0323,10.97,12,1,0,0,0,0,0,5,63812.71,0.1153,low,0.0
CUST002584,587,high_risk,21.81,89.43,30.23,31.53,56.73,47.8212,9.59,0,4,3,0,0,1,0,6,193096.85,0.5955,low,0.0
CUST002585,738,good,94.04,79.07,22.4,31.9,98.32,73.0153,12.32,0,0,0,0,0,0,0,7,94699.87,0.0282,low,0.0
CUST002586,784,excellent,74.12,97.92,77.23,39.97,97.81,80.6825,7.49,8,0,0,0,0,0,0,1,157155.33,0.1483,low,0.0
CUST002587,788,excellent,91.73,88.91,62.01,42.7,90.2,81.3706,12.85,4,0,0,0,0,0,0,6,75304.5,0.1122,low,0.0
CUST002588,814,excellent,75.87,91.53,94.26,75.67,99.6,85.6803,0.38,11,0,1,0,0,0,1,4,87829.9,0.7742,low,0.2
CUST002589,807,excellent,70.28,98.9,98.83,58.74,94.92,84.4586,4.79,11,0,1,0,0,0,1,6,68018.65,0.6491,low,0.1429
CUST002590,787,excellent,85.27,86.37,73.02,56.9,86.91,81.0892,14.98,7,1,0,0,0,0,1,3,55635.62,0.9755,low,0.25
CUST002591,781,excellent,79.12,99.13,59.48,49.46,88.03,80.1016,0.54,3,1,0,0,0,0,0,3,707586.07,0.057,low,0.0
CUST002592,843,excellent,95.46,88.44,89.64,77.63,93.21,90.4738,13.26,10,0,0,0,0,0,1,7,40747.55,0.7287,low,0.125
CUST002593,817,excellent,93.52,90.29,79.31,62.72,81.96,86.1831,9.48,9,1,0,0,0,0,1,0,90752.07,0.5302,low,0.5
CUST002594,826,excellent,92.87,91.05,90.92,44.78,96.55,87.5897,9.86,18,0,0,0,0,0,0,3,835670.21,0.0797,low,0.0
CUST002595,779,excellent,76.23,85.87,87.05,45.46,97.95,79.8435,10.08,17,0,1,0,0,0,0,3,27062.79,0.0664,low,0.0
CUST002596,767,excellent,89.2,99.1,24.93,36.32,94.37,77.7563,6.53,0,0,0,0,0,0,0,5,42287.41,0.1128,low,0.0
CUST002597,808,excellent,94.89,75.8,92.08,56.31,93.13,84.7098,19.39,13,0,0,0,0,0,0,7,52349.65,0.0746,low,0.0
CUST002598,809,excellent,95.3,78.43,84.66,60.83,91.52,84.8197,13.75,9,1,0,0,0,0,1,4,37848.33,0.3852,low,0.2
CUST002599,804,excellent,87.35,92.7,81.67,43.69,90.7,84.0698,9.47,5,1,0,0,0,0,0,1,51143.98,0.1004,low,0.0
CUST002600,813,excellent,87.69,83.46,98.49,51.66,98.69,85.539,23.44,12,0,0,0,0,0,1,5,367455.58,0.3601,low,0.1667
CUST002601,800,excellent,94.56,90.51,62.55,42.35,95.08,83.3767,3.16,4,0,0,0,0,0,0,1,96230.05,0.0648,low,0.0
CUST002602,842,excellent,95.96,99.35,91.58,41.5,91.34,90.4136,6.88,11,1,0,0,0,0,0,5,277750.19,0.0277,low,0.0
CUST002603,754,excellent,52.01,94.02,94.84,75.17,85.76,75.7288,4.32,14,1,1,0,0,0,1,7,192680.45,1.202,low,0.125
CUST002604,703,good,58.41,89.18,76.66,36.8,48.21,67.196,5.13,7,3,3,0,0,0,0,4,104831.6,0.0508,low,0.0
CUST002605,824,excellent,98.86,95.31,79.49,42.33,80.2,87.3711,10.0,5,1,0,0,0,0,0,5,50189.58,0.1348,low,0.0
CUST002606,810,excellent,92.91,89.45,65.93,57.06,99.83,84.934,7.53,9,0,0,0,0,0,1,0,533293.61,0.7677,low,0.5
CUST002607,799,excellent,99.54,89.06,34.98,67.35,96.47,83.1856,11.42,1,0,0,0,0,0,1,2,49478.86,0.992,low,0.3333
CUST002608,746,good,66.22,85.59,82.6,39.05,91.33,74.2814,14.4,7,0,0,0,0,0,0,0,106073.98,0.1329,low,0.0
CUST002609,633,high_risk,10.57,97.41,92.09,42.13,46.29,55.577,5.26,19,4,7,0,0,1,0,3,125801.64,0.5208,low,0.0
CUST002610,739,good,92.19,45.45,95.32,59.38,70.81,73.2175,55.02,15,2,0,0,0,0,0,3,49702.17,0.1498,low,0.0
CUST002611,784,excellent,87.05,79.83,79.04,47.8,95.35,80.589,10.2,5,0,0,0,0,0,0,3,3665.51,0.0578,low,0.0
CUST002612,829,excellent,93.27,96.3,89.98,32.65,97.85,88.0835,2.71,12,0,0,0,0,0,0,2,143554.49,0.0892,low,0.0
CUST002613,830,excellent,92.2,94.19,66.23,79.02,99.8,88.3414,6.01,6,0,0,0,0,0,1,3,408912.67,0.5825,low,0.25
CUST002614,589,high_risk,10.69,85.07,66.4,43.36,46.11,48.169,13.78,8,3,7,1,1,1,0,7,19065.94,0.2058,low,0.0
CUST002615,822,excellent,89.24,95.31,86.47,48.64,92.84,86.9465,6.57,19,0,0,0,0,0,0,1,96578.98,0.033,low,0.0
CUST002616,752,excellent,98.02,89.09,14.01,32.93,89.11,75.3411,6.78,0,1,0,0,0,0,0,2,38912.6,0.0813,low,0.0
CUST002617,757,excellent,68.78,92.03,70.12,43.17,97.2,76.2361,8.05,7,0,0,0,0,0,0,3,296227.28,0.163,low,0.0
CUST002618,781,excellent,95.99,97.11,31.0,32.32,95.7,80.1822,5.2,0,0,0,0,0,0,0,7,42879.15,0.0999,low,0.0
CUST002619,764,excellent,45.23,99.92,97.6,76.09,91.94,77.25,9.0,15,1,3,0,0,0,1,4,161534.18,0.7083,low,0.2
CUST002620,737,good,72.94,81.45,57.61,48.1,93.65,72.7792,23.12,3,0,0,0,0,0,0,2,48669.23,0.1396,low,0.0
CUST002621,686,risky,50.52,89.16,77.23,32.19,51.19,64.351,1.77,5,4,1,0,0,0,0,5,113185.58,0.0253,low,0.0
CUST002622,801,excellent,91.36,89.28,76.83,41.46,90.12,83.4399,8.96,5,0,0,0,0,0,0,1,59444.16,0.0737,low,0.0
CUST002623,784,excellent,87.02,77.61,93.37,39.4,89.54,80.6397,12.48,14,1,0,0,0,0,0,6,94738.57,0.0679,low,0.0
CUST002624,820,excellent,94.48,83.5,76.71,77.87,92.55,86.6634,12.0,7,0,0,0,0,0,1,2,42007.03,0.7377,low,0.3333
CUST002625,789,excellent,89.17,99.51,49.52,39.64,91.21,81.5749,5.01,2,0,0,0,0,0,0,0,215301.31,0.0401,low,0.0
CUST002626,814,excellent,86.86,89.12,97.29,47.93,91.94,85.7181,13.13,11,0,0,0,0,0,1,1,198554.6,0.3427,low,0.5
CUST002627,716,good,45.46,99.78,84.6,41.6,65.74,69.2706,9.82,9,2,4,0,0,0,0,4,126307.03,0.19,low,0.0
CUST002628,763,excellent,99.47,88.27,22.36,32.73,92.38,77.1627,14.54,0,0,0,0,0,0,0,4,24978.33,0.0046,low,0.0
CUST002629,682,risky,51.55,94.44,45.27,43.36,61.43,63.6419,5.62,1,3,2,0,0,0,0,2,21827.97,0.1909,low,0.0
CUST002630,738,good,60.07,93.17,93.19,44.36,55.77,72.9665,6.68,15,4,2,0,0,0,0,0,53631.6,0.0645,low,0.0
CUST002631,712,good,66.94,99.5,19.24,44.45,80.56,68.6644,5.97,0,1,1,0,0,0,0,7,18608.44,0.0308,low,0.0
CUST002632,792,excellent,87.78,88.64,60.21,64.41,91.91,81.9772,13.77,4,0,0,0,0,0,1,1,116635.78,0.4557,low,0.5
CUST002633,747,good,91.15,87.42,29.6,38.36,80.51,74.4559,12.01,0,1,0,0,0,0,0,7,58889.83,0.055,low,0.0
CUST002634,809,excellent,86.69,93.06,89.79,45.99,84.45,84.7724,1.28,12,1,0,0,0,0,0,0,50520.66,0.0318,low,0.0
CUST002635,740,good,62.36,95.43,73.85,37.68,80.58,73.3571,5.38,5,1,4,0,0,0,0,3,775509.45,0.0096,low,0.0
CUST002636,811,excellent,97.59,90.87,78.25,37.03,83.09,85.1685,7.01,8,1,0,0,0,0,0,5,176401.41,0.1119,low,0.0
CUST002637,610,high_risk,27.14,88.58,48.45,30.41,52.75,51.6561,14.1,2,4,1,0,0,0,0,1,133572.3,0.1525,low,0.0
CUST002638,727,good,48.98,99.13,84.22,41.83,74.63,71.1605,8.1,7,2,3,0,0,0,0,7,435663.16,0.0521,low,0.0
CUST002639,845,excellent,93.44,95.74,93.42,60.4,93.34,90.8136,0.2,20,0,0,0,0,0,1,7,47307.44,0.956,low,0.125
CUST002640,810,excellent,95.03,97.16,47.67,56.4,97.81,84.9806,5.75,1,0,0,0,0,0,1,6,97439.44,0.6814,low,0.1429
CUST002641,803,excellent,90.65,89.58,79.91,39.27,93.58,83.8738,2.91,7,0,0,0,0,0,0,0,158386.14,0.0981,low,0.0
CUST002642,809,excellent,90.86,89.05,84.27,45.02,91.92,84.8476,6.47,8,1,0,0,0,0,1,1,245797.33,0.9381,low,0.5
CUST002643,809,excellent,87.74,97.92,82.87,34.37,88.53,84.8072,4.29,6,1,0,0,0,0,0,1,159385.12,0.0281,low,0.0
CUST002644,683,risky,49.44,81.78,53.22,43.53,96.6,63.836,13.57,3,0,3,0,0,0,0,6,67975.25,0.249,low,0.0
CUST002645,774,excellent,86.43,76.68,70.55,62.79,89.01,79.0185,17.51,8,1,0,0,0,0,0,7,1366142.48,0.0065,low,0.0
CUST002646,810,excellent,90.29,82.84,80.2,64.47,99.86,84.9172,28.07,5,0,0,0,0,0,0,3,208639.91,0.083,low,0.0
CUST002647,777,excellent,88.76,89.44,72.04,35.8,71.85,79.4706,5.48,6,2,0,0,0,0,0,4,210850.68,0.0779,low,0.0
CUST002648,798,excellent,94.53,78.64,64.3,77.35,89.21,82.9775,12.68,3,1,0,0,0,0,1,6,84430.37,0.8875,low,0.1429
CUST002649,674,risky,29.88,95.01,75.97,37.71,82.48,62.375,5.11,9,1,2,0,0,0,0,2,104947.34,0.1238,low,0.0
CUST002650,828,excellent,97.66,93.73,83.19,36.89,95.99,88.0677,6.12,9,0,0,0,0,0,0,6,183023.97,0.0326,low,0.0
CUST002651,752,excellent,86.91,80.37,24.74,79.59,90.77,75.2738,14.78,0,0,0,0,0,0,1,2,304024.8,0.4063,low,0.3333
CUST002652,817,excellent,95.3,84.39,93.7,42.71,92.52,86.2498,12.66,19,0,0,0,0,0,0,6,365125.32,0.0721,low,0.0
CUST002653,595,high_risk,9.13,97.83,72.61,36.7,21.44,49.2483,0.88,9,7,4,1,0,1,0,3,92499.41,0.4262,low,0.0
CUST002654,860,excellent,98.31,97.97,76.7,87.91,92.35,93.329,7.98,6,0,0,0,0,0,2,2,198164.4,0.897,low,0.5
CUST002655,811,excellent,94.81,95.31,76.39,30.08,89.79,85.2216,4.53,7,1,0,0,0,0,0,5,205921.3,0.1256,low,0.0
CUST002656,675,risky,41.65,99.42,39.89,40.2,80.81,62.4893,6.76,1,1,3,0,0,0,0,7,214845.68,0.1344,low,0.0
CUST002657,816,excellent,94.23,88.56,69.59,71.53,89.33,86.0726,5.86,7,1,0,0,0,0,1,3,356323.73,0.4214,low,0.25
CUST002658,810,excellent,92.89,89.0,77.1,44.79,97.88,85.0413,4.48,6,0,0,0,0,0,0,2,193571.61,0.12,low,0.0
CUST002659,763,excellent,88.86,82.55,45.37,62.54,82.8,77.2083,14.48,2,1,0,0,0,0,1,0,789711.86,0.5592,low,0.5
CUST002660,659,risky,63.1,76.85,27.31,41.34,64.39,59.8106,10.16,0,3,1,0,0,0,0,1,213960.1,0.1828,low,0.0
CUST002661,824,excellent,90.5,97.06,79.78,50.39,94.68,87.2673,0.43,7,0,0,0,0,0,1,0,54051.9,0.7726,low,0.5
CUST002662,826,excellent,97.46,94.61,84.42,57.85,67.63,87.7072,2.11,6,2,0,0,0,0,1,5,169498.17,0.9429,low,0.1667
CUST002663,755,excellent,85.36,87.88,18.7,77.07,90.37,75.7878,13.39,0,0,0,0,0,0,1,7,50042.83,0.9998,low,0.125
CUST002664,744,good,85.59,90.6,30.42,31.95,90.84,73.9786,0.61,1,0,0,0,0,0,0,2,427004.94,0.1556,low,0.0
CUST002665,810,excellent,98.48,76.5,85.7,51.81,95.28,84.9819,19.88,11,0,0,0,0,0,0,4,100900.77,0.0207,low,0.0
CUST002666,793,excellent,86.34,88.32,81.97,39.53,91.19,82.0847,3.67,5,1,0,0,0,0,0,4,141922.32,0.0252,low,0.0
CUST002667,733,good,90.59,80.34,17.09,39.52,98.58,72.1808,14.28,0,0,0,0,0,0,0,0,52925.5,0.1371,low,0.0
CUST002668,798,excellent,91.49,90.62,73.87,43.8,83.25,82.9912,4.25,6,1,0,0,0,0,0,1,82266.44,0.0202,low,0.0
CUST002669,782,excellent,87.8,78.36,78.13,52.89,91.55,80.4004,10.38,8,1,0,0,0,0,1,6,92415.01,0.6556,low,0.1429
CUST002670,713,good,71.46,83.32,37.7,35.76,95.36,68.7742,12.35,1,0,0,0,0,0,0,3,248525.84,0.1189,low,0.0
CUST002671,809,excellent,96.11,99.59,48.54,59.13,81.94,84.9047,7.01,3,1,0,0,0,0,1,5,102695.62,0.5165,low,0.1667
CUST002672,842,excellent,95.02,94.29,96.78,48.08,94.88,90.358,8.57,10,0,0,0,0,0,0,0,47518.66,0.0775,low,0.0
CUST002673,838,excellent,98.38,79.49,91.25,77.5,99.23,89.6406,10.62,15,0,0,0,0,0,1,4,12972.31,0.4243,low,0.2
CUST002674,740,good,89.47,61.19,68.62,47.32,86.49,73.3442,34.83,5,1,0,0,0,0,1,5,26964.03,0.5259,low,0.1667
CUST002675,853,excellent,97.04,99.88,91.12,49.42,96.65,92.2048,8.45,12,0,0,0,0,0,0,3,144701.41,0.0987,low,0.0
CUST002676,828,excellent,96.13,88.54,85.12,59.27,91.53,88.0556,4.36,13,0,0,0,0,0,1,1,66326.23,0.8088,low,0.5
CUST002677,828,excellent,87.7,90.12,93.95,70.21,92.17,88.0608,6.72,10,0,0,0,0,0,1,1,70331.58,0.6254,low,0.5
CUST002678,817,excellent,93.8,89.17,87.89,42.69,90.6,86.0907,5.88,11,0,0,0,0,0,0,7,264368.4,0.1632,low,0.0
CUST002679,802,excellent,93.26,86.48,72.08,51.39,91.15,83.6516,10.29,7,0,0,0,0,0,1,6,125997.78,0.7904,low,0.1429
CUST002680,814,excellent,97.85,98.4,65.77,30.31,90.54,85.7179,8.46,8,0,0,0,0,0,0,0,346619.74,0.0691,low,0.0
CUST002681,752,excellent,60.01,84.22,97.56,44.49,99.2,75.2733,10.71,18,0,2,0,0,0,0,6,23251.84,0.0615,low,0.0
CUST002682,857,excellent,96.7,98.04,94.61,61.98,92.06,92.8556,7.17,18,0,0,0,0,0,1,3,31931.99,0.3921,low,0.25
CUST002683,696,risky,41.61,92.41,97.93,46.71,44.05,66.0499,8.62,15,4,3,0,0,0,0,2,106021.55,0.1389,low,0.0
CUST002684,834,excellent,98.66,97.58,83.34,37.01,90.13,89.0207,9.57,5,0,0,0,0,0,0,7,38326.69,0.0189,low,0.0
CUST002685,820,excellent,87.93,90.27,95.58,46.68,98.22,86.6853,3.29,20,0,0,0,0,0,0,2,211319.61,0.043,low,0.0
CUST002686,771,excellent,86.93,97.37,48.02,31.9,83.91,78.4219,7.74,2,1,0,0,0,0,0,1,124763.45,0.0789,low,0.0
CUST002687,787,excellent,88.27,93.27,59.32,36.34,98.34,81.2425,6.94,2,0,0,0,0,0,0,6,83808.84,0.133,low,0.0
CUST002688,693,risky,44.03,88.27,83.48,42.42,68.1,65.4629,6.72,5,2,1,0,0,0,0,3,963741.37,0.0955,low,0.0
CUST002689,735,good,98.02,56.29,45.11,49.13,96.2,72.4943,33.78,4,0,0,0,0,0,0,1,156088.03,0.0007,low,0.0
CUST002690,733,good,87.61,81.88,18.34,48.11,93.69,72.1593,10.25,0,0,0,0,0,0,0,5,226973.61,0.0688,low,0.0
CUST002691,824,excellent,98.24,86.86,92.0,37.79,92.5,87.2713,14.56,15,0,0,0,0,0,0,2,68481.91,0.1016,low,0.0
CUST002692,696,risky,43.46,96.96,82.22,33.92,60.09,66.0331,7.5,6,3,3,0,0,0,0,1,59316.9,0.152,low,0.0
CUST002693,785,excellent,95.16,90.72,38.74,49.77,95.15,80.8262,7.21,1,0,0,0,0,0,0,2,96494.03,0.0614,low,0.0
CUST002694,717,good,61.12,83.9,68.87,34.04,92.31,69.5302,13.48,7,0,1,0,0,0,0,1,387955.68,0.1843,low,0.0
CUST002695,833,excellent,96.51,95.4,86.09,45.49,89.38,88.799,8.53,14,1,0,0,0,0,0,4,512324.46,0.0668,low,0.0
CUST002696,826,excellent,90.69,94.3,82.15,68.28,84.52,87.6319,6.75,5,1,0,0,0,0,1,6,152376.84,0.7091,low,0.1429
CUST002697,802,excellent,90.27,79.38,98.25,46.29,89.51,83.7259,12.68,16,1,0,0,0,0,0,1,319202.81,0.0465,low,0.0
CUST002698,751,excellent,87.69,99.87,12.86,36.68,89.18,75.1665,0.38,0,1,0,0,0,0,0,4,127321.39,0.0346,low,0.0
CUST002699,766,excellent,94.86,85.11,39.42,39.15,90.44,77.6042,12.97,1,0,0,0,0,0,0,6,154026.96,0.1317,low,0.0
CUST002700,764,excellent,97.12,81.04,32.94,49.18,91.78,77.3421,12.08,0,0,0,0,0,0,0,2,92444.38,0.1633,low,0.0
CUST002701,730,good,58.14,78.99,95.8,63.85,68.89,71.6889,10.08,20,2,2,0,0,0,1,3,120311.79,0.9089,low,0.25
CUST002702,805,excellent,95.63,89.34,83.09,32.36,81.54,84.1273,6.96,8,1,0,0,0,0,0,3,519961.87,0.0734,low,0.0
CUST002703,804,excellent,87.35,90.04,91.18,34.38,93.79,84.0772,5.74,12,0,0,0,0,0,0,6,212390.23,0.157,low,0.0
CUST002704,850,excellent,97.21,92.24,86.96,70.75,98.19,91.6341,5.61,12,0,0,0,0,0,1,6,104405.66,0.833,low,0.1429
CUST002705,766,excellent,87.5,78.1,59.57,60.41,85.99,77.6308,10.45,4,1,0,0,0,0,1,6,66680.89,0.5606,low,0.1429
CUST002706,766,excellent,99.71,77.41,35.66,45.83,95.36,77.5919,20.42,1,0,0,0,0,0,0,0,20242.25,0.0461,low,0.0
CUST002707,863,excellent,99.24,93.31,93.57,87.07,84.39,93.9099,3.48,13,1,0,0,0,0,2,5,68301.44,0.56,low,0.2857
CUST002708,718,good,47.21,84.63,85.4,77.18,72.15,69.6556,12.26,16,2,4,0,0,0,1,6,161476.42,0.859,low,0.1429
CUST002709,658,risky,18.02,88.7,93.73,38.57,87.69,59.6023,9.79,10,1,8,0,0,1,0,2,24084.4,0.5605,low,0.0
CUST002710,830,excellent,99.43,94.96,64.75,58.72,95.27,88.4,1.85,4,0,0,0,0,0,1,6,152351.86,0.7063,low,0.1429
CUST002711,791,excellent,91.04,81.41,67.81,60.51,92.42,81.7531,14.34,7,0,0,0,0,0,0,5,36833.79,0.1149,low,0.0
CUST002712,808,excellent,93.71,95.4,61.3,49.14,91.61,84.6923,4.23,2,0,0,0,0,0,0,2,111582.77,0.0439,low,0.0
CUST002713,813,excellent,88.84,91.01,84.83,52.11,91.29,85.4636,3.37,8,0,0,0,0,0,1,7,357922.84,0.5484,low,0.125
CUST002714,591,high_risk,9.36,90.29,69.01,31.88,46.12,48.515,2.92,8,4,7,1,0,1,0,6,87323.49,0.6126,low,0.0
CUST002715,853,excellent,98.99,91.21,90.63,69.74,96.46,92.2241,9.59,17,0,0,0,0,0,1,4,23945.61,0.5929,low,0.2
CUST002716,666,risky,41.66,76.21,93.64,64.72,40.52,61.013,15.0,12,3,2,0,0,0,1,6,45108.0,1.4217,low,0.1429
CUST002717,813,excellent,92.38,98.78,60.33,69.75,74.89,85.48,8.26,2,2,0,0,0,0,1,7,72410.01,0.741,low,0.125
CUST002718,830,excellent,93.1,88.0,91.42,64.66,91.52,88.3163,10.9,17,0,0,0,0,0,1,6,535255.08,0.8565,low,0.1429
CUST002719,782,excellent,88.13,90.0,59.55,37.77,97.29,80.2815,0.47,2,0,0,0,0,0,0,0,267756.63,0.0186,low,0.0
CUST002720,770,excellent,91.92,87.98,48.5,32.41,91.93,78.2768,13.45,1,0,0,0,0,0,0,3,420042.16,0.1188,low,0.0
CUST002721,847,excellent,98.71,99.87,86.51,40.48,96.56,91.191,7.74,16,0,0,0,0,0,0,3,133811.58,0.096,low,0.0
CUST002722,815,excellent,86.52,94.62,91.41,56.63,77.78,85.8219,1.65,18,2,0,0,0,0,1,2,319916.35,0.4216,low,0.3333
CUST002723,779,excellent,67.0,99.8,93.95,33.71,90.34,79.8889,8.33,11,0,1,0,0,0,0,7,61737.82,0.0071,low,0.0
CUST002724,784,excellent,89.42,76.76,85.22,36.97,97.82,80.5871,10.61,15,0,0,0,0,0,0,6,72732.5,0.0534,low,0.0
CUST002725,657,risky,24.1,97.51,83.94,32.66,58.88,59.433,4.53,9,3,5,0,0,0,0,1,44376.24,0.5172,low,0.0
CUST002726,742,good,49.34,99.52,95.12,35.7,86.86,73.6491,2.15,10,1,2,0,0,0,0,4,67030.75,0.0314,low,0.0
CUST002727,816,excellent,91.2,87.63,72.5,74.43,94.51,85.9799,13.87,5,0,0,0,0,0,1,1,191245.9,0.3388,low,0.5
CUST002728,816,excellent,77.79,99.09,99.03,44.59,97.31,85.9968,8.81,19,0,1,0,0,0,0,1,101246.59,0.0203,low,0.0
CUST002729,833,excellent,93.57,95.41,94.49,37.83,95.06,88.8358,6.41,18,0,0,0,0,0,0,2,55717.11,0.0953,low,0.0
CUST002730,780,excellent,95.7,96.57,42.98,30.5,80.72,80.0338,5.17,1,1,0,0,0,0,0,1,117019.49,0.1267,low,0.0
CUST002731,847,excellent,97.36,93.77,85.16,62.71,99.07,91.1581,3.09,10,0,0,0,0,0,1,0,78727.54,0.582,low,0.5
CUST002732,826,excellent,97.24,83.29,75.24,74.07,99.12,87.6258,12.6,9,0,0,0,0,0,1,0,42717.72,0.4193,low,0.5
CUST002733,798,excellent,89.66,83.8,81.27,44.67,97.58,82.9367,10.06,6,0,0,0,0,0,0,4,147733.45,0.1648,low,0.0
CUST002734,834,excellent,99.19,78.85,99.06,58.46,99.35,89.0122,10.4,20,0,0,0,0,0,1,0,179287.73,0.7661,low,0.5
CUST002735,733,good,42.32,99.96,76.55,79.79,79.16,72.1763,6.29,8,2,2,0,0,0,1,0,847329.8,0.8651,low,0.5
CUST002736,776,excellent,93.88,83.69,55.72,32.27,97.62,79.3122,10.35,2,0,0,0,0,0,0,6,321629.82,0.0751,low,0.0
CUST002737,752,excellent,57.83,86.93,97.49,64.59,89.61,75.3625,12.69,13,1,4,0,0,0,1,5,82952.63,1.1354,low,0.1667
CUST002738,793,excellent,94.92,90.05,56.37,41.44,93.96,82.2332,2.4,2,0,0,0,0,0,0,6,127399.84,0.0195,low,0.0
CUST002739,762,excellent,68.42,76.84,71.52,94.41,98.49,77.0171,12.11,6,0,0,0,0,0,2,5,116729.78,0.8764,low,0.2857
CUST002740,795,excellent,87.22,98.19,45.01,61.6,96.61,82.5593,9.35,4,0,0,0,0,0,1,5,47134.01,0.839,low,0.1667
CUST002741,716,good,47.87,88.82,90.48,41.45,82.32,69.35,14.94,15,1,2,0,0,0,0,5,110030.27,0.0221,low,0.0
CUST002742,716,good,55.29,93.49,66.1,42.51,78.17,69.3832,4.3,5,2,4,0,0,0,0,6,53210.53,0.0514,low,0.0
CUST002743,697,risky,56.34,88.89,46.19,46.41,81.81,66.1356,7.73,1,1,3,0,0,0,0,2,145116.85,0.1772,low,0.0
CUST002744,777,excellent,72.59,78.76,98.41,76.93,80.71,79.5608,14.56,11,1,1,0,0,0,2,5,381853.5,0.937,low,0.2857
CUST002745,773,excellent,92.2,96.1,32.52,37.01,91.5,78.8277,9.26,1,0,0,0,0,0,0,7,42545.22,0.0438,low,0.0
CUST002746,707,good,65.27,88.74,33.36,39.78,93.45,67.7919,7.77,1,0,0,0,0,0,0,4,149590.31,0.1626,low,0.0
CUST002747,827,excellent,89.84,87.2,96.98,57.72,98.94,87.8158,13.8,18,0,0,0,0,0,0,1,327081.29,0.151,low,0.0
CUST002748,768,excellent,95.84,89.52,27.1,44.27,90.39,77.9311,2.29,0,0,0,0,0,0,0,7,971684.06,0.1528,low,0.0
CUST002749,712,good,77.76,66.06,52.19,55.47,83.22,68.7293,33.28,4,1,1,0,0,0,0,4,46985.19,0.0244,low,0.0
CUST002750,753,excellent,94.88,89.44,18.43,34.2,93.37,75.5595,14.91,0,0,0,0,0,0,0,3,210213.67,0.0657,low,0.0
CUST002751,809,excellent,87.42,83.47,96.97,48.04,98.81,84.8688,14.2,13,0,0,0,0,0,0,0,39229.8,0.1485,low,0.0
CUST002752,818,excellent,85.12,88.97,98.49,63.64,86.84,86.3055,2.37,18,1,0,0,0,0,1,6,87859.33,0.7409,low,0.1429
CUST002753,800,excellent,87.47,85.2,73.01,72.1,90.65,83.4005,22.54,7,0,0,0,0,0,1,0,69714.92,0.4117,low,0.5
CUST002754,807,excellent,96.58,93.23,45.8,71.3,86.63,84.4355,6.87,1,1,0,0,0,0,1,3,47184.98,0.3964,low,0.25
CUST002755,818,excellent,90.54,89.93,97.8,38.88,90.27,86.2541,4.01,18,0,0,0,0,0,0,7,112910.88,0.0623,low,0.0
CUST002756,783,excellent,74.68,93.67,81.76,45.44,94.18,80.4643,7.16,9,0,1,0,0,0,1,7,222829.64,0.4451,low,0.125
CUST002757,763,excellent,85.33,88.28,49.94,35.76,97.23,77.1388,9.94,2,0,0,0,0,0,0,6,23268.86,0.1227,low,0.0
CUST002758,804,excellent,89.84,97.2,74.68,49.07,72.88,84.0023,0.46,7,2,0,0,0,0,0,2,24707.53,0.0647,low,0.0
CUST002759,727,good,69.04,97.41,35.41,33.66,91.53,71.2201,2.81,1,1,1,0,0,0,0,4,208218.97,0.1639,low,0.0
CUST002760,825,excellent,85.08,91.75,95.14,64.03,94.46,87.424,8.34,13,0,0,0,0,0,1,4,168550.18,0.3432,low,0.2
CUST002761,748,good,64.83,99.01,72.65,35.78,77.56,74.6251,6.11,8,2,4,0,0,0,0,3,104568.33,0.1081,low,0.0
CUST002762,673,risky,41.97,96.53,43.06,40.47,79.8,62.1344,6.0,1,2,3,0,0,0,0,3,97102.21,0.1532,low,0.0
CUST002763,821,excellent,93.04,89.67,93.41,58.06,75.21,86.8049,10.22,15,2,0,0,0,0,1,1,185484.51,0.9846,low,0.5
CUST002764,643,high_risk,31.09,81.1,99.69,38.12,32.03,57.1803,14.5,10,5,4,0,0,0,0,5,67869.63,0.228,low,0.0
CUST002765,809,excellent,92.43,84.94,76.15,67.0,88.91,84.8464,12.75,5,1,0,0,0,0,1,7,76636.8,0.8145,low,0.125
CUST002766,721,good,55.88,86.36,70.79,72.09,68.71,70.1649,13.98,5,2,1,0,0,0,1,2,54806.65,0.7502,low,0.3333
CUST002767,794,excellent,97.89,94.92,46.61,40.85,85.92,82.4068,8.75,2,1,0,0,0,0,0,6,351797.58,0.0182,low,0.0
CUST002768,793,excellent,90.52,94.7,67.34,34.88,85.02,82.1823,1.58,8,1,0,0,0,0,0,4,54838.28,0.0785,low,0.0
CUST002769,813,excellent,94.09,89.62,89.03,34.48,89.57,85.5775,11.66,20,1,0,0,0,0,0,3,113029.76,0.1086,low,0.0
CUST002770,814,excellent,93.82,95.31,70.28,46.73,90.92,85.7375,4.44,7,0,0,0,0,0,1,7,38364.49,0.485,low,0.125
CUST002771,795,excellent,88.61,76.44,99.23,40.38,96.88,82.5548,11.98,20,0,0,0,0,0,0,2,79779.5,0.1208,low,0.0
CUST002772,742,good,68.97,95.91,71.75,31.4,68.62,73.6787,1.04,6,2,0,0,0,0,0,1,172075.97,0.1442,low,0.0
CUST002773,776,excellent,88.18,89.21,53.43,41.36,94.98,79.2752,4.49,4,0,0,0,0,0,0,6,166171.74,0.0355,low,0.0
CUST002774,793,excellent,99.61,88.18,29.23,64.63,99.28,82.0938,1.54,0,0,0,0,0,0,1,1,113879.66,0.6845,low,0.5
CUST002775,791,excellent,96.67,91.88,47.38,41.16,92.89,81.9129,2.1,2,0,0,0,0,0,0,6,310730.07,0.0173,low,0.0
CUST002776,710,good,51.55,82.45,87.77,35.66,88.49,68.3589,10.92,14,1,1,0,0,0,0,7,128628.97,0.075,low,0.0
CUST002777,867,excellent,99.95,98.04,88.39,94.68,74.21,94.5381,4.92,12,2,0,0,0,0,2,2,55526.86,0.8498,low,0.5
CUST002778,782,excellent,85.02,76.37,94.13,38.3,96.43,80.2612,13.49,11,0,0,0,0,0,0,2,212720.49,0.1603,low,0.0
CUST002779,764,excellent,56.06,95.87,91.19,78.24,84.46,77.3306,0.88,12,1,3,0,0,0,1,3,28799.95,1.3245,low,0.25
CUST002780,707,good,40.76,96.64,86.72,39.47,75.77,67.7884,0.64,17,2,4,0,0,0,0,5,158532.72,0.2042,low,0.0
CUST002781,797,excellent,85.3,75.38,92.21,65.84,99.87,82.8701,12.57,15,0,0,0,0,0,1,3,171209.0,0.3493,low,0.25
CUST002782,781,excellent,92.24,79.82,40.65,94.24,84.49,80.2011,14.34,1,1,0,0,0,0,2,4,72943.35,0.6526,low,0.3333
CUST002783,647,high_risk,26.88,87.56,86.72,36.43,55.57,57.885,10.89,18,4,4,0,0,0,0,5,5511.59,0.2428,low,0.0
CUST002784,703,good,65.66,99.05,12.25,44.55,81.51,67.1399,9.44,0,1,1,0,0,0,0,0,23503.52,0.0903,low,0.0
CUST002785,844,excellent,99.57,91.93,77.73,73.21,93.08,90.7164,3.97,7,0,0,0,0,0,1,3,736374.92,0.6593,low,0.25
CUST002786,756,excellent,86.04,91.16,24.38,49.39,98.79,75.9395,5.83,0,0,0,0,0,0,0,1,238520.26,0.0039,low,0.0
CUST002787,758,excellent,60.9,96.1,87.68,31.73,98.26,76.2952,3.78,13,0,1,0,0,0,0,1,67989.84,0.0276,low,0.0
CUST002788,802,excellent,87.58,86.11,85.67,48.22,94.49,83.6091,23.99,20,0,0,0,0,0,0,1,955487.11,0.1303,low,0.0
CUST002789,801,excellent,99.6,79.01,68.56,46.74,99.59,83.4779,12.74,8,0,0,0,0,0,0,5,29013.94,0.0132,low,0.0
CUST002790,760,excellent,98.66,80.57,30.44,41.57,91.75,76.5997,11.9,1,0,0,0,0,0,0,6,97907.52,0.0892,low,0.0
CUST002791,645,high_risk,16.86,78.57,85.39,74.02,87.49,57.4309,10.07,19,1,4,0,0,0,1,2,230577.86,2.0808,moderate,0.3333
CUST002792,835,excellent,92.7,94.06,79.63,74.34,90.95,89.1362,5.14,8,0,0,0,0,0,1,1,52843.62,0.4858,low,0.5
CUST002793,802,excellent,93.22,94.81,67.69,32.39,92.82,83.7418,0.48,7,0,0,0,0,0,0,2,57334.63,0.0781,low,0.0
CUST002794,748,good,46.63,97.96,96.65,74.93,70.34,74.7334,9.17,12,2,2,0,0,0,1,4,110335.33,0.9997,low,0.2
CUST002795,809,excellent,85.86,92.17,86.32,45.26,96.83,84.8613,4.3,13,0,0,0,0,0,0,5,16814.49,0.0077,low,0.0
CUST002796,793,excellent,85.86,88.01,86.42,40.54,86.42,82.1127,10.6,13,1,0,0,0,0,0,6,87221.61,0.047,low,0.0
CUST002797,671,risky,39.6,95.83,32.86,47.33,95.56,61.8256,5.15,1,0,3,0,0,0,0,4,193569.12,0.2027,low,0.0
CUST002798,776,excellent,87.3,75.02,81.02,59.85,80.81,79.2801,10.49,8,1,0,0,0,0,1,7,51531.07,0.6378,low,0.125
CUST002799,817,excellent,94.77,99.12,74.22,38.66,82.17,86.1213,5.82,6,1,0,0,0,0,0,4,19136.21,0.0907,low,0.0
CUST002800,691,risky,31.25,97.66,92.72,34.67,74.82,65.0928,9.54,14,2,3,0,0,0,0,4,39202.92,0.2017,low,0.0
CUST002801,771,excellent,78.75,77.18,84.19,53.51,98.55,78.5524,12.91,7,0,1,0,0,0,1,1,73699.79,0.3781,low,0.5
CUST002802,784,excellent,89.03,88.05,47.15,69.24,90.58,80.6303,10.89,2,0,0,0,0,0,1,3,80704.94,0.9636,low,0.25
CUST002803,810,excellent,99.15,88.57,72.29,37.09,91.55,84.9836,7.93,5,0,0,0,0,0,0,4,101162.3,0.1165,low,0.0
CUST002804,748,good,94.44,88.2,32.11,35.3,67.24,74.5845,0.99,0,2,0,0,0,0,0,7,66342.64,0.0667,low,0.0
CUST002805,788,excellent,98.78,92.97,45.24,40.23,81.38,81.4114,1.48,2,1,0,0,0,0,0,5,49761.68,0.0027,low,0.0
CUST002806,842,excellent,97.2,90.69,94.08,52.41,98.02,90.3819,0.39,19,0,0,0,0,0,1,7,189635.52,0.6756,low,0.125
CUST002807,674,risky,26.67,91.7,91.48,32.97,85.38,62.4019,1.08,19,1,2,0,0,0,0,3,287217.36,0.165,low,0.0
CUST002808,787,excellent,97.22,95.97,34.78,49.81,82.32,81.2473,5.12,1,1,0,0,0,0,0,5,142229.99,0.1366,low,0.0
CUST002809,684,risky,48.08,91.48,59.13,40.65,67.22,63.9291,1.17,4,2,1,0,0,0,0,4,1657181.64,0.0425,low,0.0
CUST002810,674,risky,53.73,79.18,58.34,34.16,76.29,62.3567,13.48,2,2,4,0,0,0,0,2,36518.83,0.1974,low,0.0
CUST002811,833,excellent,93.72,99.9,85.32,33.63,98.76,88.8071,8.79,14,0,0,0,0,0,0,6,365464.63,0.145,low,0.0
CUST002812,794,excellent,88.65,91.3,55.72,56.16,99.62,82.352,6.19,4,0,0,0,0,0,1,6,270450.84,0.7664,low,0.1429
CUST002813,768,excellent,90.57,77.02,66.39,38.83,93.56,78.0023,11.71,5,0,0,0,0,0,0,1,421672.93,0.0931,low,0.0
CUST002814,718,good,51.27,88.28,93.8,30.65,80.86,69.6506,6.52,17,1,3,0,0,0,0,6,316927.98,0.2316,low,0.0
CUST002815,703,good,41.74,94.85,63.61,77.38,78.33,67.1759,5.29,2,2,3,0,0,0,1,7,278020.87,1.3624,low,0.125
CUST002816,681,risky,42.63,77.9,83.36,62.79,74.59,63.5299,11.02,5,2,4,0,0,0,1,7,64502.96,1.2246,low,0.125
CUST002817,795,excellent,90.49,83.33,77.85,41.7,99.82,82.4992,14.82,8,0,0,0,0,0,0,4,13533.39,0.1094,low,0.0
CUST002818,710,good,50.97,93.74,75.82,43.48,65.88,68.2701,1.27,6,2,3,0,0,0,0,3,88757.96,0.2074,low,0.0
CUST002819,782,excellent,98.21,92.74,42.09,36.23,82.21,80.3557,4.29,1,1,0,0,0,0,0,0,143739.82,0.0532,low,0.0
CUST002820,715,good,86.24,75.53,15.23,48.91,90.81,69.099,10.39,0,0,0,0,0,0,0,7,46650.46,0.0709,low,0.0
CUST002821,785,excellent,89.83,93.58,50.88,44.59,91.63,80.7699,1.43,4,0,0,0,0,0,0,2,170213.71,0.1268,low,0.0
CUST002822,775,excellent,94.79,95.2,24.28,42.75,94.9,79.1441,0.77,0,0,0,0,0,0,0,3,100747.09,0.0481,low,0.0
CUST002823,786,excellent,99.18,79.0,68.0,32.43,91.39,80.9969,12.48,5,0,0,0,0,0,0,4,106291.46,0.0871,low,0.0
CUST002824,616,high_risk,15.39,83.82,99.1,47.09,26.42,52.7489,13.13,10,6,5,0,0,1,0,4,70748.09,0.31,low,0.0
CUST002825,776,excellent,85.52,78.25,87.56,36.84,91.8,79.4029,13.68,17,1,0,0,0,0,0,3,35048.7,0.0879,low,0.0
CUST002826,593,high_risk,10.42,89.24,69.32,66.62,24.17,48.8959,3.21,8,5,7,0,0,0,1,7,130113.42,1.4805,low,0.125
CUST002827,767,excellent,75.53,84.5,86.17,45.54,85.72,77.8395,13.5,11,1,0,0,0,0,0,4,129944.96,0.0384,low,0.0
CUST002828,828,excellent,94.59,94.76,81.92,60.06,82.02,88.0297,0.97,6,1,0,0,0,0,1,4,229961.47,0.3825,low,0.2
CUST002829,775,excellent,66.51,97.83,90.22,44.99,84.66,79.124,9.68,15,1,0,0,0,0,0,6,126336.57,0.0772,low,0.0
CUST002830,604,high_risk,10.53,96.16,61.09,46.95,42.8,50.6751,8.7,3,4,4,0,1,1,0,5,35688.41,0.6249,low,0.0
CUST002831,821,excellent,90.62,93.2,87.63,47.49,92.71,86.8415,5.59,10,0,0,0,0,0,0,3,76812.35,0.0956,low,0.0
CUST002832,656,risky,41.29,71.49,70.56,72.61,65.95,59.3416,33.19,8,2,1,0,0,0,1,5,122330.41,1.4151,low,0.1667
CUST002833,822,excellent,99.36,76.21,87.71,76.37,86.42,87.0728,10.2,18,1,0,0,0,0,1,6,51935.62,0.5925,low,0.1429
CUST002834,825,excellent,88.44,92.01,98.84,43.85,97.62,87.5309,9.78,13,0,0,0,0,0,0,3,314931.0,0.1548,low,0.0
CUST002835,823,excellent,95.75,89.48,92.93,33.63,94.33,87.0896,10.43,15,0,0,0,0,0,0,1,62902.17,0.1266,low,0.0
CUST002836,823,excellent,88.29,99.14,90.53,40.61,88.85,87.1667,3.55,12,1,0,0,0,0,0,0,290854.86,0.0586,low,0.0
CUST002837,689,risky,51.62,90.68,73.24,35.77,50.29,64.8647,5.07,9,4,4,0,0,0,0,3,65711.71,0.2222,low,0.0
CUST002838,860,excellent,98.58,99.22,98.85,44.84,96.9,93.2716,3.32,13,0,0,0,0,0,0,3,30573.72,0.0275,low,0.0
CUST002839,746,good,58.83,99.7,78.68,76.02,53.73,74.28,3.66,7,4,4,0,0,0,1,6,391881.61,1.3262,low,0.1429
CUST002840,795,excellent,87.29,93.46,59.99,56.14,93.68,82.5704,6.66,4,0,0,0,0,0,1,1,27228.18,0.5954,low,0.5
CUST002841,729,good,56.92,88.89,88.82,46.17,69.5,71.4796,3.43,17,2,1,0,0,0,0,4,129595.84,0.1665,low,0.0
CUST002842,803,excellent,89.26,89.16,76.9,52.84,90.83,83.8902,14.15,7,0,0,0,0,0,0,0,63634.28,0.0676,low,0.0
CUST002843,775,excellent,85.19,98.75,47.73,37.07,88.8,79.1888,1.81,1,1,0,0,0,0,0,2,94438.8,0.148,low,0.0
CUST002844,743,good,46.51,99.82,93.64,36.77,99.56,73.9041,0.17,13,0,3,0,0,0,0,3,302393.59,0.1944,low,0.0
CUST002845,723,good,43.98,99.34,89.51,45.59,73.93,70.5743,2.73,12,2,4,0,0,0,0,6,157016.18,0.2001,low,0.0
CUST002846,763,excellent,86.94,78.11,49.36,61.71,97.54,77.1905,12.4,1,0,0,0,0,0,1,0,55372.68,0.8971,low,0.5
CUST002847,810,excellent,75.5,98.29,89.03,62.72,95.39,85.0775,9.44,13,0,1,0,0,0,1,2,116042.42,0.6529,low,0.3333
CUST002848,722,good,55.04,97.99,68.44,35.01,78.39,70.2668,1.97,5,2,1,0,0,0,0,0,20681.21,0.2208,low,0.0
CUST002849,808,excellent,90.14,94.54,80.28,53.19,73.26,84.5961,10.0,6,2,0,0,0,0,1,1,36909.16,0.4521,low,0.5
CUST002850,742,good,66.84,97.25,60.28,30.4,90.18,73.668,2.3,3,0,0,0,0,0,0,2,185563.62,0.0032,low,0.0
CUST002851,786,excellent,88.21,88.23,54.09,60.32,95.56,81.0428,5.93,3,0,0,0,0,0,1,7,339310.7,0.5254,low,0.125
CUST002852,763,excellent,87.53,95.89,31.38,40.07,91.19,77.2356,2.12,1,0,0,0,0,0,0,5,188721.66,0.0358,low,0.0
CUST002853,826,excellent,97.19,89.94,73.43,59.02,96.74,87.589,9.76,8,0,0,0,0,0,1,2,90682.15,0.3895,low,0.3333
CUST002854,778,excellent,89.57,82.41,64.48,43.46,96.55,79.7452,11.71,2,0,0,0,0,0,0,0,183273.15,0.0601,low,0.0
CUST002855,738,good,94.37,75.27,33.62,36.09,88.16,73.079,12.06,0,1,0,0,0,0,0,3,94489.36,0.0698,low,0.0
CUST002856,849,excellent,98.89,97.97,98.54,43.58,83.66,91.5066,4.28,16,1,0,0,0,0,0,2,265163.92,0.1606,low,0.0
CUST002857,808,excellent,96.18,91.16,46.95,75.98,90.07,84.6584,8.2,2,1,0,0,0,0,1,3,147069.95,0.635,low,0.25
CUST002858,849,excellent,96.99,90.97,86.13,75.57,98.0,91.5135,3.74,15,0,0,0,0,0,1,1,542400.86,0.7976,low,0.5
CUST002859,778,excellent,66.59,96.97,66.21,75.87,97.87,79.7035,1.78,7,0,1,0,0,0,1,6,52439.12,0.9705,low,0.1429
CUST002860,757,excellent,98.86,76.18,38.13,32.8,96.73,76.1268,12.51,1,0,0,0,0,0,0,1,335234.85,0.0632,low,0.0
CUST002861,831,excellent,97.87,98.47,84.81,45.71,73.58,88.4442,3.83,6,2,0,0,0,0,0,7,51678.79,0.0542,low,0.0
CUST002862,666,risky,51.29,98.95,17.76,37.06,70.21,61.0271,0.22,0,2,1,0,0,0,0,2,62418.83,0.2479,low,0.0
CUST002863,820,excellent,92.6,76.72,98.57,71.57,93.14,86.6822,14.42,18,0,0,0,0,0,1,3,244048.24,0.5394,low,0.25
CUST002864,833,excellent,88.69,95.76,85.76,63.07,98.31,88.7689,3.94,20,0,0,0,0,0,1,7,49592.47,0.9172,low,0.125
CUST002865,776,excellent,87.57,75.4,88.02,32.82,96.57,79.41,10.51,12,0,0,0,0,0,0,1,67689.16,0.0058,low,0.0
CUST002866,710,good,61.27,97.67,46.85,35.11,70.19,68.3035,5.73,1,2,1,0,0,0,0,1,158838.13,0.2169,low,0.0
CUST002867,639,high_risk,15.33,97.56,76.02,70.96,43.44,56.4802,4.69,9,4,3,0,0,0,1,0,40447.53,2.2475,moderate,0.5
CUST002868,831,excellent,89.89,89.9,87.33,71.08,97.94,88.4309,14.08,15,0,0,0,0,0,1,7,4147104.89,0.8171,low,0.125
CUST002869,837,excellent,94.37,92.17,91.31,60.13,91.37,89.5274,4.46,18,0,0,0,0,0,1,6,913327.3,0.6065,low,0.1429
CUST002870,806,excellent,89.09,89.3,86.0,44.28,90.99,84.3966,4.23,13,0,0,0,0,0,0,5,82454.39,0.0246,low,0.0
CUST002871,696,risky,77.12,70.79,33.86,45.73,81.47,66.0285,48.41,1,1,0,0,0,0,0,0,598959.27,0.0217,low,0.0
CUST002872,766,excellent,97.3,75.72,45.12,56.04,85.22,77.6633,10.6,3,1,0,0,0,0,1,7,64455.39,0.7671,low,0.125
CUST002873,779,excellent,74.82,88.94,88.13,66.05,71.11,79.8039,1.96,16,2,1,0,0,0,1,2,378802.81,0.5574,low,0.3333
CUST002874,836,excellent,95.11,88.67,90.42,79.34,80.04,89.3899,2.61,18,1,0,0,0,0,1,0,32394.97,0.7292,low,0.5
CUST002875,571,high_risk,25.88,75.25,45.28,44.13,23.94,45.2309,14.44,2,5,6,0,0,1,0,2,35809.09,0.4308,low,0.0
CUST002876,836,excellent,97.79,87.74,90.6,61.93,90.2,89.3525,22.72,12,0,0,0,0,0,0,6,69367.19,0.1495,low,0.0
CUST002877,851,excellent,99.71,87.55,97.36,63.57,96.62,91.7874,13.13,12,0,0,0,0,0,1,4,40962.21,0.5511,low,0.2
CUST002878,858,excellent,98.05,99.14,97.77,43.58,98.49,92.9321,1.07,17,0,0,0,0,0,0,6,54479.0,0.0572,low,0.0
CUST002879,824,excellent,89.4,92.47,92.78,60.96,82.14,87.2589,8.13,13,1,0,0,0,0,1,5,69551.12,0.5673,low,0.1667
CUST002880,835,excellent,97.96,90.72,76.07,63.26,99.57,89.1935,3.8,6,0,0,0,0,0,1,6,128166.39,0.7516,low,0.1429
CUST002881,826,excellent,85.33,97.92,89.11,62.4,88.46,87.6951,5.28,19,1,0,0,0,0,1,5,305178.27,0.4938,low,0.1667
CUST002882,775,excellent,97.83,91.25,34.69,40.9,82.88,79.1974,5.36,1,1,0,0,0,0,0,0,68462.73,0.0777,low,0.0
CUST002883,816,excellent,93.61,97.07,76.82,39.36,86.16,85.9584,8.74,9,1,0,0,0,0,0,4,83536.56,0.1318,low,0.0
CUST002884,783,excellent,89.24,88.54,62.84,47.03,85.34,80.4599,2.32,2,1,0,0,0,0,1,0,110117.53,0.7473,low,0.5
CUST002885,784,excellent,89.03,92.69,51.15,49.49,91.54,80.7434,8.15,3,0,0,0,0,0,1,0,102278.18,0.7976,low,0.5
CUST002886,700,good,70.06,80.68,32.58,40.43,90.85,66.7431,11.67,1,0,0,0,0,0,0,7,63628.68,0.1532,low,0.0
CUST002887,805,excellent,95.73,88.7,67.05,49.07,90.53,84.1317,12.92,7,0,0,0,0,0,1,7,8056.85,0.9954,low,0.125
CUST002888,612,high_risk,19.99,81.34,64.92,49.1,58.76,51.9215,10.57,2,3,3,1,0,1,0,7,132227.33,0.3808,low,0.0
CUST002889,742,good,97.37,30.67,89.18,73.64,95.9,73.6114,53.77,10,0,0,0,0,0,1,2,55152.3,0.49,low,0.3333
CUST002890,816,excellent,86.51,89.81,99.85,38.16,99.21,85.9369,5.3,10,0,0,0,0,0,0,4,275604.24,0.0341,low,0.0
CUST002891,820,excellent,93.11,97.27,63.61,61.28,91.85,86.6217,0.92,3,0,0,0,0,0,1,0,152902.19,0.9429,low,0.5
CUST002892,696,risky,41.11,93.77,56.63,65.67,83.66,65.9472,6.54,4,1,1,0,0,0,1,3,83541.48,0.8157,low,0.25
CUST002893,820,excellent,90.31,97.01,73.68,57.78,91.45,86.6888,0.94,8,1,0,0,0,0,1,7,44972.42,0.6841,low,0.125
CUST002894,762,excellent,90.67,93.06,21.6,43.87,97.61,77.0393,1.95,0,0,0,0,0,0,0,3,104674.24,0.0944,low,0.0
CUST002895,652,risky,41.02,84.41,48.31,60.47,56.97,58.6684,10.83,3,3,1,0,0,0,1,6,161164.61,0.7982,low,0.1429
CUST002896,739,good,64.65,78.79,90.69,43.84,89.06,73.16,11.32,19,1,2,0,0,0,0,0,82579.61,0.1173,low,0.0
CUST002897,822,excellent,87.87,95.86,73.36,71.06,94.11,87.0319,1.11,5,0,0,0,0,0,1,0,599158.21,0.3785,low,0.5
CUST002898,810,excellent,92.13,96.14,77.26,32.33,91.65,85.0709,3.88,8,1,0,0,0,0,0,5,180099.84,0.0382,low,0.0
CUST002899,684,risky,48.12,89.78,49.47,43.39,84.09,63.9439,5.96,1,1,4,0,0,0,0,7,52997.62,0.2053,low,0.0
CUST002900,735,good,73.14,92.86,36.6,58.92,77.25,72.5659,7.78,1,2,0,0,0,0,1,6,215465.22,0.9823,low,0.1429
CUST002901,814,excellent,94.76,80.26,97.44,39.1,98.61,85.6321,10.38,19,0,0,0,0,0,0,0,22711.08,0.1416,low,0.0
CUST002902,665,risky,44.26,79.8,54.97,39.31,91.77,60.7848,10.31,4,1,1,0,0,0,0,4,283400.63,0.1436,low,0.0
CUST002903,816,excellent,87.73,91.33,92.95,45.64,94.1,86.0217,6.28,13,0,0,0,0,0,0,2,41839.25,0.0236,low,0.0
CUST002904,762,excellent,85.8,88.59,52.81,39.73,84.45,76.948,1.0,2,1,0,0,0,0,0,4,140644.5,0.0361,low,0.0
CUST002905,760,excellent,85.73,78.69,67.39,55.4,73.77,76.6405,12.9,7,2,0,0,0,0,1,3,147642.32,0.4736,low,0.25
CUST002906,777,excellent,69.22,98.12,88.01,35.97,90.38,79.5002,1.2,18,0,0,0,0,0,0,2,169368.4,0.0675,low,0.0
CUST002907,783,excellent,69.34,96.93,82.93,53.79,93.24,80.4899,4.07,9,0,0,0,0,0,1,0,72508.9,0.9332,low,0.5
CUST002908,740,good,88.52,86.23,18.49,49.93,87.77,73.3964,12.47,0,1,0,0,0,0,1,2,218955.3,0.3689,low,0.3333
CUST002909,827,excellent,92.96,94.19,84.37,60.79,82.79,87.8074,7.61,7,1,0,0,0,0,1,5,74701.94,0.3991,low,0.1667
CUST002910,623,high_risk,43.87,92.04,35.18,31.86,24.73,53.8995,7.9,1,5,3,0,0,0,0,6,439590.07,0.2,low,0.0
CUST002911,755,excellent,92.66,97.17,11.28,32.7,92.12,75.7549,9.72,0,0,0,0,0,0,0,6,164350.45,0.1206,low,0.0
CUST002912,728,good,57.82,89.36,92.94,41.01,62.64,71.3533,8.08,11,3,4,0,0,0,0,5,159730.3,0.089,low,0.0
CUST002913,688,risky,67.01,45.96,82.26,68.04,82.04,64.5912,57.33,7,1,0,0,0,0,1,2,356504.23,0.7852,low,0.3333
CUST002914,712,good,79.25,90.68,12.49,37.92,81.18,68.7271,6.07,0,1,1,0,0,0,0,3,48594.56,0.0572,low,0.0
CUST002915,829,excellent,90.74,94.6,92.44,44.29,96.57,88.0918,1.47,19,0,0,0,0,0,0,1,45197.87,0.0312,low,0.0
CUST002916,765,excellent,87.9,91.64,39.12,46.27,86.94,77.4466,7.63,1,1,0,0,0,0,0,0,94906.65,0.1181,low,0.0
CUST002917,843,excellent,86.6,98.54,98.73,62.19,95.73,90.4701,5.26,11,0,0,0,0,0,1,4,99037.46,0.6715,low,0.2
CUST002918,619,high_risk,21.6,92.47,72.43,38.83,31.17,53.1663,3.77,8,6,5,0,0,1,0,4,114783.81,0.2312,low,0.0
CUST002919,850,excellent,98.27,88.83,97.48,63.47,96.97,91.7071,4.34,15,0,0,0,0,0,1,2,48563.76,0.5154,low,0.3333
CUST002920,704,good,53.92,78.62,91.06,34.29,77.29,67.2728,10.15,10,2,3,0,0,0,0,7,145122.58,0.0514,low,0.0
CUST002921,774,excellent,98.77,81.71,43.07,38.17,96.54,79.0158,11.92,1,0,0,0,0,0,0,7,155728.61,0.1586,low,0.0
CUST002922,774,excellent,86.58,94.89,48.73,40.07,88.5,78.9349,4.46,3,1,0,0,0,0,0,3,144086.65,0.0136,low,0.0
CUST002923,643,high_risk,11.83,90.77,92.23,39.67,79.82,57.1565,3.42,13,2,5,0,0,1,0,6,441326.82,0.5298,low,0.0
CUST002924,805,excellent,89.55,85.4,95.22,30.35,98.98,84.1797,12.46,10,0,0,0,0,0,0,6,483063.48,0.0644,low,0.0
CUST002925,789,excellent,86.13,89.64,85.16,33.77,82.86,81.4766,7.65,20,1,0,0,0,0,0,5,43369.76,0.0953,low,0.0
CUST002926,712,good,42.37,96.65,86.57,39.62,79.57,68.7282,1.2,13,2,3,0,0,0,0,4,95927.1,0.014,low,0.0
CUST002927,775,excellent,91.07,86.41,33.98,62.78,99.34,79.1054,13.53,1,0,0,0,0,0,1,3,47857.29,0.5981,low,0.25
CUST002928,714,good,56.44,90.35,69.71,49.23,67.71,69.0086,0.83,8,2,2,0,0,0,0,6,38827.29,0.1891,low,0.0
CUST002929,860,excellent,98.7,89.63,93.85,81.33,96.69,93.3142,3.09,11,0,0,0,0,0,2,2,82838.69,0.5108,low,0.5
CUST002930,751,excellent,65.33,88.55,92.99,30.58,86.46,75.0844,6.94,13,1,0,0,0,0,0,0,155733.12,0.0939,low,0.0
CUST002931,784,excellent,85.27,81.56,88.5,35.48,95.56,80.6915,13.78,20,0,0,0,0,0,0,7,153332.79,0.0995,low,0.0
CUST002932,743,good,88.28,91.19,26.61,30.66,84.56,73.769,7.05,0,1,0,0,0,0,0,5,386944.85,0.1351,low,0.0
CUST002933,768,excellent,91.07,90.99,41.24,34.27,91.97,77.9806,0.13,1,0,0,0,0,0,0,2,449953.41,0.0936,low,0.0
CUST002934,785,excellent,97.97,83.09,63.44,35.45,85.95,80.8732,11.96,3,1,0,0,0,0,0,3,30126.84,0.016,low,0.0
CUST002935,821,excellent,91.1,89.91,95.85,42.45,93.89,86.8691,10.33,19,0,0,0,0,0,0,6,68064.14,0.0119,low,0.0
CUST002936,807,excellent,97.22,88.8,75.58,41.75,82.88,84.4659,8.15,8,1,0,0,0,0,0,3,220671.29,0.0536,low,0.0
CUST002937,729,good,62.17,90.22,69.79,33.46,89.31,71.5724,5.0,7,1,3,0,0,0,0,3,127308.37,0.0881,low,0.0
CUST002938,694,risky,60.44,99.52,33.44,36.5,60.46,65.723,2.7,1,3,4,0,0,0,0,6,375330.86,0.0313,low,0.0
CUST002939,750,excellent,92.31,78.78,31.91,51.73,90.94,74.9961,11.1,1,0,0,0,0,0,1,3,94291.45,0.4295,low,0.25
CUST002940,782,excellent,88.76,96.02,68.75,36.21,66.12,80.4138,5.33,7,2,0,0,0,0,0,4,1203529.41,0.0073,low,0.0
CUST002941,836,excellent,91.51,94.46,78.27,80.92,91.05,89.3069,5.36,6,0,0,0,0,0,2,7,29089.03,0.8404,low,0.2222
CUST002942,792,excellent,97.59,97.33,34.98,39.42,94.67,82.0102,4.3,0,0,0,0,0,0,0,6,33385.39,0.0855,low,0.0
CUST002943,797,excellent,87.7,85.36,72.48,62.81,94.36,82.8904,14.95,6,0,0,0,0,0,1,6,124134.46,0.4015,low,0.1429
CUST002944,790,excellent,87.74,98.46,67.97,30.15,82.34,81.6916,6.06,5,1,0,0,0,0,0,6,203979.54,0.0248,low,0.0
CUST002945,761,excellent,88.69,93.42,46.91,40.14,67.16,76.835,5.54,3,2,0,0,0,0,0,5,336281.72,0.1235,low,0.0
CUST002946,797,excellent,96.42,93.13,56.74,31.3,95.36,82.8652,5.71,2,0,0,0,0,0,0,1,104285.77,0.1105,low,0.0
CUST002947,623,high_risk,28.97,90.53,68.22,41.31,21.24,53.7865,7.44,6,5,6,0,0,1,0,2,35975.2,0.2978,low,0.0
CUST002948,760,excellent,57.34,97.28,76.94,78.05,90.27,76.624,9.78,6,1,2,0,0,0,1,1,431446.55,1.0096,low,0.5
CUST002949,817,excellent,97.35,94.55,76.9,37.38,84.19,86.1303,7.98,8,1,0,0,0,0,0,7,55841.72,0.0822,low,0.0
CUST002950,836,excellent,94.92,94.29,71.24,73.96,98.03,89.3942,2.94,9,0,0,0,0,0,1,2,209807.87,0.4716,low,0.3333
CUST002951,650,risky,22.35,99.62,80.92,36.79,47.71,58.2977,9.56,7,4,3,0,0,1,0,0,224273.03,0.3815,low,0.0
CUST002952,829,excellent,87.02,93.82,97.18,55.51,93.85,88.1174,4.37,19,0,0,0,0,0,1,2,37477.45,0.4594,low,0.3333
CUST002953,807,excellent,94.08,92.62,81.36,47.86,68.39,84.5411,5.5,6,2,0,0,0,0,0,6,290827.78,0.1515,low,0.0
CUST002954,851,excellent,99.42,94.11,97.82,60.37,80.69,91.8087,6.53,16,1,0,0,0,0,1,3,42600.51,0.4862,low,0.25
CUST002955,789,excellent,90.44,89.71,63.78,42.36,90.97,81.4656,14.24,2,1,0,0,0,0,0,1,116903.1,0.1514,low,0.0
CUST002956,814,excellent,90.57,88.84,94.87,47.56,83.15,85.6529,0.8,11,1,0,0,0,0,1,0,81693.55,0.6093,low,0.5
CUST002957,810,excellent,89.74,81.59,87.29,74.16,85.59,84.9561,14.66,19,1,0,0,0,0,1,7,67516.77,0.3919,low,0.125
CUST002958,854,excellent,98.63,94.59,99.92,47.01,96.82,92.2675,8.73,15,0,0,0,0,0,0,7,364923.91,0.1408,low,0.0
CUST002959,836,excellent,95.98,98.58,85.91,46.12,86.8,89.3462,1.27,11,1,0,0,0,0,0,6,136599.17,0.0765,low,0.0
CUST002960,736,good,86.06,90.85,14.58,45.65,84.87,72.6148,4.45,0,1,0,0,0,0,0,2,102610.52,0.0823,low,0.0
CUST002961,683,risky,30.18,98.28,71.07,77.34,63.07,63.7503,4.19,6,3,1,0,0,0,1,4,41217.37,1.0674,low,0.2
CUST002962,787,excellent,67.93,91.61,92.92,64.03,96.01,81.2038,4.45,10,0,1,0,0,0,1,7,150724.76,0.506,low,0.125
CUST002963,839,excellent,95.33,86.04,92.39,72.92,95.57,89.8844,13.8,13,0,0,0,0,0,2,6,418951.75,0.7904,low,0.25
CUST002964,849,excellent,99.92,98.87,91.09,44.26,87.84,91.5084,3.38,13,1,0,0,0,0,0,2,66778.55,0.0844,low,0.0
CUST002965,631,high_risk,56.64,77.93,32.27,31.37,40.45,55.223,11.18,1,3,1,0,0,0,0,6,120298.28,0.0579,low,0.0
CUST002966,825,excellent,99.8,89.17,75.63,51.78,92.5,87.4536,2.51,5,0,0,0,0,0,1,5,100442.85,0.4026,low,0.1667
CUST002967,697,risky,49.49,93.78,55.11,30.81,94.17,66.2223,9.05,2,0,1,0,0,0,0,4,29167.18,0.2258,low,0.0
CUST002968,813,excellent,92.3,99.9,60.99,45.2,94.78,85.4208,9.65,2,0,0,0,0,0,0,5,382244.83,0.0853,low,0.0
CUST002969,856,excellent,98.65,94.46,94.53,64.61,91.76,92.6834,7.26,14,0,0,0,0,0,1,1,299854.55,0.7164,low,0.5
CUST002970,841,excellent,99.49,98.82,76.57,44.78,98.15,90.2452,9.87,8,0,0,0,0,0,0,3,90486.87,0.0012,low,0.0
CUST002971,682,risky,40.62,99.31,49.91,31.1,90.9,63.6974,9.34,1,0,1,0,0,0,0,7,59605.73,0.0761,low,0.0
CUST002972,800,excellent,85.7,86.54,85.3,49.84,96.04,83.3391,12.3,12,0,0,0,0,0,0,3,89737.83,0.0288,low,0.0
CUST002973,720,good,64.96,96.75,46.41,38.77,74.39,70.0407,2.59,3,2,3,0,0,0,0,1,145044.19,0.0864,low,0.0
CUST002974,819,excellent,97.53,94.52,63.65,50.05,94.35,86.4815,8.08,3,0,0,0,0,0,1,6,334829.2,0.5008,low,0.1429
CUST002975,738,good,67.36,88.58,72.71,40.01,79.46,73.004,5.53,7,2,1,0,0,0,0,7,154691.13,0.0739,low,0.0
CUST002976,636,high_risk,10.41,89.79,90.49,43.55,75.22,56.0307,6.09,20,2,8,0,0,1,0,0,54168.25,0.3539,low,0.0
CUST002977,711,good,64.92,85.97,74.06,69.64,29.4,68.5289,14.65,7,5,2,0,0,0,1,1,802318.02,1.4408,low,0.5
CUST002978,775,excellent,88.85,95.44,38.57,44.72,91.93,79.1805,7.31,1,0,0,0,0,0,0,3,219742.09,0.0713,low,0.0
CUST002979,666,risky,20.66,89.95,93.86,64.87,72.33,61.0131,1.0,10,2,6,0,0,0,1,3,29208.63,1.3564,low,0.25
CUST002980,716,good,53.56,89.23,73.52,36.84,90.73,69.2992,4.92,9,1,3,0,0,0,0,4,100654.51,0.1675,low,0.0
CUST002981,806,excellent,88.88,86.9,89.48,45.1,92.09,84.3215,12.73,11,0,0,0,0,0,1,1,25145.45,0.54,low,0.5
CUST002982,829,excellent,96.96,82.38,83.75,77.07,92.5,88.1688,12.67,8,0,0,0,0,0,1,4,267562.04,0.9122,low,0.2
CUST002983,815,excellent,92.76,85.51,87.77,50.11,95.11,85.8055,13.32,13,0,0,0,0,0,1,7,229392.53,0.9825,low,0.125
CUST002984,759,excellent,95.74,90.97,20.87,42.22,82.69,76.4238,9.78,0,1,0,0,0,0,0,7,43589.28,0.0649,low,0.0
CUST002985,741,good,58.17,99.54,91.58,46.7,48.55,73.485,9.07,11,3,2,0,0,0,0,4,248902.14,0.1866,low,0.0
CUST002986,845,excellent,98.1,98.06,80.34,57.25,93.27,90.8588,4.41,6,0,0,0,0,0,1,2,67344.0,0.8586,low,0.3333
CUST002987,735,good,86.17,80.18,32.21,43.38,90.97,72.4806,12.32,1,1,0,0,0,0,0,3,403345.98,0.0402,low,0.0
CUST002988,674,risky,29.07,95.81,91.94,41.69,54.88,62.3651,6.09,12,4,3,0,0,1,0,1,66969.7,0.2759,low,0.0
CUST002989,835,excellent,92.86,94.51,88.79,61.87,87.7,89.1292,4.76,20,1,0,0,0,0,1,5,44385.16,0.9915,low,0.1667
CUST002990,835,excellent,98.07,98.37,65.02,58.03,97.29,89.1236,1.19,8,0,0,0,0,0,1,5,82948.09,0.9785,low,0.1667
CUST002991,687,risky,50.18,96.7,32.3,42.3,89.28,64.5734,1.9,0,1,4,0,0,0,0,1,323910.74,0.1357,low,0.0
CUST002992,738,good,68.06,98.49,47.31,38.09,87.26,72.9991,1.88,4,1,1,0,0,0,0,5,59575.0,0.1299,low,0.0
CUST002993,758,excellent,86.03,91.87,34.41,41.73,92.85,76.293,4.58,0,0,0,0,0,0,0,7,119707.85,0.0615,low,0.0
CUST002994,751,excellent,62.13,98.51,91.37,36.21,64.61,75.0865,3.08,17,3,3,0,0,0,0,6,65525.19,0.2213,low,0.0
CUST002995,842,excellent,97.91,95.74,86.77,48.46,93.98,90.2505,9.06,10,0,0,0,0,0,0,4,38635.73,0.1379,low,0.0
CUST002996,804,excellent,89.63,88.15,99.74,40.61,71.5,83.9882,7.24,15,2,0,0,0,0,0,1,185415.71,0.0428,low,0.0
CUST002997,755,excellent,85.14,92.36,42.13,49.66,69.95,75.7872,0.35,1,2,0,0,0,0,0,4,73557.03,0.1128,low,0.0
CUST002998,816,excellent,87.17,95.58,74.98,61.78,94.06,86.0152,2.08,8,0,0,0,0,0,1,5,53147.29,0.8925,low,0.1667
CUST002999,815,excellent,93.94,93.94,94.77,31.79,73.62,85.817,5.24,14,2,0,0,0,0,0,7,74555.95,0.1546,low,0.0
CUST003000,782,excellent,88.09,86.29,63.51,52.89,88.16,80.3494,10.23,2,1,0,0,0,0,1,2,110010.78,0.735,low,0.3333
CUST003001,766,excellent,78.36,75.99,98.6,37.37,89.01,77.6507,14.37,13,1,0,0,0,0,0,4,42529.93,0.0856,low,0.0
CUST003002,780,excellent,98.84,80.88,52.53,32.81,99.63,79.9805,13.23,2,0,0,0,0,0,0,5,205148.38,0.0537,low,0.0
CUST003003,744,good,95.7,77.55,25.76,43.41,89.62,73.9279,11.26,0,1,0,0,0,0,0,2,413479.43,0.0939,low,0.0
CUST003004,629,high_risk,25.93,82.89,82.67,42.52,42.4,54.8353,13.3,7,4,5,0,0,1,0,3,39208.11,0.407,low,0.0
CUST003005,743,good,54.62,97.46,85.2,65.65,72.16,73.9149,1.29,10,2,4,0,0,0,1,2,197883.74,1.3642,low,0.3333
CUST003006,802,excellent,98.52,79.29,72.7,49.73,95.72,83.7192,12.86,8,0,0,0,0,0,1,0,36887.39,0.9402,low,0.5
CUST003007,726,good,52.28,94.23,93.62,49.46,53.88,70.9454,5.05,11,3,2,0,0,0,0,6,179770.76,0.0963,low,0.0
CUST003008,821,excellent,99.36,90.95,67.22,53.21,93.21,86.7873,8.45,9,0,0,0,0,0,1,6,103161.32,0.6603,low,0.1429
CUST003009,587,high_risk,14.84,76.49,63.2,41.69,59.91,47.7814,11.39,4,3,8,1,0,1,0,1,237033.22,0.5896,low,0.0
CUST003010,745,good,55.01,93.95,82.03,46.28,98.06,74.178,5.57,8,0,1,0,0,0,0,4,25725.16,0.1664,low,0.0
CUST003011,803,excellent,92.43,86.71,83.2,31.06,98.69,83.8192,10.84,8,0,0,0,0,0,0,4,21224.86,0.0613,low,0.0
CUST003012,699,risky,73.66,45.23,90.49,52.35,83.31,66.4905,50.79,18,1,0,0,0,0,0,4,165593.8,0.0651,low,0.0
CUST003013,827,excellent,91.53,95.57,91.82,40.82,93.28,87.8909,5.4,20,0,0,0,0,0,0,2,95990.62,0.1544,low,0.0
CUST003014,824,excellent,95.39,91.57,89.84,48.13,82.57,87.4039,5.98,15,1,0,0,0,0,0,0,316803.46,0.1397,low,0.0
CUST003015,807,excellent,94.25,79.25,99.44,33.93,94.12,84.4864,12.83,17,0,0,0,0,0,0,3,267325.57,0.063,low,0.0
CUST003016,699,risky,42.53,85.73,86.83,36.69,92.42,66.5398,12.97,13,0,1,0,0,0,0,6,53462.32,0.0887,low,0.0
CUST003017,729,good,49.92,84.89,87.19,77.32,77.98,71.5474,14.52,10,2,4,0,0,0,1,5,8768.21,0.8472,low,0.1667
CUST003018,710,good,41.75,88.61,68.74,77.65,90.93,68.3654,0.6,8,1,4,0,0,0,1,5,110119.94,0.9722,low,0.1667
CUST003019,838,excellent,86.29,99.21,86.58,78.11,88.99,89.6616,8.99,12,1,0,0,0,0,2,3,252187.94,0.9551,low,0.4
CUST003020,791,excellent,93.75,78.69,72.07,51.88,94.61,81.876,12.77,6,0,0,0,0,0,1,7,118408.64,0.6105,low,0.125
CUST003021,756,excellent,70.68,86.0,82.57,39.69,91.79,76.0703,13.16,6,0,1,0,0,0,0,3,32293.29,0.0959,low,0.0
CUST003022,694,risky,48.13,92.75,56.42,37.66,87.64,65.6628,7.36,3,1,1,0,0,0,0,7,381700.11,0.2202,low,0.0
CUST003023,762,excellent,92.26,88.9,30.29,38.81,96.6,77.0449,3.33,1,0,0,0,0,0,0,3,109820.17,0.0425,low,0.0
CUST003024,800,excellent,90.17,90.08,60.47,61.25,96.36,83.415,6.92,4,0,0,0,0,0,1,4,61163.71,0.7655,low,0.2
CUST003025,767,excellent,89.73,92.85,33.92,39.67,95.16,77.8315,2.28,1,0,0,0,0,0,0,3,284683.5,0.1547,low,0.0
CUST003026,814,excellent,95.0,86.31,88.86,34.18,97.87,85.6763,10.74,10,0,0,0,0,0,0,3,23721.51,0.0802,low,0.0
CUST003027,829,excellent,98.38,93.44,56.48,76.4,95.94,88.1718,6.85,3,0,0,0,0,0,2,1,139054.5,0.4995,low,0.6667
CUST003028,789,excellent,88.93,90.34,69.27,44.33,84.41,81.4919,5.35,8,1,0,0,0,0,0,0,111767.87,0.0005,low,0.0
CUST003029,809,excellent,92.8,99.59,42.49,63.41,97.84,84.8546,3.79,1,0,0,0,0,0,1,3,46603.77,0.6358,low,0.25
CUST003030,724,good,60.09,83.32,74.35,55.79,79.32,70.6921,25.22,9,2,3,0,0,0,0,5,45972.68,0.0584,low,0.0
CUST003031,628,high_risk,13.59,89.67,93.42,45.65,43.88,54.6238,11.77,20,6,4,0,0,1,0,5,97872.11,0.225,low,0.0
CUST003032,763,excellent,85.23,95.17,36.73,32.71,99.51,77.1139,2.32,1,0,0,0,0,0,0,0,134517.54,0.112,low,0.0
CUST003033,851,excellent,99.7,93.25,91.76,54.14,97.22,91.7693,6.43,10,0,0,0,0,0,1,2,149820.72,0.5515,low,0.3333
CUST003034,763,excellent,85.36,98.7,30.62,31.48,99.59,77.186,3.42,1,0,0,0,0,0,0,1,417911.29,0.164,low,0.0
CUST003035,814,excellent,98.19,78.39,88.41,49.12,96.07,85.6636,28.96,12,0,0,0,0,0,0,0,63916.51,0.1183,low,0.0
CUST003036,787,excellent,87.22,84.0,58.54,67.53,99.86,81.2469,12.84,3,0,0,0,0,0,1,3,75896.19,0.7728,low,0.25
CUST003037,616,high_risk,29.92,77.01,77.88,44.14,30.08,52.6767,12.25,5,6,6,0,0,1,0,4,45425.8,0.348,low,0.0
CUST003038,724,good,56.48,97.01,75.74,40.93,62.92,70.6159,7.34,5,3,4,0,0,0,0,1,133281.31,0.1989,low,0.0
CUST003039,763,excellent,77.01,77.72,93.99,44.45,83.43,77.1539,12.47,12,1,0,0,0,0,0,3,283420.98,0.0905,low,0.0
CUST003040,805,excellent,90.67,94.28,67.15,47.13,93.75,84.1786,7.78,6,0,0,0,0,0,1,2,48505.29,0.446,low,0.3333
CUST003041,599,high_risk,11.9,91.64,48.84,70.29,49.02,49.9162,9.7,3,4,4,0,0,0,1,5,91730.73,2.1388,moderate,0.1667
CUST003042,738,good,71.59,91.9,36.84,48.8,99.25,72.9606,1.48,1,0,0,0,0,0,0,7,65136.65,0.1076,low,0.0
CUST003043,762,excellent,95.34,81.67,37.95,36.94,97.06,76.9614,14.25,1,0,0,0,0,0,0,1,442714.85,0.0809,low,0.0
CUST003044,846,excellent,99.76,93.38,76.51,77.3,88.77,91.0148,9.58,6,1,0,0,0,0,2,2,90233.92,0.3499,low,0.5
CUST003045,785,excellent,94.75,94.3,52.84,45.56,68.36,80.7686,2.51,2,2,0,0,0,0,0,5,103942.36,0.1379,low,0.0
CUST003046,783,excellent,88.84,85.02,66.36,41.41,98.53,80.5469,11.43,9,0,0,0,0,0,0,0,150557.74,0.1062,low,0.0
CUST003047,607,high_risk,21.54,77.21,65.46,45.33,61.42,51.1968,11.64,6,4,7,1,0,1,0,1,87300.37,0.6037,low,0.0
CUST003048,778,excellent,91.02,78.13,74.64,50.09,81.79,79.6795,14.52,7,1,0,0,0,0,2,3,34863.02,0.6595,low,0.4
CUST003049,778,excellent,98.66,89.32,31.75,46.13,90.03,79.7056,3.37,0,1,0,0,0,0,1,0,79415.65,0.388,low,0.5
CUST003050,754,excellent,74.45,98.67,48.79,41.8,85.27,75.6833,4.72,2,1,1,0,0,0,0,5,27556.91,0.0254,low,0.0
CUST003051,792,excellent,89.06,96.31,45.34,57.88,92.99,81.9518,3.13,1,0,0,0,0,0,1,3,60032.78,0.694,low,0.25
CUST003052,815,excellent,87.0,89.51,89.95,61.5,88.98,85.8454,2.85,13,1,0,0,0,0,1,3,135649.09,0.4414,low,0.25
CUST003053,771,excellent,68.5,94.53,89.03,32.38,96.28,78.5542,5.66,18,0,1,0,0,0,0,5,307163.18,0.0346,low,0.0
CUST003054,772,excellent,73.64,94.98,88.65,43.36,67.98,78.7008,5.31,12,2,1,0,0,0,0,3,42381.92,0.0232,low,0.0
CUST003055,750,excellent,87.02,88.63,32.79,36.39,93.68,74.9728,11.52,1,0,0,0,0,0,0,6,154503.31,0.1499,low,0.0
CUST003056,826,excellent,97.04,96.59,92.03,39.5,70.24,87.7196,8.52,12,2,0,0,0,0,0,5,47319.84,0.0192,low,0.0
CUST003057,638,high_risk,22.74,96.94,83.07,47.39,20.72,56.3128,0.61,9,6,7,0,0,1,0,2,180605.23,0.5457,low,0.0
CUST003058,656,risky,63.28,88.12,22.8,40.43,32.64,59.3112,3.03,0,5,2,0,0,0,0,6,58324.92,0.2099,low,0.0
CUST003059,761,excellent,85.94,77.39,53.84,64.74,90.51,76.8952,13.75,4,0,0,0,0,0,1,4,275915.68,0.4346,low,0.2
CUST003060,793,excellent,87.11,87.25,80.68,40.69,93.62,82.1946,12.13,6,0,0,0,0,0,0,5,85336.1,0.1642,low,0.0
CUST003061,795,excellent,96.45,98.89,32.34,47.98,93.68,82.4388,3.11,1,0,0,0,0,0,0,3,163608.81,0.1072,low,0.0
CUST003062,810,excellent,98.28,80.68,85.49,44.61,91.71,85.057,14.56,17,0,0,0,0,0,0,3,97817.06,0.0108,low,0.0
CUST003063,643,high_risk,46.58,78.46,33.83,34.51,87.7,57.1353,10.31,1,1,1,0,0,0,0,2,30784.98,0.1283,low,0.0
CUST003064,695,risky,58.55,91.99,34.05,43.04,82.73,65.7743,9.06,0,1,3,0,0,0,0,0,146479.82,0.0395,low,0.0
CUST003065,644,high_risk,55.94,57.25,69.12,58.33,43.5,57.303,42.19,7,3,2,0,0,0,0,3,40835.22,0.0987,low,0.0
CUST003066,652,risky,41.95,82.2,55.41,48.13,61.69,58.6375,11.81,2,3,3,0,0,0,0,7,182625.69,0.1049,low,0.0
CUST003067,813,excellent,89.23,92.41,88.92,39.99,92.11,85.5029,3.04,14,0,0,0,0,0,0,6,121231.61,0.0121,low,0.0
CUST003068,770,excellent,90.65,83.15,60.4,33.48,92.62,78.3418,10.21,2,0,0,0,0,0,0,0,134670.67,0.0966,low,0.0
CUST003069,611,high_risk,27.1,80.86,47.23,75.12,44.6,51.7976,11.88,1,5,5,0,0,0,1,6,82151.3,1.4859,low,0.1429
CUST003070,852,excellent,99.59,94.36,96.89,47.07,96.74,92.0762,2.61,10,0,0,0,0,0,0,2,127189.76,0.0251,low,0.0
CUST003071,819,excellent,92.07,87.43,83.76,63.53,91.91,86.5624,10.84,7,1,0,0,0,0,1,6,47390.0,0.6931,low,0.1429
CUST003072,834,excellent,98.24,82.05,99.6,50.7,99.48,88.9574,10.79,13,0,0,0,0,0,1,2,51535.2,0.9442,low,0.3333
CUST003073,798,excellent,93.4,80.99,88.62,33.54,94.22,83.0568,14.55,10,0,0,0,0,0,0,1,206300.87,0.0814,low,0.0
CUST003074,711,good,50.56,89.31,76.89,38.73,86.43,68.5378,1.9,6,1,1,0,0,0,0,1,64569.44,0.141,low,0.0
CUST003075,753,excellent,95.33,80.32,26.15,47.31,94.53,75.5676,10.08,0,0,0,0,0,0,0,4,39308.62,0.0069,low,0.0
CUST003076,714,good,53.76,85.89,88.58,31.32,80.12,69.015,14.99,13,1,1,0,0,0,0,1,273858.71,0.2493,low,0.0
CUST003077,651,risky,33.55,82.95,70.05,73.15,49.76,58.4263,13.17,5,3,4,0,0,0,1,1,185433.08,1.0385,low,0.5
CUST003078,812,excellent,92.18,93.79,85.8,48.66,71.69,85.305,7.29,14,2,0,0,0,0,0,0,79191.08,0.0088,low,0.0
CUST003079,679,risky,49.81,89.12,58.75,62.29,49.66,63.1771,0.71,4,3,2,0,0,0,1,6,98949.98,1.413,low,0.1429
CUST003080,841,excellent,98.74,95.66,93.67,38.84,89.29,90.1208,5.47,13,1,0,0,0,0,0,1,32092.54,0.0291,low,0.0
CUST003081,805,excellent,96.4,95.2,52.47,49.71,91.02,84.2415,7.72,2,0,0,0,0,0,0,4,402200.77,0.1111,low,0.0
CUST003082,832,excellent,94.41,98.49,86.78,34.37,96.97,88.7431,7.24,12,0,0,0,0,0,0,1,20333.12,0.0449,low,0.0
CUST003083,793,excellent,99.44,83.19,68.79,32.45,88.28,82.1512,14.19,5,1,0,0,0,0,0,4,46166.89,0.0262,low,0.0
CUST003084,636,high_risk,15.73,96.27,91.99,33.27,44.25,55.9367,9.37,18,5,4,0,0,1,0,5,35628.11,0.6207,low,0.0
CUST003085,802,excellent,99.84,95.96,45.19,35.31,96.47,83.6905,3.52,1,0,0,0,0,0,0,4,56417.07,0.0543,low,0.0
CUST003086,870,excellent,96.79,98.16,92.39,92.33,86.43,95.0584,9.31,13,1,0,0,0,0,2,7,43445.55,0.8452,low,0.2222
CUST003087,782,excellent,86.79,80.33,61.62,72.69,93.11,80.3009,11.96,4,0,0,0,0,0,1,3,39343.52,0.6776,low,0.25
CUST003088,803,excellent,96.81,90.2,51.8,60.34,90.65,83.8116,0.89,4,0,0,0,0,0,1,7,63830.53,0.8455,low,0.125
CUST003089,685,risky,44.29,96.34,60.32,43.68,63.07,64.1278,5.75,2,3,4,0,0,0,0,7,48491.58,0.1964,low,0.0
CUST003090,801,excellent,96.39,94.77,46.32,51.06,93.44,83.5665,1.13,2,0,0,0,0,0,1,5,145654.11,0.6957,low,0.1667
CUST003091,642,high_risk,21.44,84.8,86.01,61.75,59.77,56.9994,10.18,14,3,6,0,0,0,1,4,22887.7,1.8823,moderate,0.2
CUST003092,749,good,65.25,90.93,82.22,39.6,83.75,74.7827,0.34,6,1,0,0,0,0,0,0,157667.64,0.0622,low,0.0
CUST003093,780,excellent,97.6,91.13,34.51,36.19,97.21,80.0128,4.59,0,0,0,0,0,0,0,3,78511.86,0.0524,low,0.0
CUST003094,741,good,85.83,79.47,45.35,33.23,95.15,73.5236,10.92,3,0,0,0,0,0,0,6,104126.91,0.0361,low,0.0
CUST003095,723,good,77.22,82.51,31.57,48.32,91.92,70.5414,14.02,0,0,0,0,0,0,0,2,207350.4,0.1497,low,0.0
CUST003096,820,excellent,97.04,98.75,59.97,47.4,93.72,86.6951,7.86,4,0,0,0,0,0,0,0,32433.39,0.106,low,0.0
CUST003097,753,excellent,85.35,77.2,78.94,32.39,74.54,75.5639,10.64,7,2,0,0,0,0,0,0,155238.77,0.1085,low,0.0
CUST003098,638,high_risk,26.33,91.68,77.89,45.26,34.56,56.3846,7.79,8,6,4,0,0,1,0,4,106164.96,0.1749,low,0.0
CUST003099,805,excellent,86.72,94.41,85.22,36.97,90.84,84.2388,8.79,10,1,0,0,0,0,0,5,64997.43,0.0568,low,0.0
CUST003100,746,good,85.19,97.31,21.82,36.58,84.7,74.4109,3.98,0,1,0,0,0,0,0,4,50740.67,0.1044,low,0.0
CUST003101,556,high_risk,9.4,76.09,45.89,34.52,61.52,42.6055,14.92,1,3,6,0,1,1,0,7,89872.13,0.3221,low,0.0
CUST003102,805,excellent,91.11,75.68,90.45,62.91,96.67,84.1176,13.53,12,0,0,0,0,0,1,2,1086227.27,0.6997,low,0.3333
CUST003103,801,excellent,99.9,87.94,68.77,40.94,76.68,83.4224,10.33,9,2,0,0,0,0,0,5,255064.11,0.0014,low,0.0
CUST003104,772,excellent,85.58,88.37,51.16,49.2,96.49,78.7084,12.98,2,0,0,0,0,0,0,5,23483.06,0.0026,low,0.0
CUST003105,756,excellent,66.71,93.64,65.33,48.58,98.68,75.9659,0.38,9,0,1,0,0,0,0,0,46900.43,0.123,low,0.0
CUST003106,716,good,49.72,98.26,81.65,31.25,71.53,69.4048,3.68,7,2,4,0,0,0,0,3,26149.9,0.0926,low,0.0
CUST003107,650,risky,33.44,85.65,61.43,45.03,72.79,58.3975,11.57,3,2,2,0,0,0,0,5,361713.56,0.0401,low,0.0
CUST003108,798,excellent,94.14,97.94,52.09,31.15,96.96,82.9571,1.56,3,0,0,0,0,0,0,7,33917.75,0.1213,low,0.0
CUST003109,782,excellent,73.28,94.86,78.86,48.62,95.4,80.338,8.77,8,0,0,0,0,0,0,0,90010.92,0.0479,low,0.0
CUST003110,819,excellent,91.37,88.68,92.46,50.69,90.01,86.5229,13.33,14,0,0,0,0,0,1,6,515351.53,0.4492,low,0.1429
CUST003111,745,good,70.57,99.68,39.0,39.54,97.31,74.1351,0.58,1,0,0,0,0,0,0,6,40864.62,0.0675,low,0.0
CUST003112,795,excellent,86.13,78.17,66.03,92.16,98.56,82.5712,27.53,6,0,0,0,0,0,2,2,59744.61,0.6999,low,0.5
CUST003113,777,excellent,92.08,90.74,46.82,48.62,81.86,79.5193,3.11,2,1,0,0,0,0,0,0,94867.48,0.0173,low,0.0
CUST003114,582,high_risk,7.64,77.83,89.44,44.62,31.16,47.0171,12.23,20,6,1,0,1,1,0,1,128989.54,0.1783,low,0.0
CUST003115,780,excellent,95.73,90.5,39.6,35.71,97.98,79.9653,1.84,1,0,0,0,0,0,0,0,30289.56,0.0972,low,0.0
CUST003116,763,excellent,87.57,95.52,33.82,32.0,95.33,77.1112,9.37,0,0,0,0,0,0,0,4,356585.11,0.1196,low,0.0
CUST003117,800,excellent,91.81,93.45,67.06,37.23,93.75,83.3261,7.64,6,0,0,0,0,0,0,3,58020.49,0.1337,low,0.0
CUST003118,745,good,63.23,90.22,90.88,44.76,69.19,74.2225,7.07,18,2,2,0,0,0,0,7,203804.09,0.0504,low,0.0
CUST003119,651,risky,27.96,96.07,83.15,41.77,32.6,58.5165,8.35,6,5,5,0,0,0,0,0,77007.77,0.5158,low,0.0
CUST003120,824,excellent,94.97,91.58,92.88,33.85,92.55,87.2866,1.34,20,0,0,0,0,0,0,0,80552.46,0.1168,low,0.0
CUST003121,794,excellent,85.75,89.84,78.05,40.08,95.84,82.2646,11.76,9,0,0,0,0,0,0,5,32955.27,0.0938,low,0.0
CUST003122,808,excellent,87.41,89.32,87.46,46.44,94.36,84.5893,10.58,20,0,0,0,0,0,1,4,22712.6,0.6277,low,0.2
CUST003123,783,excellent,91.44,87.55,65.82,31.14,92.53,80.5066,14.02,6,0,0,0,0,0,0,5,507775.61,0.0845,low,0.0
CUST003124,827,excellent,97.67,88.94,68.49,79.61,86.99,87.8014,5.84,6,1,0,0,0,0,2,5,540352.8,0.8111,low,0.2857
CUST003125,734,good,59.15,99.91,82.79,35.85,57.29,72.4057,4.72,8,3,2,0,0,0,0,2,15158.36,0.0771,low,0.0
CUST003126,844,excellent,95.16,94.91,96.49,49.74,94.99,90.7238,5.86,18,0,0,0,0,0,0,2,37809.18,0.0017,low,0.0
CUST003127,738,good,51.3,99.8,91.67,73.84,49.15,72.9455,5.48,15,3,4,0,0,0,1,6,19395.39,1.3413,low,0.1429
CUST003128,865,excellent,95.62,96.0,97.17,78.36,95.45,94.2235,7.31,14,0,0,0,0,0,1,1,44824.52,0.9158,low,0.5
CUST003129,837,excellent,87.67,99.96,93.35,63.27,84.73,89.4748,8.7,16,1,0,0,0,0,1,4,53725.59,0.9205,low,0.2
CUST003130,636,high_risk,45.11,76.24,36.95,31.29,86.92,56.0231,10.27,1,1,3,0,0,0,0,2,18025.09,0.2204,low,0.0
CUST003131,811,excellent,94.97,77.6,94.49,47.62,96.46,85.1008,12.4,11,0,0,0,0,0,1,2,288902.11,0.3526,low,0.3333
CUST003132,636,high_risk,60.22,76.37,10.71,35.95,68.57,56.0464,13.73,0,2,2,0,0,0,0,7,293180.62,0.0955,low,0.0
CUST003133,852,excellent,93.56,95.64,87.67,78.49,95.01,91.9401,2.85,13,0,0,0,0,0,1,4,490684.26,0.6691,low,0.2
CUST003134,824,excellent,95.41,99.83,80.16,35.54,84.9,87.4105,6.34,7,1,0,0,0,0,0,6,163308.39,0.0276,low,0.0
CUST003135,678,risky,41.66,90.94,69.61,60.38,56.31,62.9734,7.61,8,3,2,0,0,0,1,4,874501.07,1.4342,low,0.2
CUST003136,762,excellent,72.25,77.57,70.27,88.64,90.52,77.017,12.86,5,1,1,0,0,0,2,4,175702.56,0.7739,low,0.3333
CUST003137,795,excellent,91.58,93.01,49.83,56.59,93.3,82.4189,9.34,2,0,0,0,0,0,1,1,40574.77,0.6358,low,0.5
CUST003138,823,excellent,99.08,91.26,71.24,43.81,99.87,87.1106,9.74,5,0,0,0,0,0,0,7,306855.61,0.1627,low,0.0
CUST003139,625,high_risk,10.8,94.12,86.79,73.53,27.46,54.1326,5.02,14,5,7,0,0,0,1,6,26144.5,1.3304,low,0.1429
CUST003140,817,excellent,97.98,98.13,46.6,70.21,84.1,86.1528,6.46,2,1,0,0,0,0,1,0,354324.73,0.4262,low,0.5
CUST003141,753,excellent,94.19,39.8,95.91,71.13,90.6,75.4661,52.97,12,1,0,0,0,0,1,7,73088.57,0.7592,low,0.125
CUST003142,781,excellent,86.83,99.86,48.0,32.06,94.56,80.2107,7.75,1,0,0,0,0,0,0,3,86348.99,0.0183,low,0.0
CUST003143,830,excellent,98.75,88.39,64.74,82.59,92.45,88.2923,5.98,3,0,0,0,0,0,2,6,109512.52,0.8157,low,0.25
CUST003144,770,excellent,85.56,94.54,42.66,49.5,86.79,78.3362,7.31,1,1,0,0,0,0,0,0,36955.14,0.1248,low,0.0
CUST003145,807,excellent,97.27,97.09,49.3,45.17,93.34,84.4178,1.09,1,0,0,0,0,0,0,5,233841.01,0.0689,low,0.0
CUST003146,820,excellent,91.34,95.25,88.3,38.73,90.33,86.6953,4.23,18,0,0,0,0,0,0,5,90392.51,0.1355,low,0.0
CUST003147,797,excellent,89.91,97.24,55.42,42.4,96.79,82.8734,8.95,2,0,0,0,0,0,0,7,281791.39,0.1379,low,0.0
CUST003148,854,excellent,95.76,93.59,96.27,79.02,84.79,92.4139,9.08,15,1,0,0,0,0,1,7,44850.82,0.3908,low,0.125
CUST003149,806,excellent,95.13,90.06,68.93,43.39,93.14,84.3054,4.2,6,0,0,0,0,0,0,4,48977.11,0.1153,low,0.0
CUST003150,844,excellent,94.07,99.64,77.05,75.04,87.81,90.6583,5.86,7,1,0,0,0,0,2,3,51676.34,0.6652,low,0.4
CUST003151,650,risky,24.11,95.09,74.79,44.0,57.5,58.3305,8.54,5,4,5,0,0,1,0,4,24614.07,0.4608,low,0.0
CUST003152,707,good,45.41,88.42,95.74,43.46,67.74,67.9015,2.47,16,2,1,0,0,0,0,2,168283.77,0.1452,low,0.0
CUST003153,837,excellent,90.79,98.74,94.89,47.99,90.74,89.505,3.74,10,0,0,0,0,0,0,2,17081.45,0.1586,low,0.0
CUST003154,758,excellent,91.24,89.62,28.52,38.2,93.74,76.2915,6.87,0,0,0,0,0,0,0,7,350006.89,0.0641,low,0.0
CUST003155,728,good,96.84,75.88,26.34,32.4,75.56,71.4039,12.61,0,2,0,0,0,0,0,4,118156.88,0.1082,low,0.0
CUST003156,810,excellent,96.81,83.81,68.69,62.03,94.41,84.9725,14.21,8,0,0,0,0,0,1,0,249432.97,0.8316,low,0.5
CUST003157,574,high_risk,3.29,81.78,75.87,43.93,41.46,45.6055,14.09,5,6,3,1,1,1,0,6,540708.01,0.1827,low,0.0
CUST003158,836,excellent,94.94,91.03,95.19,47.51,97.22,89.2909,0.36,13,0,0,0,0,0,0,5,714299.92,0.132,low,0.0
CUST003159,847,excellent,95.45,98.01,90.72,55.63,92.57,91.2396,7.46,18,0,0,0,0,0,1,6,74931.22,0.572,low,0.1429
CUST003160,697,risky,42.13,88.31,67.33,62.06,96.01,66.1481,12.77,9,0,1,0,0,0,1,2,57082.01,1.1494,low,0.3333
CUST003161,670,risky,20.97,95.16,81.27,76.81,68.49,61.6078,3.66,5,2,8,0,0,0,1,6,163558.16,2.1015,moderate,0.1429
CUST003162,738,good,59.7,88.5,92.89,31.09,84.94,72.984,14.29,10,1,3,0,0,0,0,3,94359.94,0.1843,low,0.0
CUST003163,813,excellent,91.71,88.3,81.76,64.02,82.99,85.5548,3.38,6,1,0,0,0,0,1,7,186338.56,0.7773,low,0.125
CUST003164,821,excellent,89.88,82.88,94.03,70.09,93.47,86.7834,16.32,14,0,0,0,0,0,1,7,17984.9,0.5059,low,0.125
CUST003165,719,good,55.33,93.22,91.24,36.82,50.59,69.7595,8.06,18,3,3,0,0,0,0,7,29907.28,0.0486,low,0.0
CUST003166,697,risky,40.91,82.08,99.28,34.85,87.86,66.1062,10.74,10,1,1,0,0,0,0,3,202209.65,0.1028,low,0.0
CUST003167,788,excellent,87.31,89.5,70.58,37.28,95.3,81.2537,4.02,8,0,0,0,0,0,0,4,45368.99,0.1492,low,0.0
CUST003168,821,excellent,98.1,93.93,68.17,44.47,96.06,86.7897,8.73,5,0,0,0,0,0,0,4,104464.3,0.0295,low,0.0
CUST003169,832,excellent,98.16,91.94,93.52,45.79,81.01,88.6475,6.71,13,1,0,0,0,0,0,0,289368.02,0.0313,low,0.0
CUST003170,815,excellent,97.33,75.3,92.25,61.26,92.3,85.8499,11.91,18,0,0,0,0,0,1,2,135209.08,0.7565,low,0.3333
CUST003171,753,excellent,70.17,89.61,56.11,64.93,90.66,75.4184,8.93,2,1,0,0,0,0,1,1,84142.58,0.945,low,0.5
CUST003172,819,excellent,97.85,78.34,99.87,43.43,94.99,86.5705,12.25,13,0,0,0,0,0,0,5,255676.94,0.037,low,0.0
CUST003173,834,excellent,95.31,97.16,89.24,50.34,81.33,89.0594,3.13,19,1,0,0,0,0,1,2,121974.33,0.9915,low,0.3333
CUST003174,786,excellent,71.09,88.91,92.52,62.01,94.24,81.0565,10.95,11,0,1,0,0,0,1,2,77174.06,0.5648,low,0.3333
CUST003175,788,excellent,89.1,86.26,67.75,48.13,92.64,81.2997,13.75,9,0,0,0,0,0,1,2,261726.54,0.8238,low,0.3333
CUST003176,826,excellent,92.68,96.08,91.88,38.95,86.9,87.6296,7.52,10,1,0,0,0,0,0,4,102717.22,0.0943,low,0.0
CUST003177,799,excellent,95.58,84.67,56.55,64.56,93.98,83.1906,21.51,2,0,0,0,0,0,1,4,157382.37,0.4025,low,0.2
CUST003178,849,excellent,91.67,90.17,92.09,94.33,90.56,91.4378,3.19,12,0,0,0,0,0,2,6,33479.19,0.8238,low,0.25
CUST003179,805,excellent,90.65,88.22,75.78,51.61,93.89,84.1083,1.35,5,0,0,0,0,0,1,2,131064.37,0.4099,low,0.3333
CUST003180,649,high_risk,18.26,93.69,97.62,45.64,44.44,58.1482,2.11,19,4,5,0,0,1,0,6,196797.21,0.5258,low,0.0
CUST003181,749,good,85.89,96.19,30.36,42.05,71.97,74.8755,0.08,1,2,0,0,0,0,0,4,94971.24,0.0902,low,0.0
CUST003182,838,excellent,89.31,90.67,92.33,94.14,78.93,89.6153,3.81,17,2,0,0,0,0,2,0,29441.7,0.473,low,0.6667
CUST003183,831,excellent,90.35,87.39,99.74,68.09,89.66,88.5774,11.1,19,1,0,0,0,0,1,7,108890.33,0.8732,low,0.125
CUST003184,800,excellent,89.34,78.23,89.96,60.82,90.21,83.3341,11.84,13,1,0,0,0,0,1,6,42483.62,0.4083,low,0.1429
CUST003185,832,excellent,93.81,95.87,98.25,38.41,84.85,88.6611,2.39,13,1,0,0,0,0,0,3,24879.19,0.0171,low,0.0
CUST003186,823,excellent,99.55,94.97,68.66,43.82,91.41,87.1558,6.33,5,0,0,0,0,0,0,7,24959.39,0.113,low,0.0
CUST003187,795,excellent,94.68,98.09,51.48,39.56,82.04,82.4483,4.53,3,1,0,0,0,0,0,3,256643.61,0.0842,low,0.0
CUST003188,805,excellent,88.5,95.56,77.05,30.01,98.9,84.0926,2.87,8,0,0,0,0,0,0,5,125361.3,0.0456,low,0.0
CUST003189,853,excellent,99.69,99.1,88.2,50.93,92.57,92.2045,0.96,14,0,0,0,0,0,1,3,274484.52,0.5327,low,0.25
CUST003190,852,excellent,97.22,96.52,90.9,72.67,81.53,92.0366,1.8,10,1,0,0,0,0,1,0,31491.67,0.6305,low,0.5
CUST003191,789,excellent,85.76,77.53,85.97,59.93,93.38,81.5012,12.59,18,0,0,0,0,0,1,2,52787.41,0.8328,low,0.3333
CUST003192,780,excellent,85.54,85.89,79.06,43.88,79.76,79.9302,13.75,7,2,0,0,0,0,0,1,32428.49,0.0652,low,0.0
CUST003193,819,excellent,91.98,90.2,99.94,33.22,89.81,86.5483,8.77,16,1,0,0,0,0,0,5,20965.84,0.071,low,0.0
CUST003194,670,risky,56.58,96.11,33.5,31.3,48.15,61.6066,8.8,0,3,4,0,0,0,0,4,99407.73,0.2452,low,0.0
CUST003195,811,excellent,88.57,91.44,66.47,69.42,97.99,85.1432,6.92,6,0,0,0,0,0,2,1,74737.88,0.808,low,0.6667
CUST003196,752,excellent,66.95,75.13,93.0,62.45,91.09,75.2751,15.9,17,0,1,0,0,0,1,2,132294.11,0.9031,low,0.3333
CUST003197,655,risky,40.86,88.92,31.15,35.68,99.74,59.19,10.01,0,0,2,0,0,0,0,0,21759.16,0.1726,low,0.0
CUST003198,847,excellent,99.38,89.13,95.49,62.59,90.38,91.1443,5.85,19,0,0,0,0,0,1,2,26760.92,0.6133,low,0.3333
CUST003199,779,excellent,86.97,99.87,33.11,45.4,99.56,79.862,8.44,0,0,0,0,0,0,0,2,112173.36,0.1201,low,0.0
CUST003200,733,good,93.95,78.41,15.05,39.3,96.47,72.2396,14.0,0,0,0,0,0,0,0,6,105725.66,0.1402,low,0.0
CUST003201,753,excellent,59.7,94.41,93.89,35.71,86.91,75.5639,9.72,13,1,2,0,0,0,0,4,53804.43,0.198,low,0.0
CUST003202,753,excellent,89.15,79.95,50.19,35.1,92.37,75.4657,13.28,3,0,0,0,0,0,0,0,191604.97,0.0011,low,0.0
CUST003203,800,excellent,85.57,78.95,96.16,68.88,84.25,83.3699,10.39,13,1,0,0,0,0,1,3,228423.87,0.7177,low,0.25
CUST003204,819,excellent,87.57,97.35,80.33,46.23,99.33,86.4604,8.17,8,0,0,0,0,0,0,5,213263.78,0.1657,low,0.0
CUST003205,781,excellent,87.91,78.84,85.44,48.81,81.32,80.2491,14.02,17,1,0,0,0,0,0,3,267300.59,0.0728,low,0.0
CUST003206,854,excellent,87.35,97.23,95.41,87.73,95.5,92.3754,8.23,16,0,0,0,0,0,2,1,29101.72,0.9957,low,0.6667
CUST003207,714,good,55.55,81.77,84.58,47.78,75.22,68.9597,12.49,9,2,4,0,0,0,0,4,48916.86,0.0165,low,0.0
CUST003208,804,excellent,96.11,96.21,45.86,55.58,91.36,84.0748,0.25,3,0,0,0,0,0,1,0,96369.75,0.8854,low,0.5
CUST003209,812,excellent,94.83,85.0,86.82,45.98,90.21,85.334,10.41,15,0,0,0,0,0,0,0,53473.42,0.0341,low,0.0
CUST003210,787,excellent,86.28,89.29,73.1,49.07,82.72,81.1301,5.9,6,1,0,0,0,0,0,3,47377.88,0.0139,low,0.0
CUST003211,767,excellent,65.66,91.71,90.33,54.4,83.54,77.8381,4.99,17,1,0,0,0,0,1,5,80664.32,0.954,low,0.1667
CUST003212,837,excellent,93.25,97.81,92.95,40.02,95.41,89.4672,9.17,10,0,0,0,0,0,0,3,288155.14,0.163,low,0.0
CUST003213,711,good,69.64,76.97,48.03,70.02,68.44,68.5167,11.55,2,2,0,0,0,0,1,6,287702.61,0.9099,low,0.1429
CUST003214,616,high_risk,17.98,88.55,94.92,35.81,20.03,52.6821,2.69,13,6,7,1,0,1,0,0,311188.65,0.328,low,0.0
CUST003215,803,excellent,91.32,95.04,58.08,46.89,99.5,83.8243,1.62,3,0,0,0,0,0,0,4,155192.39,0.0664,low,0.0
CUST003216,801,excellent,96.76,96.45,49.75,32.68,99.54,83.4849,9.0,1,0,0,0,0,0,0,7,159354.9,0.1528,low,0.0
CUST003217,805,excellent,93.51,93.42,48.64,63.65,97.31,84.1474,5.79,2,0,0,0,0,0,1,1,68264.52,0.7198,low,0.5
CUST003218,782,excellent,86.0,88.99,64.62,40.32,98.19,80.3415,1.2,2,0,0,0,0,0,0,7,74948.12,0.0436,low,0.0
CUST003219,599,high_risk,10.39,84.74,59.92,63.11,65.33,49.8893,10.39,3,2,7,0,0,0,1,5,159340.97,1.9368,moderate,0.1667
CUST003220,818,excellent,92.33,98.38,65.64,52.24,94.6,86.3587,2.46,6,0,0,0,0,0,1,0,523335.46,0.8426,low,0.5
CUST003221,728,good,58.35,90.68,65.96,46.72,90.64,71.2541,0.97,7,1,2,0,0,0,0,0,7367.66,0.1374,low,0.0
CUST003222,812,excellent,86.8,94.52,91.82,45.12,82.75,85.2943,4.33,15,1,0,0,0,0,0,5,60253.96,0.0283,low,0.0
CUST003223,816,excellent,97.34,94.61,63.62,60.22,80.49,86.0664,7.67,2,1,0,0,0,0,1,6,66596.18,0.4245,low,0.1429
CUST003224,637,high_risk,18.05,85.05,86.65,70.79,52.81,56.191,10.33,13,4,3,0,0,0,1,3,43902.05,1.667,moderate,0.25
CUST003225,840,excellent,88.72,98.87,88.35,70.21,90.79,90.0666,5.07,12,0,0,0,0,0,1,6,202232.32,0.4117,low,0.1429
CUST003226,-1,no_history,98.21,86.28,30.25,37.18,91.44,77.6556,14.51,0,0,0,0,0,0,0,6,300433.82,0.113,low,0.0
CUST003227,788,excellent,94.8,85.01,51.06,71.1,78.72,81.3228,14.94,4,2,0,0,0,0,1,0,119647.21,0.4371,low,0.5
CUST003228,768,excellent,97.58,77.02,67.8,33.71,71.62,77.9596,10.18,6,2,0,0,0,0,0,0,58235.31,0.1283,low,0.0
CUST003229,851,excellent,98.68,99.32,62.82,88.33,92.09,91.8012,3.2,3,0,0,0,0,0,2,6,357550.82,0.5084,low,0.25
CUST003230,824,excellent,91.2,94.95,79.57,52.52,97.59,87.3509,3.08,6,0,0,0,0,0,1,4,230788.5,0.7115,low,0.2
CUST003231,771,excellent,98.43,76.27,57.5,42.78,82.12,78.447,13.3,2,1,0,0,0,0,0,0,35700.18,0.1217,low,0.0
CUST003232,601,high_risk,11.4,90.02,55.02,46.47,62.77,50.1733,3.74,2,3,8,0,0,1,0,0,182366.04,0.4171,low,0.0
CUST003233,816,excellent,93.61,89.13,78.03,63.63,84.78,86.0461,23.4,5,1,0,0,0,0,0,7,229043.33,0.028,low,0.0
CUST003234,765,excellent,72.93,78.8,87.26,60.43,92.47,77.5427,10.48,17,0,0,0,0,0,1,4,531463.41,0.427,low,0.2
CUST003235,551,high_risk,2.37,95.11,23.76,46.22,42.84,41.8328,3.74,0,4,6,0,1,1,0,6,293673.66,0.603,low,0.0
CUST003236,841,excellent,97.87,92.16,85.04,62.46,93.07,90.2122,3.6,17,0,0,0,0,0,1,3,112222.83,0.4716,low,0.25
CUST003237,797,excellent,93.28,97.5,54.9,38.68,87.55,82.7563,8.12,2,1,0,0,0,0,0,5,191186.29,0.0645,low,0.0
CUST003238,699,risky,94.92,32.53,62.47,50.2,90.79,66.4491,51.39,3,1,0,0,0,0,0,7,39519.05,0.1313,low,0.0
CUST003239,759,excellent,75.75,84.73,71.81,45.07,92.41,76.4525,10.01,5,0,1,0,0,0,1,7,374276.09,0.7347,low,0.125
CUST003240,715,good,40.23,94.72,95.81,46.21,75.96,69.0842,4.49,14,2,1,0,0,0,0,5,194911.39,0.2138,low,0.0
CUST003241,813,excellent,89.68,99.99,77.95,34.07,90.29,85.5164,5.78,8,0,0,0,0,0,0,5,83518.43,0.1315,low,0.0
CUST003242,610,high_risk,20.92,82.74,57.01,47.65,61.46,51.6063,13.28,2,3,5,1,0,0,0,4,488801.99,0.5531,low,0.0
CUST003243,708,good,98.06,33.09,63.0,52.6,90.95,68.052,58.25,3,0,0,0,0,0,0,4,39596.31,0.1319,low,0.0
CUST003244,773,excellent,93.99,96.52,31.73,41.29,80.2,78.761,2.88,1,1,0,0,0,0,0,7,242566.45,0.0809,low,0.0
CUST003245,672,risky,34.2,84.93,94.08,37.0,67.66,62.027,13.58,19,2,3,0,0,0,0,7,162532.17,0.1787,low,0.0
CUST003246,771,excellent,70.22,82.25,98.76,45.42,98.93,78.502,11.71,15,0,1,0,0,0,1,5,163047.37,0.6574,low,0.1667
CUST003247,725,good,54.26,95.31,93.71,30.99,60.15,70.7549,2.02,15,3,4,0,0,0,0,1,167028.13,0.1419,low,0.0
CUST003248,782,excellent,88.18,83.32,82.67,34.87,85.33,80.2807,12.73,9,1,0,0,0,0,0,3,105941.35,0.1358,low,0.0
CUST003249,727,good,95.25,75.9,11.08,42.51,91.3,71.1511,14.44,0,0,0,0,0,0,0,3,35271.8,0.0019,low,0.0
CUST003250,771,excellent,88.54,84.31,61.72,47.32,81.52,78.4244,14.58,2,1,0,0,0,0,0,5,86953.64,0.0329,low,0.0
CUST003251,819,excellent,92.76,92.74,94.23,30.44,89.72,86.4398,0.89,19,1,0,0,0,0,0,6,168452.73,0.0105,low,0.0
CUST003252,772,excellent,88.08,89.26,31.42,65.74,97.24,78.6184,13.54,1,0,0,0,0,0,1,0,113688.79,0.7251,low,0.5
CUST003253,825,excellent,95.19,92.91,69.21,64.34,94.36,87.4418,1.72,9,0,0,0,0,0,1,5,276678.79,0.9089,low,0.1667
CUST003254,781,excellent,99.63,75.3,64.9,42.27,87.69,80.1907,14.68,3,1,0,0,0,0,0,7,72505.64,0.0117,low,0.0
CUST003255,679,risky,44.1,80.64,89.86,30.81,69.6,63.1439,10.35,20,2,1,0,0,0,0,1,95601.85,0.24,low,0.0
CUST003256,804,excellent,85.55,89.01,93.84,39.89,92.74,83.9831,6.55,10,0,0,0,0,0,0,4,92265.1,0.0292,low,0.0
CUST003257,838,excellent,97.18,92.03,89.97,63.65,81.81,89.661,5.31,14,1,0,0,0,0,1,1,86477.69,0.3717,low,0.5
CUST003258,666,risky,46.09,84.11,54.04,41.51,73.91,61.0125,14.58,2,2,3,0,0,0,0,5,177849.06,0.0699,low,0.0
CUST003259,807,excellent,93.08,95.31,74.05,40.14,82.35,84.5286,0.29,7,1,0,0,0,0,0,6,510898.27,0.1547,low,0.0
CUST003260,784,excellent,88.76,91.78,33.15,78.89,92.1,80.6718,1.79,1,0,0,0,0,0,1,5,213284.35,0.8267,low,0.1667
CUST003261,778,excellent,98.18,85.87,33.6,48.8,95.8,79.6244,11.82,0,0,0,0,0,0,2,6,125215.7,0.5071,low,0.25
CUST003262,834,excellent,90.12,98.24,89.13,63.7,81.69,88.9224,6.25,14,1,0,0,0,0,1,7,31421.21,0.3561,low,0.125
CUST003263,828,excellent,96.77,97.31,76.36,40.97,93.35,87.9494,3.58,7,0,0,0,0,0,0,7,49896.2,0.1282,low,0.0
CUST003264,671,risky,26.25,96.01,72.82,77.91,60.82,61.7846,2.16,9,3,4,0,0,0,1,2,506312.37,1.3078,low,0.3333
CUST003265,713,good,45.42,91.26,56.54,73.2,98.28,68.9031,4.57,2,0,3,0,0,0,1,2,62001.5,0.7509,low,0.3333
CUST003266,763,excellent,88.96,83.04,54.26,33.79,96.68,77.2324,14.41,2,0,0,0,0,0,0,4,39261.18,0.1628,low,0.0
CUST003267,836,excellent,94.71,90.57,86.32,71.16,88.74,89.258,6.02,18,1,0,0,0,0,1,2,60702.71,0.9366,low,0.3333
CUST003268,828,excellent,92.63,96.91,91.73,44.62,83.41,88.0574,3.85,13,1,0,0,0,0,0,5,109708.63,0.1211,low,0.0
CUST003269,703,good,41.75,98.88,83.11,44.99,59.25,67.1651,9.09,5,4,2,0,0,0,0,4,85367.5,0.2191,low,0.0
CUST003270,746,good,97.58,79.95,31.03,49.67,65.72,74.3315,14.52,1,2,0,0,0,0,0,4,35737.8,0.0333,low,0.0
CUST003271,718,good,53.19,86.7,83.9,42.97,82.01,69.7073,10.64,6,1,4,0,0,0,0,4,99198.25,0.2116,low,0.0
CUST003272,790,excellent,86.99,93.42,55.42,62.31,85.85,81.6011,5.9,4,1,0,0,0,0,1,7,164385.93,0.8022,low,0.125
CUST003273,694,risky,58.23,96.36,40.83,49.2,53.13,65.6486,0.5,1,3,4,0,0,0,0,3,84424.42,0.0937,low,0.0
CUST003274,771,excellent,91.88,92.1,38.55,32.34,96.77,78.481,5.87,1,0,0,0,0,0,0,3,206851.18,0.0322,low,0.0
CUST003275,806,excellent,92.4,91.09,66.03,63.54,83.65,84.29,2.49,8,1,0,0,0,0,2,6,24080.84,0.6401,low,0.25
CUST003276,821,excellent,95.56,92.14,84.79,49.77,81.0,86.8835,7.09,6,1,0,0,0,0,0,4,96528.93,0.0821,low,0.0
CUST003277,805,excellent,92.66,96.86,67.73,32.38,92.78,84.1629,0.85,6,0,0,0,0,0,0,7,48278.07,0.0955,low,0.0
CUST003278,777,excellent,98.43,90.41,32.13,37.41,93.84,79.5211,3.69,1,0,0,0,0,0,0,3,80563.22,0.0285,low,0.0
CUST003279,730,good,49.05,96.93,83.64,49.73,78.64,71.6319,7.88,7,2,4,0,0,0,0,3,38637.66,0.1772,low,0.0
CUST003280,746,good,91.13,77.66,41.92,41.14,87.42,74.3351,14.6,1,1,0,0,0,0,0,3,30920.48,0.0359,low,0.0
CUST003281,657,risky,52.51,75.5,39.83,42.77,81.82,59.4642,14.37,1,1,4,0,0,0,0,6,104887.02,0.1304,low,0.0
CUST003282,813,excellent,89.93,96.69,89.53,68.75,47.16,85.5031,1.33,10,3,0,0,0,0,1,5,95440.35,0.6766,low,0.1667
CUST003283,839,excellent,97.48,92.35,99.31,35.75,95.61,89.8572,0.99,19,0,0,0,0,0,0,1,58165.64,0.1076,low,0.0
CUST003284,780,excellent,98.29,78.49,32.86,85.25,85.9,79.9923,13.84,1,1,0,0,0,0,2,2,208869.59,0.4939,low,0.5
CUST003285,837,excellent,89.2,97.52,84.42,66.6,96.83,89.4828,5.46,8,0,0,0,0,0,1,0,387611.48,0.8125,low,0.5
CUST003286,791,excellent,75.51,89.23,71.85,89.32,89.89,81.8958,6.31,8,1,1,0,0,0,2,7,44671.76,0.8482,low,0.2222
CUST003287,822,excellent,90.4,94.37,92.75,34.46,96.65,86.9732,4.36,13,0,0,0,0,0,0,6,67116.13,0.0221,low,0.0
CUST003288,803,excellent,95.22,80.86,85.99,48.99,84.14,83.796,12.57,13,1,0,0,0,0,0,5,3383274.51,0.0437,low,0.0
CUST003289,672,risky,45.69,91.75,66.33,31.71,53.02,61.9383,5.45,8,3,2,0,0,0,0,7,138504.91,0.2476,low,0.0
CUST003290,781,excellent,86.48,80.29,92.87,34.62,83.77,80.1256,10.06,14,1,0,0,0,0,0,1,48612.34,0.0545,low,0.0
CUST003291,729,good,74.33,90.67,31.1,41.04,95.55,71.5405,2.24,1,0,0,0,0,0,0,1,131897.25,0.1063,low,0.0
CUST003292,652,risky,17.79,99.63,67.39,71.99,62.4,58.6621,0.05,7,3,5,0,0,0,1,4,18205.84,1.7724,moderate,0.2
CUST003293,768,excellent,97.68,55.38,76.26,63.24,95.15,78.0802,39.75,5,0,0,0,0,0,0,5,136808.02,0.057,low,0.0
CUST003294,786,excellent,95.35,87.48,51.92,42.74,93.61,81.0403,12.61,2,0,0,0,0,0,0,0,30506.04,0.0104,low,0.0
CUST003295,641,high_risk,48.25,93.15,31.45,30.71,42.23,56.8432,0.27,0,3,3,0,0,0,0,4,99075.21,0.0455,low,0.0
CUST003296,828,excellent,87.12,97.77,92.74,45.74,97.74,88.0807,9.97,11,0,0,0,0,0,0,1,80536.42,0.0198,low,0.0
CUST003297,828,excellent,95.07,96.29,80.24,48.58,88.76,87.9308,0.67,6,1,0,0,0,0,1,4,303648.63,0.6154,low,0.2
CUST003298,663,risky,48.84,95.79,24.93,42.12,67.41,60.5233,5.34,0,2,4,0,0,0,0,4,109841.95,0.1642,low,0.0
CUST003299,840,excellent,86.94,96.15,92.28,69.66,99.11,89.9919,9.37,17,0,0,0,0,0,1,6,227744.78,0.5165,low,0.1429
CUST003300,797,excellent,87.91,92.39,70.92,45.5,91.99,82.8717,4.15,8,1,0,0,0,0,0,3,76845.91,0.0226,low,0.0
CUST003301,738,good,49.18,99.33,84.92,48.18,83.76,72.9451,7.52,6,1,4,0,0,0,0,1,34640.53,0.067,low,0.0
CUST003302,784,excellent,94.57,89.45,58.26,36.34,83.15,80.6229,2.73,2,1,0,0,0,0,0,7,251578.75,0.126,low,0.0
CUST003303,817,excellent,85.31,99.71,76.81,63.53,84.62,86.1068,1.39,7,1,0,0,0,0,1,1,410706.28,0.9527,low,0.5
CUST003304,773,excellent,78.08,89.11,83.23,31.66,91.05,78.8159,8.08,7,0,0,0,0,0,0,3,85249.16,0.0638,low,0.0
CUST003305,829,excellent,98.06,99.36,47.23,77.77,92.51,88.241,9.12,4,0,0,0,0,0,2,3,147724.81,0.6852,low,0.4
CUST003306,607,high_risk,14.21,93.5,58.65,32.71,59.96,51.0878,2.91,2,4,6,1,0,1,0,1,57648.42,0.3758,low,0.0
CUST003307,840,excellent,97.54,95.45,99.28,38.45,84.5,89.9626,1.99,18,1,0,0,0,0,0,4,251614.2,0.0406,low,0.0
CUST003308,816,excellent,90.05,97.32,84.24,39.95,87.05,86.0513,4.5,8,1,0,0,0,0,0,1,189959.11,0.0824,low,0.0
CUST003309,813,excellent,96.48,93.91,79.5,36.1,80.74,85.5532,2.45,8,1,0,0,0,0,0,6,67270.18,0.0922,low,0.0
CUST003310,720,good,75.33,95.21,14.12,35.98,93.39,69.9861,3.87,0,0,0,0,0,0,0,5,102624.8,0.0457,low,0.0
CUST003311,645,high_risk,28.46,95.02,49.52,60.88,64.79,57.4623,6.61,2,4,4,0,0,0,1,3,124059.57,2.2926,moderate,0.25
CUST003312,630,high_risk,13.74,98.02,89.31,33.35,39.74,54.9205,8.05,18,6,7,1,1,1,0,5,416038.08,0.2386,low,0.0
CUST003313,735,good,60.08,90.8,85.58,49.64,64.52,72.5201,6.28,15,4,4,0,0,0,0,0,47214.73,0.0514,low,0.0
CUST003314,772,excellent,87.83,99.66,30.48,48.22,86.79,78.7103,0.96,1,1,0,0,0,0,0,3,64182.61,0.0825,low,0.0
CUST003315,753,excellent,88.44,75.21,54.5,43.95,94.04,75.4931,11.52,2,0,0,0,0,0,0,2,57168.35,0.0722,low,0.0
CUST003316,622,high_risk,20.8,88.59,87.23,33.52,33.42,53.6356,1.14,11,5,4,1,0,1,0,2,533631.58,0.2942,low,0.0
CUST003317,684,risky,42.44,88.91,76.84,49.12,61.07,64.0718,0.48,8,4,4,0,0,0,0,7,183029.02,0.1203,low,0.0
CUST003318,813,excellent,93.53,88.76,72.8,53.59,97.87,85.4295,9.3,5,0,0,0,0,0,1,6,95915.51,0.9207,low,0.1429
CUST003319,794,excellent,87.36,85.27,97.82,34.32,80.59,82.3211,10.15,18,1,0,0,0,0,0,1,188775.11,0.0916,low,0.0
CUST003320,759,excellent,85.54,99.82,23.86,38.87,91.49,76.4989,5.16,0,0,0,0,0,0,0,2,106109.58,0.1296,low,0.0
CUST003321,614,high_risk,9.76,93.08,85.83,38.76,42.28,52.3177,0.14,13,4,4,1,0,0,0,2,50199.05,0.1993,low,0.0
CUST003322,831,excellent,97.09,98.93,85.12,30.2,90.53,88.5031,9.71,13,0,0,0,0,0,0,0,127750.93,0.1255,low,0.0
CUST003323,799,excellent,87.59,87.8,68.55,77.67,81.32,83.1761,12.54,7,1,0,0,0,0,2,4,216617.64,0.6993,low,0.3333
CUST003324,829,excellent,97.55,89.47,66.9,72.22,99.64,88.203,3.88,5,0,0,0,0,0,1,4,71568.15,0.6459,low,0.2
CUST003325,835,excellent,90.28,97.93,97.66,36.63,98.53,89.1421,9.35,12,0,0,0,0,0,0,4,8738.46,0.0443,low,0.0
CUST003326,654,risky,29.22,90.33,46.61,49.61,97.46,59.025,1.33,2,0,2,0,0,0,0,6,27504.8,0.1401,low,0.0
CUST003327,747,good,95.91,86.46,11.44,42.0,90.71,74.4952,13.54,0,1,0,0,0,0,0,1,301774.62,0.1236,low,0.0
CUST003328,842,excellent,95.04,91.01,83.36,73.58,99.74,90.4052,9.23,9,0,0,0,0,0,1,5,39137.39,0.8156,low,0.1667
CUST003329,830,excellent,93.9,97.84,90.34,30.49,94.73,88.2889,5.37,11,0,0,0,0,0,0,7,46935.41,0.1605,low,0.0
CUST003330,782,excellent,90.09,77.55,81.84,40.8,91.55,80.3072,11.96,9,0,0,0,0,0,0,0,402813.8,0.0752,low,0.0
CUST003331,823,excellent,98.96,99.88,69.81,40.42,80.34,87.1441,0.96,9,1,0,0,0,0,0,7,21028.07,0.0662,low,0.0
CUST003332,815,excellent,98.46,91.9,68.36,48.93,86.84,85.8621,8.54,5,1,0,0,0,0,0,6,65991.76,0.0686,low,0.0
CUST003333,775,excellent,91.52,80.69,54.65,47.08,99.64,79.1082,12.9,2,0,0,0,0,0,0,1,168456.99,0.164,low,0.0
CUST003334,715,good,54.12,81.25,88.31,35.5,90.64,69.1785,13.33,10,1,1,0,0,0,0,0,156026.57,0.1656,low,0.0
CUST003335,794,excellent,98.18,64.02,94.87,48.85,96.24,82.308,38.81,19,0,0,0,0,0,0,4,264817.28,0.0298,low,0.0
CUST003336,782,excellent,90.09,93.41,49.99,37.08,95.22,80.2822,1.61,2,0,0,0,0,0,0,5,253864.16,0.1052,low,0.0
CUST003337,839,excellent,98.78,88.21,99.73,47.45,90.38,89.7796,10.43,15,0,0,0,0,0,1,0,42202.25,0.4052,low,0.5
CUST003338,804,excellent,99.68,85.7,66.61,40.87,93.45,84.0206,11.57,5,0,0,0,0,0,0,5,94786.14,0.0505,low,0.0
CUST003339,792,excellent,90.49,91.08,73.8,30.45,88.41,81.9507,7.23,7,1,0,0,0,0,0,2,245569.25,0.0496,low,0.0
CUST003340,678,risky,28.69,99.36,95.86,32.16,55.53,62.9973,7.79,11,4,5,0,0,1,0,4,110450.23,0.2468,low,0.0
CUST003341,757,excellent,78.56,76.32,83.09,40.33,92.97,76.185,11.39,5,0,1,0,0,0,0,3,53606.53,0.062,low,0.0
CUST003342,817,excellent,87.86,96.69,86.36,41.19,93.27,86.1573,4.0,20,0,0,0,0,0,0,5,28668.31,0.1224,low,0.0
CUST003343,781,excellent,97.23,78.83,65.88,30.64,94.62,80.0889,14.01,9,0,0,0,0,0,0,0,632542.02,0.0463,low,0.0
CUST003344,791,excellent,91.14,81.79,88.71,40.24,80.06,81.7705,11.62,14,1,0,0,0,0,0,2,272597.35,0.1549,low,0.0
CUST003345,777,excellent,96.84,77.57,49.59,64.18,85.39,79.5599,10.59,3,1,0,0,0,0,1,7,91846.22,0.452,low,0.125
CUST003346,809,excellent,98.48,79.54,72.92,65.63,90.4,84.8696,10.38,7,0,0,0,0,0,1,3,322784.11,0.9964,low,0.25
CUST003347,826,excellent,93.04,93.24,90.86,47.58,87.34,87.6563,9.94,10,1,0,0,0,0,1,3,181070.53,0.9325,low,0.25
CUST003348,-1,no_history,13.03,78.14,32.96,49.21,40.96,41.9624,13.16,0,5,1,1,1,1,0,4,736902.71,0.4738,low,0.0
CUST003349,758,excellent,85.27,82.49,57.2,33.4,98.81,76.3916,10.27,2,0,0,0,0,0,0,6,483027.68,0.043,low,0.0
CUST003350,794,excellent,85.64,98.36,52.86,49.69,99.89,82.3713,4.69,2,0,0,0,0,0,0,2,215610.38,0.0469,low,0.0
CUST003351,825,excellent,91.93,88.49,93.45,60.94,86.29,87.4625,29.03,18,1,0,0,0,0,0,3,335814.49,0.1246,low,0.0
CUST003352,774,excellent,85.89,95.7,47.78,48.74,81.58,78.9699,7.59,3,1,0,0,0,0,0,3,78390.26,0.1024,low,0.0
CUST003353,772,excellent,86.62,99.96,30.12,45.2,92.43,78.5861,2.85,1,0,0,0,0,0,0,3,220299.47,0.1061,low,0.0
CUST003354,715,good,43.46,97.45,97.29,32.94,67.92,69.126,7.61,16,2,2,0,0,0,0,4,27542.43,0.2015,low,0.0
CUST003355,804,excellent,89.5,90.42,56.31,79.87,91.35,84.0206,4.84,4,0,0,0,0,0,1,0,49634.87,0.9174,low,0.5
CUST003356,840,excellent,98.95,86.16,72.82,91.06,95.31,90.0402,12.69,7,0,0,0,0,0,2,4,72746.26,0.651,low,0.3333
CUST003357,638,high_risk,17.08,92.15,73.5,43.49,73.33,56.3285,3.94,8,2,3,0,0,1,0,6,89189.05,0.5587,low,0.0
CUST003358,778,excellent,65.93,94.41,72.94,80.79,92.05,79.6232,2.31,6,0,1,0,0,0,2,5,50681.08,0.7482,low,0.2857
CUST003359,838,excellent,97.7,96.67,86.8,41.7,92.01,89.5848,5.06,19,0,0,0,0,0,0,4,7087.09,0.0594,low,0.0
CUST003360,784,excellent,95.11,76.01,79.29,30.46,97.12,80.7429,12.75,9,0,0,0,0,0,0,1,202047.5,0.1066,low,0.0
CUST003361,848,excellent,88.64,99.19,90.64,74.31,94.87,91.2948,8.31,10,0,0,0,0,0,1,5,28176.59,0.5273,low,0.1667
CUST003362,602,high_risk,17.48,96.42,46.95,69.7,23.53,50.4097,7.11,3,7,8,0,0,0,1,6,108842.2,1.984,moderate,0.1429
CUST003363,804,excellent,88.66,89.46,71.75,62.06,91.34,83.971,7.59,6,0,0,0,0,0,1,0,276860.19,0.4962,low,0.5
CUST003364,717,good,57.54,89.14,57.24,43.71,97.05,69.5434,1.86,3,0,4,0,0,0,0,1,86605.14,0.1439,low,0.0
CUST003365,820,excellent,89.38,80.87,96.58,76.59,89.33,86.6225,14.93,10,1,0,0,0,0,1,0,126596.66,0.8397,low,0.5
CUST003366,765,excellent,89.54,98.08,31.68,31.58,88.78,77.5496,5.27,1,1,0,0,0,0,0,4,12101.24,0.035,low,0.0
CUST003367,815,excellent,88.72,76.59,98.62,71.14,98.23,85.7586,11.64,12,0,0,0,0,0,1,3,60627.71,0.3992,low,0.25
CUST003368,851,excellent,92.17,97.97,98.22,60.91,94.31,91.9057,7.99,12,0,0,0,0,0,1,5,131744.82,0.5282,low,0.1667
CUST003369,611,high_risk,21.05,83.64,57.9,41.88,64.65,51.796,14.97,2,3,4,0,0,1,0,1,18922.03,0.1702,low,0.0
CUST003370,779,excellent,93.34,95.65,31.61,42.07,95.43,79.855,0.75,1,0,0,0,0,0,0,7,158025.24,0.1238,low,0.0
CUST003371,816,excellent,96.11,97.0,67.18,49.09,82.49,85.9747,0.71,6,1,0,0,0,0,0,3,140366.34,0.1076,low,0.0
CUST003372,823,excellent,89.7,89.78,88.73,61.72,93.7,87.1784,12.17,12,0,0,0,0,0,1,4,287737.07,0.5437,low,0.2
CUST003373,865,excellent,96.15,96.12,92.35,87.98,89.86,94.1242,9.3,12,1,0,0,0,0,2,0,183740.65,0.4535,low,0.6667
CUST003374,746,good,54.33,95.41,83.09,75.14,77.43,74.3567,9.28,8,2,4,0,0,0,1,7,220629.76,1.1774,low,0.125
CUST003375,753,excellent,69.65,89.89,85.41,31.39,81.37,75.4299,13.35,15,1,1,0,0,0,0,5,112830.3,0.0061,low,0.0
CUST003376,823,excellent,93.87,99.02,47.92,78.06,96.37,87.1934,6.7,3,0,0,0,0,0,1,0,85326.69,0.8426,low,0.5
CUST003377,778,excellent,88.64,98.93,40.4,30.05,99.36,79.7065,5.31,1,0,0,0,0,0,0,5,53980.77,0.1176,low,0.0
CUST003378,828,excellent,95.16,88.69,89.54,73.77,72.02,87.9224,8.11,12,2,0,0,0,0,1,2,47292.52,0.7948,low,0.3333
CUST003379,745,good,86.13,82.23,41.97,42.57,87.8,74.1482,13.68,1,1,0,0,0,0,0,7,81285.88,0.1646,low,0.0
CUST003380,653,risky,25.82,95.57,97.72,46.77,18.33,58.8755,0.79,11,7,7,0,0,1,0,0,149771.59,0.277,low,0.0
CUST003381,830,excellent,87.12,90.23,97.14,67.97,94.59,88.3876,6.9,11,0,0,0,0,0,1,7,31427.82,0.9738,low,0.125
CUST003382,808,excellent,87.61,88.71,95.94,46.98,82.27,84.5929,2.18,11,1,0,0,0,0,0,0,110312.24,0.1609,low,0.0
CUST003383,822,excellent,94.31,99.77,91.11,36.29,68.47,87.0807,3.62,17,2,0,0,0,0,0,4,345448.15,0.1143,low,0.0
CUST003384,619,high_risk,23.08,88.03,71.32,37.08,43.13,53.2059,8.16,6,3,8,0,0,1,0,0,2162803.23,0.6292,low,0.0
CUST003385,573,high_risk,11.1,92.26,28.47,42.3,54.69,45.5347,6.63,0,3,8,0,0,1,0,6,57464.04,0.2723,low,0.0
CUST003386,830,excellent,97.79,95.1,90.37,30.98,88.6,88.271,2.12,14,1,0,0,0,0,0,7,146703.33,0.0341,low,0.0
CUST003387,781,excellent,93.33,78.26,69.71,38.77,96.26,80.1007,14.0,9,0,0,0,0,0,0,4,103046.67,0.0731,low,0.0
CUST003388,841,excellent,92.26,89.16,95.21,68.47,99.33,90.1018,10.8,10,0,0,0,0,0,1,2,110509.22,0.7166,low,0.3333
CUST003389,808,excellent,98.97,96.97,54.87,36.64,90.21,84.6436,5.09,4,0,0,0,0,0,0,2,514842.12,0.1052,low,0.0
CUST003390,857,excellent,96.46,98.44,83.81,74.33,95.14,92.8092,7.84,8,0,0,0,0,0,1,0,81302.35,0.3783,low,0.5
CUST003391,798,excellent,95.99,97.64,66.42,58.66,42.38,82.9532,6.52,7,3,0,0,0,0,1,1,77427.56,0.3865,low,0.5
CUST003392,813,excellent,86.77,97.93,68.48,58.93,95.99,85.5116,1.59,7,0,0,0,0,0,1,1,192495.88,0.4109,low,0.5
CUST003393,826,excellent,96.86,94.3,87.18,42.5,82.02,87.7186,0.48,10,1,0,0,0,0,0,3,79456.29,0.1291,low,0.0
CUST003394,755,excellent,69.04,81.71,91.01,44.45,91.18,75.8905,12.11,10,0,0,0,0,0,0,7,122926.28,0.0188,low,0.0
CUST003395,732,good,62.2,88.77,78.17,43.09,75.16,71.9497,0.06,6,2,4,0,0,0,0,7,193560.15,0.102,low,0.0
CUST003396,799,excellent,88.39,86.1,88.11,48.51,83.73,83.207,11.73,12,1,0,0,0,0,0,3,196726.21,0.1334,low,0.0
CUST003397,661,risky,63.17,60.94,53.04,64.55,54.23,60.2258,38.8,2,4,2,0,0,0,0,6,144782.55,0.0209,low,0.0
CUST003398,828,excellent,94.47,91.91,89.56,44.56,94.29,87.9572,7.05,10,0,0,0,0,0,0,2,29273.75,0.1168,low,0.0
CUST003399,655,risky,47.05,85.21,41.8,47.35,61.08,59.1438,11.01,1,3,3,0,0,0,0,6,129275.78,0.0838,low,0.0
CUST003400,832,excellent,96.41,99.9,54.46,69.37,98.37,88.6575,2.52,2,0,0,0,0,0,1,4,32051.54,0.4343,low,0.2
CUST003401,784,excellent,91.37,93.19,59.14,34.18,83.8,80.6045,3.58,2,1,0,0,0,0,0,3,355233.07,0.0854,low,0.0
CUST003402,753,excellent,89.41,92.15,17.65,47.06,92.65,75.5572,9.12,0,0,0,0,0,0,0,5,83415.7,0.0208,low,0.0
CUST003403,808,excellent,93.7,88.14,69.15,67.9,83.29,84.7278,0.67,6,1,0,0,0,0,1,3,31532.81,0.4883,low,0.25
CUST003404,783,excellent,93.02,93.76,47.19,31.73,95.36,80.4701,2.25,2,0,0,0,0,0,0,5,346723.11,0.0619,low,0.0
CUST003405,754,excellent,96.91,84.82,23.32,38.79,89.8,75.7212,14.51,0,1,0,0,0,0,0,6,217739.93,0.0461,low,0.0
CUST003406,753,excellent,88.12,89.4,31.3,46.6,85.01,75.5187,10.86,0,1,0,0,0,0,0,6,54932.16,0.1044,low,0.0
CUST003407,732,good,67.91,89.44,50.07,47.7,90.54,71.9373,6.43,2,1,0,0,0,0,1,3,105184.51,0.7637,low,0.25
CUST003408,829,excellent,91.2,92.07,85.45,60.7,97.68,88.1974,3.35,16,0,0,0,0,0,1,6,127926.53,0.9744,low,0.1429
CUST003409,637,high_risk,10.4,98.57,98.49,60.34,31.34,56.153,6.91,16,6,7,0,0,0,1,2,101486.16,1.6957,moderate,0.3333
CUST003410,623,high_risk,8.26,89.52,98.54,31.44,61.05,53.7771,8.9,10,4,1,0,1,1,0,4,12830.85,0.2958,low,0.0
CUST003411,670,risky,45.38,68.3,85.19,50.15,74.78,61.6435,38.89,17,2,3,0,0,0,0,6,109372.8,0.2173,low,0.0
CUST003412,819,excellent,98.17,83.54,89.03,37.22,99.55,86.4505,10.31,18,0,0,0,0,0,0,4,213650.93,0.0501,low,0.0
CUST003413,821,excellent,92.8,80.1,87.72,78.58,92.31,86.7561,14.99,12,0,0,0,0,0,1,5,53818.77,0.5658,low,0.1667
CUST003414,789,excellent,85.29,80.73,88.05,47.37,95.45,81.5607,11.46,12,0,0,0,0,0,0,2,45792.73,0.1555,low,0.0
CUST003415,771,excellent,69.41,96.76,79.51,38.13,93.98,78.4583,4.28,5,0,0,0,0,0,0,6,71566.15,0.0705,low,0.0
CUST003416,778,excellent,85.06,88.65,60.85,49.89,92.28,79.712,3.75,3,0,0,0,0,0,0,5,122544.35,0.1476,low,0.0
CUST003417,840,excellent,99.98,99.91,69.78,45.77,99.27,89.9385,1.37,7,0,0,0,0,0,0,1,105121.86,0.0359,low,0.0
CUST003418,809,excellent,87.53,90.43,70.44,79.98,85.4,84.8672,3.6,9,1,0,0,0,0,1,3,208078.28,0.7935,low,0.25
CUST003419,707,good,40.18,99.41,88.36,36.15,70.47,67.8031,2.31,10,2,4,0,0,0,0,2,92485.47,0.021,low,0.0
CUST003420,641,high_risk,24.07,92.69,65.21,76.51,42.06,56.8698,8.95,8,3,7,1,0,0,1,7,56507.78,1.6624,moderate,0.125
CUST003421,784,excellent,91.44,99.77,40.75,37.48,88.79,80.6734,3.77,1,1,0,0,0,0,0,1,67461.39,0.1219,low,0.0
CUST003422,813,excellent,88.4,88.46,85.69,60.18,90.81,85.4321,4.16,10,0,0,0,0,0,1,6,78646.04,0.441,low,0.1429
CUST003423,795,excellent,91.63,81.17,88.84,36.77,91.32,82.5585,10.42,20,0,0,0,0,0,0,1,28140.96,0.048,low,0.0
CUST003424,760,excellent,89.22,85.69,39.01,45.59,92.96,76.6386,14.28,1,0,0,0,0,0,0,1,46704.13,0.0392,low,0.0
CUST003425,723,good,59.84,91.85,72.18,32.25,80.08,70.5599,2.1,6,1,3,0,0,0,0,6,128728.99,0.1773,low,0.0
CUST003426,701,good,41.78,87.71,96.21,44.79,70.35,66.8804,12.37,14,2,3,0,0,0,0,1,28182.13,0.0496,low,0.0
CUST003427,775,excellent,67.42,92.79,88.15,61.48,82.89,79.0925,8.49,19,1,1,0,0,0,1,3,105230.7,0.3397,low,0.25
CUST003428,614,high_risk,19.38,76.02,88.47,45.52,49.51,52.3603,11.49,12,3,6,0,0,1,0,1,91427.32,0.6445,low,0.0
CUST003429,708,good,85.72,75.42,22.97,35.43,84.22,68.0378,10.02,0,1,0,0,0,0,0,7,100830.24,0.1031,low,0.0
CUST003430,712,good,61.09,82.51,79.33,37.71,68.63,68.6669,14.78,5,2,1,0,0,0,0,2,36783.5,0.0192,low,0.0
CUST003431,796,excellent,85.03,81.79,98.66,45.76,90.66,82.7394,11.07,19,0,0,0,0,0,0,4,149700.68,0.1625,low,0.0
CUST003432,798,excellent,88.99,91.76,76.81,32.97,95.91,83.0826,0.47,6,0,0,0,0,0,0,4,19178.98,0.0454,low,0.0
CUST003433,767,excellent,85.11,82.63,61.94,53.23,86.17,77.8091,13.6,2,1,0,0,0,0,2,1,296842.7,0.7684,low,0.6667
CUST003434,767,excellent,87.1,80.88,61.88,40.74,96.76,77.7797,14.27,3,0,0,0,0,0,0,1,23997.24,0.1416,low,0.0
CUST003435,744,good,67.62,85.43,69.71,58.39,84.0,73.9935,13.85,5,1,1,0,0,0,1,0,64734.73,0.9682,low,0.5
CUST003436,744,good,86.55,76.7,48.46,34.94,99.73,74.0376,10.98,2,0,0,0,0,0,0,1,140443.79,0.0621,low,0.0
CUST003437,853,excellent,95.94,89.19,94.2,79.71,97.09,92.1467,8.93,17,0,0,0,0,0,2,2,34779.13,0.7103,low,0.5
CUST003438,667,risky,41.99,67.08,95.3,64.39,56.28,61.1795,40.5,19,4,3,0,0,0,0,7,48402.35,0.1498,low,0.0
CUST003439,830,excellent,92.7,91.17,98.18,46.88,90.94,88.3056,6.19,16,0,0,0,0,0,0,7,244669.61,0.1195,low,0.0
CUST003440,754,excellent,70.46,88.43,94.05,36.18,67.4,75.6534,11.11,15,2,0,0,0,0,0,4,269704.98,0.0269,low,0.0
CUST003441,833,excellent,93.22,93.79,90.51,63.62,81.15,88.8174,5.89,10,1,0,0,0,0,1,5,202514.87,0.5849,low,0.1667
CUST003442,804,excellent,99.28,89.14,68.79,38.23,83.03,83.9316,12.62,7,1,0,0,0,0,0,0,57817.43,0.0657,low,0.0
CUST003443,805,excellent,87.04,93.27,57.48,77.99,92.44,84.1095,7.85,4,0,0,0,0,0,1,5,41847.23,0.3989,low,0.1667
CUST003444,625,high_risk,7.73,96.37,87.53,67.79,36.31,54.1551,6.95,12,6,4,1,0,0,1,5,379169.41,1.4571,low,0.1667
CUST003445,821,excellent,86.87,87.99,85.96,79.31,91.72,86.799,12.99,10,0,0,0,0,0,2,1,17780.66,0.7901,low,0.6667
CUST003446,805,excellent,90.03,86.27,79.65,57.13,91.93,84.2449,29.08,8,0,0,0,0,0,0,4,84854.12,0.088,low,0.0
CUST003447,576,high_risk,17.95,93.78,17.35,75.2,24.66,46.0042,2.97,0,5,3,0,0,0,1,3,20338.45,1.4721,low,0.25
CUST003448,798,excellent,68.76,98.37,87.21,70.66,92.84,83.0069,9.12,11,0,0,0,0,0,1,1,40923.45,0.6337,low,0.5
CUST003449,622,high_risk,20.05,81.6,79.23,45.79,56.27,53.5884,10.72,8,3,8,0,0,1,0,4,62133.35,0.6647,low,0.0
CUST003450,710,good,60.99,89.51,65.73,44.03,58.95,68.3566,7.4,8,3,2,0,0,0,0,4,290417.83,0.182,low,0.0
CUST003451,806,excellent,85.75,93.21,86.14,39.07,95.36,84.3387,6.23,19,0,0,0,0,0,0,3,206928.97,0.0166,low,0.0
CUST003452,599,high_risk,33.78,75.97,19.66,43.71,78.51,49.7836,13.46,0,2,2,0,0,0,0,4,103832.14,0.1577,low,0.0
CUST003453,797,excellent,87.01,83.0,86.92,45.69,99.52,82.9122,14.08,19,0,0,0,0,0,0,6,23305.65,0.0513,low,0.0
CUST003454,752,excellent,96.33,83.63,23.71,43.02,86.9,75.353,14.57,0,1,0,0,0,0,0,2,50029.54,0.1447,low,0.0
CUST003455,814,excellent,90.4,96.98,72.48,48.75,91.46,85.6282,2.62,9,0,0,0,0,0,0,2,193366.9,0.0049,low,0.0
CUST003456,704,good,58.62,88.32,68.7,36.17,63.83,67.318,2.91,6,3,1,0,0,0,0,3,40012.24,0.1983,low,0.0
CUST003457,818,excellent,97.64,91.02,52.52,71.21,99.16,86.3933,3.39,3,0,0,0,0,0,1,4,215096.17,0.3845,low,0.2
CUST003458,779,excellent,79.76,97.66,55.57,49.12,94.06,79.8671,2.08,2,0,1,0,0,0,0,5,73846.83,0.078,low,0.0
CUST003459,696,risky,68.39,90.77,10.99,33.08,98.36,65.9581,2.37,0,0,1,0,0,0,0,3,137078.78,0.0773,low,0.0
CUST003460,828,excellent,93.93,89.64,96.11,67.55,71.28,88.0684,3.14,10,2,0,0,0,0,1,4,113681.6,0.8085,low,0.2
CUST003461,729,good,58.96,98.1,78.46,49.31,47.17,71.482,0.83,6,3,2,0,0,0,0,2,32615.79,0.2255,low,0.0
CUST003462,585,high_risk,11.41,81.85,85.21,39.62,22.89,47.5816,13.82,11,5,3,0,1,1,0,0,98313.34,0.1961,low,0.0
CUST003463,815,excellent,93.17,89.02,92.28,43.15,83.37,85.811,5.59,15,1,0,0,0,0,0,2,167980.5,0.0121,low,0.0
CUST003464,802,excellent,94.01,85.26,85.55,33.72,90.35,83.7213,10.9,19,1,0,0,0,0,0,4,75694.14,0.1389,low,0.0
CUST003465,845,excellent,99.66,89.22,96.79,52.9,94.57,90.9111,5.45,17,0,0,0,0,0,1,2,251890.6,0.5974,low,0.3333
CUST003466,776,excellent,87.13,74.55,74.7,55.95,96.41,79.3053,48.89,7,0,0,0,0,0,0,7,32665.21,0.0095,low,0.0
CUST003467,829,excellent,98.91,95.48,77.97,32.76,98.76,88.1109,0.85,6,0,0,0,0,0,0,6,73062.6,0.1471,low,0.0
CUST003468,777,excellent,87.62,80.66,74.1,55.49,79.96,79.5247,13.38,6,2,0,0,0,0,1,4,89684.92,0.5577,low,0.2
CUST003469,707,good,45.89,79.29,93.96,75.27,63.72,67.8395,12.64,10,4,4,0,0,0,1,3,116788.29,0.9286,low,0.25
CUST003470,777,excellent,64.86,97.3,92.9,45.93,91.3,79.5513,0.61,14,0,3,0,0,0,0,1,103860.88,0.0355,low,0.0
CUST003471,781,excellent,99.82,88.12,36.6,48.71,83.99,80.1355,13.27,1,1,0,0,0,0,0,0,65103.84,0.0339,low,0.0
CUST003472,819,excellent,93.23,96.62,75.78,45.82,89.71,86.5372,8.47,8,1,0,0,0,0,0,7,1108265.05,0.1349,low,0.0
CUST003473,816,excellent,93.47,84.9,87.25,51.2,95.84,85.9764,14.29,18,0,0,0,0,0,1,7,136116.87,0.6371,low,0.125
CUST003474,797,excellent,86.56,89.26,88.79,33.03,90.97,82.7909,9.23,12,0,0,0,0,0,0,6,259564.94,0.0004,low,0.0
CUST003475,737,good,57.23,99.15,74.24,47.11,71.6,72.7799,0.61,5,2,2,0,0,0,0,4,58968.83,0.0586,low,0.0
CUST003476,861,excellent,96.11,97.06,99.33,60.48,98.24,93.5272,8.31,15,0,0,0,0,0,1,3,4358.93,0.7232,low,0.25
CUST003477,678,risky,49.26,95.53,41.25,40.55,68.64,63.0044,1.29,1,2,3,0,0,0,0,0,66877.13,0.0283,low,0.0
CUST003478,763,excellent,86.25,83.74,64.72,54.97,66.93,77.2095,14.39,2,2,0,0,0,0,2,5,176449.3,0.7734,low,0.2857
CUST003479,697,risky,43.2,88.17,83.69,61.55,69.07,66.1873,13.11,8,2,3,0,0,0,1,2,690709.14,1.3242,low,0.3333
CUST003480,781,excellent,88.43,97.17,40.24,49.17,91.5,80.2068,1.2,1,0,0,0,0,0,1,5,170799.54,0.8354,low,0.1667
CUST003481,777,excellent,92.39,93.4,44.99,39.2,84.29,79.4549,0.38,1,1,0,0,0,0,0,3,186567.56,0.0352,low,0.0
CUST003482,709,good,77.59,54.73,65.39,49.73,97.78,68.1356,54.32,5,0,1,0,0,0,1,0,51191.22,0.6641,low,0.5
CUST003483,676,risky,52.44,77.03,85.77,36.68,47.44,62.7399,11.86,19,4,3,0,0,0,0,5,459134.88,0.2243,low,0.0
CUST003484,790,excellent,86.45,91.06,55.12,68.12,90.45,81.7029,8.75,3,1,0,0,0,0,1,4,63902.93,0.37,low,0.2
CUST003485,823,excellent,92.03,89.03,95.62,49.55,90.08,87.2255,13.73,13,1,0,0,0,0,1,0,323993.47,0.5747,low,0.5
CUST003486,830,excellent,97.6,90.21,88.94,43.5,94.57,88.3713,8.43,13,0,0,0,0,0,0,1,67306.15,0.162,low,0.0
CUST003487,811,excellent,87.49,84.48,99.55,42.37,99.67,85.0988,11.46,19,0,0,0,0,0,0,3,21462.73,0.0471,low,0.0
CUST003488,773,excellent,91.61,85.41,53.96,48.67,82.11,78.8604,13.24,2,1,0,0,0,0,0,1,15288.63,0.1242,low,0.0
CUST003489,779,excellent,88.5,75.34,88.74,30.73,99.08,79.8681,14.26,11,0,0,0,0,0,0,0,60497.36,0.0992,low,0.0
CUST003490,847,excellent,88.92,97.89,93.72,68.35,97.19,91.0991,6.27,15,0,0,0,0,0,1,4,82838.94,0.4206,low,0.2
CUST003491,831,excellent,91.55,96.49,90.89,45.14,93.54,88.4914,5.05,19,0,0,0,0,0,0,7,125803.76,0.1662,low,0.0
CUST003492,804,excellent,90.85,89.22,85.86,48.63,76.18,83.9259,0.54,13,2,0,0,0,0,0,3,44657.18,0.1491,low,0.0
CUST003493,648,high_risk,46.22,86.05,50.64,31.16,52.84,57.9903,14.52,2,3,3,0,0,0,0,1,66920.77,0.0416,low,0.0
CUST003494,771,excellent,68.9,88.69,93.85,40.03,96.36,78.4381,8.45,12,0,0,0,0,0,0,4,50414.89,0.0864,low,0.0
CUST003495,810,excellent,87.94,91.32,93.25,36.73,91.69,85.0033,0.99,14,0,0,0,0,0,0,6,69615.52,0.1115,low,0.0
CUST003496,812,excellent,92.12,94.95,87.35,34.26,80.32,85.2868,5.7,14,1,0,0,0,0,0,4,65013.39,0.0794,low,0.0
CUST003497,761,excellent,85.27,76.07,83.03,30.9,86.2,76.8296,13.27,9,1,0,0,0,0,0,4,91514.83,0.1561,low,0.0
CUST003498,770,excellent,90.24,78.35,71.96,41.86,82.19,78.2862,12.91,6,1,0,0,0,0,0,3,43668.39,0.0856,low,0.0
CUST003499,801,excellent,85.12,95.6,64.73,61.41,92.52,83.5738,3.09,4,0,0,0,0,0,1,4,212357.91,0.8596,low,0.2
CUST003500,772,excellent,85.7,81.53,69.42,37.66,99.7,78.6032,13.96,7,0,0,0,0,0,0,6,152412.62,0.0986,low,0.0
CUST003501,828,excellent,88.56,94.76,97.26,49.44,90.07,87.9661,1.51,11,0,0,0,0,0,1,6,171221.65,0.7958,low,0.1429
CUST003502,817,excellent,96.4,95.05,71.46,48.33,83.83,86.1904,9.96,9,1,0,0,0,0,0,6,195579.38,0.0316,low,0.0
CUST003503,660,risky,33.06,98.33,54.14,43.92,63.91,59.9723,3.12,3,3,3,0,0,0,0,1,58220.18,0.1261,low,0.0
CUST003504,822,excellent,93.39,88.18,81.45,62.03,94.65,87.024,9.79,6,0,0,0,0,0,1,4,73705.67,0.872,low,0.2
CUST003505,820,excellent,86.63,92.33,89.71,63.19,89.03,86.6992,2.91,20,1,0,0,0,0,1,4,13257.5,0.3689,low,0.2
CUST003506,807,excellent,68.16,96.75,95.5,76.97,96.11,84.5134,5.3,10,0,1,0,0,0,1,4,43323.74,0.8533,low,0.2
CUST003507,615,high_risk,29.3,89.29,46.36,42.07,42.77,52.4771,10.56,1,3,6,0,0,1,0,1,335347.11,0.5976,low,0.0
CUST003508,836,excellent,97.98,82.31,96.37,67.56,91.97,89.3938,14.68,13,0,0,0,0,0,1,4,216198.88,0.719,low,0.2
CUST003509,837,excellent,97.99,89.9,98.69,35.29,99.55,89.5543,2.21,17,0,0,0,0,0,0,0,162362.44,0.164,low,0.0
CUST003510,832,excellent,90.56,95.75,89.07,52.23,97.33,88.7367,7.39,11,0,0,0,0,0,1,3,60274.88,0.5549,low,0.25
CUST003511,805,excellent,97.12,82.83,87.17,30.05,93.0,84.2237,11.23,18,0,0,0,0,0,0,5,248520.68,0.0628,low,0.0
CUST003512,819,excellent,97.3,81.12,91.4,45.68,98.46,86.5159,17.79,15,0,0,0,0,0,0,3,91183.04,0.1602,low,0.0
CUST003513,612,high_risk,9.64,96.77,75.84,33.93,48.42,52.0142,8.22,5,4,4,1,1,1,0,2,255117.12,0.1934,low,0.0
CUST003514,725,good,59.3,90.75,81.83,38.85,66.71,70.8098,6.34,9,2,3,0,0,0,0,4,28824.7,0.1188,low,0.0
CUST003515,737,good,45.93,95.72,96.41,60.76,85.52,72.8787,0.07,18,1,1,0,0,0,1,2,33894.01,1.438,low,0.3333
CUST003516,827,excellent,97.1,94.9,84.82,43.78,82.3,87.7862,6.52,5,1,0,0,0,0,0,1,10569.95,0.0964,low,0.0
CUST003517,761,excellent,86.75,71.88,69.23,51.39,93.12,76.7628,40.14,8,0,0,0,0,0,0,0,51257.01,0.0532,low,0.0
CUST003518,780,excellent,85.39,85.68,65.56,52.64,92.56,79.9469,13.0,7,0,0,0,0,0,1,7,40092.8,0.6611,low,0.125
CUST003519,831,excellent,99.45,89.66,78.1,58.71,91.6,88.4512,14.41,9,0,0,0,0,0,1,0,153074.24,0.7884,low,0.5
CUST003520,814,excellent,87.35,96.8,90.97,30.5,93.01,85.6092,3.24,16,0,0,0,0,0,0,0,272741.28,0.0489,low,0.0
CUST003521,663,risky,45.31,89.82,42.44,38.25,75.68,60.5633,12.61,1,2,3,0,0,0,0,4,52358.5,0.1889,low,0.0
CUST003522,841,excellent,96.06,88.75,89.76,66.69,98.47,90.2266,5.25,11,0,0,0,0,0,1,7,25689.1,0.8941,low,0.125
CUST003523,595,high_risk,12.3,80.86,95.35,36.65,26.21,49.1512,11.81,17,6,8,0,1,1,0,6,89752.22,0.4977,low,0.0
CUST003524,744,good,69.16,83.5,79.35,36.98,91.04,73.9614,12.21,6,0,1,0,0,0,0,5,80288.21,0.1333,low,0.0
CUST003525,661,risky,24.54,91.95,83.3,37.99,77.75,60.2449,4.02,8,2,3,0,0,1,0,5,93498.78,0.216,low,0.0
CUST003526,833,excellent,94.87,95.02,82.38,49.07,98.81,88.8567,6.07,7,0,0,0,0,0,0,3,39410.64,0.0071,low,0.0
CUST003527,829,excellent,85.2,91.16,85.06,84.84,98.15,88.2261,2.54,16,0,0,0,0,0,2,3,219606.5,0.7617,low,0.4
CUST003528,776,excellent,91.36,82.28,68.06,40.09,84.23,79.299,11.42,5,1,0,0,0,0,0,1,191586.24,0.0181,low,0.0
CUST003529,771,excellent,87.55,88.51,52.68,44.51,90.22,78.5696,12.54,4,1,0,0,0,0,0,1,141496.49,0.0607,low,0.0
CUST003530,762,excellent,91.41,88.03,35.95,44.74,87.04,76.9715,1.8,1,1,0,0,0,0,0,7,122597.47,0.0713,low,0.0
CUST003531,776,excellent,85.14,88.41,57.59,46.09,97.12,79.2806,25.73,2,0,0,0,0,0,0,2,239469.88,0.0923,low,0.0
CUST003532,667,risky,38.91,94.76,73.52,38.48,42.3,61.1546,5.07,8,3,4,0,0,0,0,6,10039.0,0.1685,low,0.0
CUST003533,809,excellent,90.79,96.86,72.33,38.03,93.21,84.8089,6.96,8,0,0,0,0,0,0,4,371924.12,0.0454,low,0.0
CUST003534,822,excellent,97.56,98.65,68.94,37.5,91.13,86.9479,5.08,6,0,0,0,0,0,0,3,30181.15,0.1042,low,0.0
CUST003535,755,excellent,64.84,90.95,97.17,70.8,52.72,75.9058,4.94,13,4,2,0,0,0,1,7,34780.63,1.4713,low,0.125
CUST003536,759,excellent,88.64,87.18,37.29,42.14,95.64,76.5485,12.0,1,0,0,0,0,0,0,5,102567.89,0.1661,low,0.0
CUST003537,800,excellent,92.73,94.55,54.72,44.04,99.57,83.3888,4.66,3,0,0,0,0,0,0,5,37297.23,0.0669,low,0.0
CUST003538,797,excellent,95.44,81.6,91.93,36.49,74.33,82.7551,14.46,17,2,0,0,0,0,0,6,63336.42,0.0871,low,0.0
CUST003539,772,excellent,85.42,79.23,40.47,89.44,99.07,78.5842,12.05,1,0,0,0,0,0,2,5,174179.65,0.4344,low,0.2857
CUST003540,655,risky,61.69,41.64,77.82,61.84,71.62,59.1038,60.29,6,2,1,0,0,0,1,0,38076.96,0.8889,low,0.5
CUST003541,815,excellent,92.48,86.6,88.89,45.0,96.97,85.881,14.28,18,0,0,0,0,0,0,3,221141.94,0.0304,low,0.0
CUST003542,798,excellent,85.89,88.08,72.55,65.66,90.99,83.0344,15.0,8,0,0,0,0,0,1,5,155893.25,0.3806,low,0.1667
CUST003543,826,excellent,90.07,88.54,92.46,69.26,87.16,87.5977,6.85,10,1,0,0,0,0,1,4,91604.28,0.7347,low,0.2
CUST003544,808,excellent,94.54,93.31,49.05,62.92,99.7,84.7024,9.68,3,0,0,0,0,0,1,0,67083.67,0.7875,low,0.5
CUST003545,789,excellent,92.47,97.09,17.62,79.29,94.96,81.5564,2.85,0,0,0,0,0,0,1,2,398218.93,0.5073,low,0.3333
CUST003546,826,excellent,91.11,92.38,92.37,44.6,97.29,87.6449,1.0,11,0,0,0,0,0,0,5,228786.25,0.0904,low,0.0
CUST003547,854,excellent,95.04,98.5,95.96,55.27,96.34,92.3706,3.03,18,0,0,0,0,0,1,5,57831.08,0.6275,low,0.1667
CUST003548,790,excellent,95.28,88.3,44.58,66.05,86.01,81.7293,0.84,1,1,0,0,0,0,1,0,43474.26,0.7271,low,0.5
CUST003549,812,excellent,96.24,98.05,65.95,32.71,90.54,85.3157,5.54,6,0,0,0,0,0,0,3,135640.85,0.1081,low,0.0
CUST003550,802,excellent,96.63,95.1,48.75,47.91,91.69,83.623,5.25,2,0,0,0,0,0,1,7,44081.89,0.4488,low,0.125
CUST003551,714,good,53.03,90.67,80.93,40.56,69.69,68.9238,0.7,5,2,4,0,0,0,0,4,85048.26,0.2259,low,0.0
CUST003552,722,good,56.77,82.47,88.64,41.01,84.08,70.4149,14.64,11,1,4,0,0,0,0,1,72206.29,0.1111,low,0.0
CUST003553,818,excellent,90.45,93.13,78.78,64.46,85.07,86.3656,8.77,6,1,0,0,0,0,1,5,19471.09,0.8047,low,0.1667
CUST003554,750,excellent,67.07,97.5,54.3,58.73,82.04,74.9473,7.4,3,1,1,0,0,0,1,6,55927.58,0.8873,low,0.1429
CUST003555,787,excellent,79.33,90.94,94.33,38.53,80.64,81.1128,5.2,18,1,0,0,0,0,0,4,239513.3,0.1301,low,0.0
CUST003556,815,excellent,85.4,96.69,95.55,34.47,91.49,85.8266,9.9,12,0,0,0,0,0,0,5,29664.79,0.1133,low,0.0
CUST003557,710,good,64.39,99.19,35.58,31.0,75.85,68.3151,9.32,1,2,4,0,0,0,0,5,33102.52,0.0279,low,0.0
CUST003558,811,excellent,90.58,97.7,73.6,35.63,95.38,85.1544,1.03,8,0,0,0,0,0,0,2,193018.99,0.0983,low,0.0
CUST003559,709,good,40.72,97.09,71.46,68.95,72.01,68.1955,7.07,9,2,1,0,0,0,1,0,125528.59,0.8356,low,0.5
CUST003560,763,excellent,63.68,90.85,88.18,77.39,66.52,77.1602,5.54,12,2,1,0,0,0,1,6,17916.96,0.9369,low,0.1429
CUST003561,838,excellent,93.21,91.82,91.08,61.18,96.81,89.63,2.09,18,0,0,0,0,0,1,6,32585.71,0.8309,low,0.1429
CUST003562,858,excellent,93.87,97.14,88.96,86.52,90.32,93.0256,1.52,12,0,0,0,0,0,3,5,114819.63,0.7678,low,0.375
CUST003563,805,excellent,88.51,90.64,73.75,49.35,99.67,84.1339,4.99,8,0,0,0,0,0,1,1,134391.04,0.895,low,0.5
CUST003564,777,excellent,94.64,88.91,65.11,31.8,66.84,79.4253,8.02,5,2,0,0,0,0,0,1,9385.72,0.0188,low,0.0
CUST003565,842,excellent,97.95,99.84,89.22,36.37,90.02,90.2574,6.29,20,0,0,0,0,0,0,7,55232.84,0.1438,low,0.0
CUST003566,813,excellent,86.68,98.24,89.17,35.18,88.57,85.5603,6.9,13,1,0,0,0,0,0,5,94312.45,0.0016,low,0.0
CUST003567,725,good,42.31,92.73,99.55,36.47,96.02,70.8104,0.68,19,0,1,0,0,0,0,0,58473.7,0.0965,low,0.0
CUST003568,791,excellent,99.02,96.01,43.58,37.54,80.16,81.7684,2.69,1,1,0,0,0,0,0,4,662302.81,0.1358,low,0.0
CUST003569,670,risky,41.5,98.91,50.74,45.35,52.83,61.6282,0.41,4,3,2,0,0,0,0,0,419003.8,0.0069,low,0.0
CUST003570,803,excellent,99.92,71.69,78.26,62.29,94.69,83.916,33.43,8,0,0,0,0,0,0,4,121780.2,0.0191,low,0.0
CUST003571,821,excellent,90.04,96.12,93.38,33.78,90.94,86.8292,8.21,15,0,0,0,0,0,0,7,149402.34,0.0835,low,0.0
CUST003572,647,high_risk,47.99,75.45,43.5,45.17,73.23,57.7984,14.42,1,2,2,0,0,0,0,1,7477.21,0.118,low,0.0
CUST003573,750,excellent,62.72,91.1,83.35,46.68,85.53,75.0067,7.13,6,1,4,0,0,0,0,5,86032.43,0.183,low,0.0
CUST003574,780,excellent,86.6,96.7,45.52,50.73,87.35,79.9555,3.99,1,1,0,0,0,0,1,4,37404.94,0.6903,low,0.2
CUST003575,749,good,85.56,98.49,12.04,45.73,89.27,74.7981,6.17,0,1,0,0,0,0,0,6,187903.73,0.062,low,0.0
CUST003576,780,excellent,54.97,99.06,99.87,73.01,97.67,80.0068,9.63,18,0,1,0,0,0,1,0,131980.86,1.3995,low,0.5
CUST003577,810,excellent,85.79,99.86,56.28,70.89,94.96,85.0093,4.32,2,0,0,0,0,0,1,3,126032.92,0.6673,low,0.25
CUST003578,811,excellent,99.67,84.14,61.6,59.03,98.41,85.1102,10.42,4,0,0,0,0,0,1,7,28274.83,0.8964,low,0.125
CUST003579,783,excellent,93.34,86.36,45.21,52.6,99.42,80.5596,14.08,3,0,0,0,0,0,1,2,289900.28,0.8063,low,0.3333
CUST003580,808,excellent,96.86,89.63,74.91,32.23,94.39,84.6856,0.91,6,0,0,0,0,0,0,4,231813.41,0.0757,low,0.0
CUST003581,637,high_risk,29.86,88.68,69.0,47.88,39.24,56.1174,4.31,5,6,5,0,0,1,0,4,127515.46,0.4277,low,0.0
CUST003582,810,excellent,96.54,62.88,97.84,79.89,96.63,84.979,45.93,13,0,0,0,0,0,1,2,89173.38,0.3922,low,0.3333
CUST003583,856,excellent,92.34,94.0,99.13,74.63,98.87,92.7377,5.99,20,0,0,0,0,0,1,4,211725.85,0.4418,low,0.2
CUST003584,785,excellent,95.0,97.07,24.44,49.99,98.61,80.8958,5.05,0,0,0,0,0,0,0,7,111064.01,0.0679,low,0.0
CUST003585,714,good,63.89,84.65,56.44,49.49,78.34,69.006,14.34,4,2,4,0,0,0,0,2,83709.03,0.0204,low,0.0
CUST003586,751,excellent,87.88,88.65,37.5,36.4,85.02,75.1211,11.74,1,1,0,0,0,0,0,6,87874.06,0.097,low,0.0
CUST003587,793,excellent,85.91,88.54,86.67,31.61,93.17,82.1105,4.88,11,0,0,0,0,0,0,4,122331.12,0.0466,low,0.0
CUST003588,834,excellent,97.49,97.76,60.73,71.2,92.46,88.9239,0.68,2,0,0,0,0,0,1,4,374129.7,0.4454,low,0.2
CUST003589,837,excellent,94.26,93.02,88.04,59.87,93.75,89.4643,2.86,20,0,0,0,0,0,1,3,30032.21,0.47,low,0.25
CUST003590,793,excellent,73.55,94.67,83.19,63.81,92.18,82.2241,7.92,6,0,1,0,0,0,1,5,146684.65,0.9443,low,0.1667
CUST003591,806,excellent,85.41,98.96,80.04,36.66,90.04,84.256,3.63,5,1,0,0,0,0,0,5,365179.0,0.1124,low,0.0
CUST003592,810,excellent,85.11,91.4,97.11,48.96,82.51,84.9209,7.2,11,1,0,0,0,0,0,7,62248.15,0.0361,low,0.0
CUST003593,839,excellent,95.35,96.68,96.07,49.26,80.37,89.7518,2.48,15,1,0,0,0,0,1,2,106399.13,0.7636,low,0.3333
CUST003594,841,excellent,97.72,99.36,92.78,45.07,77.62,90.1964,3.25,11,2,0,0,0,0,0,1,62943.16,0.0666,low,0.0
CUST003595,707,good,42.7,82.88,96.97,39.45,95.32,67.8317,11.18,10,0,2,0,0,0,0,1,106800.98,0.1328,low,0.0
CUST003596,805,excellent,96.34,88.02,63.77,47.07,98.34,84.2312,9.65,4,0,0,0,0,0,0,0,239801.24,0.1324,low,0.0
CUST003597,710,good,43.58,94.88,90.23,61.43,50.04,68.3983,2.43,10,3,1,0,0,0,1,2,122904.83,0.7558,low,0.3333
CUST003598,807,excellent,94.04,76.1,81.21,77.81,87.26,84.4321,12.3,6,1,0,0,0,0,1,4,125478.22,0.7839,low,0.2
CUST003599,562,high_risk,5.34,98.58,16.62,32.65,64.62,43.6641,8.47,0,3,4,1,1,1,0,1,45245.01,0.3562,low,0.0
CUST003600,759,excellent,90.59,77.43,55.0,35.95,96.8,76.4602,10.06,3,0,0,0,0,0,0,7,67092.09,0.1548,low,0.0
CUST003601,790,excellent,91.78,94.25,48.63,49.35,91.1,81.7372,6.52,3,1,0,0,0,0,0,0,83981.44,0.005,low,0.0
CUST003602,715,good,51.67,94.37,96.75,32.24,50.3,69.1601,9.15,16,4,1,0,0,0,0,3,112578.09,0.0399,low,0.0
CUST003603,797,excellent,77.68,89.32,98.98,43.28,96.59,82.8185,7.88,15,0,1,0,0,0,0,0,177522.86,0.0274,low,0.0
CUST003604,809,excellent,90.35,92.98,94.46,30.91,80.66,84.8433,1.16,13,1,0,0,0,0,0,4,119744.14,0.0516,low,0.0
CUST003605,816,excellent,92.98,88.9,68.2,66.8,99.49,86.0708,12.64,8,0,0,0,0,0,1,0,118696.4,0.5937,low,0.5
CUST003606,795,excellent,96.67,88.8,61.16,44.37,84.32,82.5167,11.6,3,1,0,0,0,0,0,6,74622.74,0.1467,low,0.0
CUST003607,769,excellent,90.7,96.03,34.85,36.32,86.91,78.1059,3.39,0,1,0,0,0,0,0,1,208288.49,0.1168,low,0.0
CUST003608,824,excellent,94.47,97.29,89.43,33.53,82.57,87.2765,0.24,19,1,0,0,0,0,0,4,314459.14,0.0722,low,0.0
CUST003609,802,excellent,90.8,92.23,84.84,30.9,83.47,83.6141,7.89,5,1,0,0,0,0,0,3,522525.49,0.0778,low,0.0
CUST003610,824,excellent,98.15,98.57,45.72,66.38,99.7,87.3879,9.45,3,0,0,0,0,0,1,1,36119.16,0.9654,low,0.5
CUST003611,790,excellent,98.53,71.66,80.49,47.17,88.94,81.668,43.54,6,1,0,0,0,0,0,3,477779.4,0.0605,low,0.0
CUST003612,817,excellent,86.92,88.08,98.2,53.07,92.05,86.089,9.78,10,0,0,0,0,0,1,4,239510.68,0.7269,low,0.2
CUST003613,808,excellent,98.17,86.18,80.27,43.21,81.09,84.6834,11.89,5,1,0,0,0,0,0,3,41778.39,0.163,low,0.0
CUST003614,764,excellent,86.37,99.5,29.58,41.42,87.15,77.3733,9.99,0,1,0,0,0,0,0,0,147912.43,0.1333,low,0.0
CUST003615,705,good,56.28,92.68,53.96,45.15,74.51,67.5612,9.75,4,2,4,0,0,0,0,0,21943.45,0.0881,low,0.0
CUST003616,829,excellent,98.82,86.09,82.25,60.94,92.41,88.0875,14.86,9,0,0,0,0,0,1,0,61346.31,0.8709,low,0.5
CUST003617,853,excellent,99.81,93.97,81.08,78.83,90.26,92.1966,7.31,8,0,0,0,0,0,1,6,93084.47,0.8429,low,0.1429
CUST003618,853,excellent,89.5,98.47,95.36,73.2,97.42,92.2297,0.62,16,0,0,0,0,0,1,3,257996.03,0.9935,low,0.25
CUST003619,832,excellent,95.32,99.89,99.61,30.0,74.52,88.7209,2.35,13,2,0,0,0,0,0,5,40969.9,0.157,low,0.0
CUST003620,808,excellent,90.43,86.22,84.98,52.22,91.34,84.6194,10.32,5,1,0,0,0,0,1,4,46658.8,0.4188,low,0.2
CUST003621,672,risky,41.51,94.19,33.43,44.78,96.56,61.9342,2.59,1,0,1,0,0,0,0,7,40535.43,0.0052,low,0.0
CUST003622,779,excellent,76.8,82.8,92.69,46.99,94.73,79.7942,11.4,11,0,1,0,0,0,1,7,104195.37,0.5635,low,0.125
CUST003623,840,excellent,94.75,93.59,84.7,75.63,85.56,90.0635,7.98,5,1,0,0,0,0,1,5,242076.05,0.8917,low,0.1667
CUST003624,692,risky,29.09,96.79,85.28,68.11,75.76,65.3961,4.07,10,2,8,0,0,0,1,6,62590.23,2.2234,moderate,0.1429
CUST003625,680,risky,27.78,99.6,90.45,30.27,72.14,63.4115,0.48,11,2,7,0,0,1,0,0,12055.55,0.1807,low,0.0
CUST003626,809,excellent,92.83,80.65,91.08,58.64,85.88,84.7987,13.21,10,1,0,0,0,0,1,4,95181.12,0.9388,low,0.2
CUST003627,674,risky,43.95,81.46,71.97,45.23,72.26,62.3633,12.22,7,2,1,0,0,0,0,1,190819.89,0.1443,low,0.0
CUST003628,774,excellent,85.87,75.27,74.22,60.77,91.68,79.0112,14.3,5,1,0,0,0,0,1,5,42620.54,0.8493,low,0.1667
CUST003629,619,high_risk,40.71,38.78,93.87,54.14,77.7,53.1492,69.25,13,2,3,0,0,0,0,5,96727.19,0.1649,low,0.0
CUST003630,756,excellent,54.0,95.88,97.77,48.85,88.47,76.0589,5.4,14,1,4,0,0,0,0,1,30492.26,0.1155,low,0.0
CUST003631,710,good,64.28,82.43,88.42,32.13,46.64,68.3672,14.18,11,4,1,0,0,0,0,7,32381.74,0.1353,low,0.0
CUST003632,811,excellent,95.82,92.33,77.36,33.76,89.22,85.1376,3.99,5,1,0,0,0,0,0,7,253672.12,0.0627,low,0.0
CUST003633,777,excellent,66.57,96.35,79.55,53.15,99.75,79.4264,4.27,5,0,0,0,0,0,1,4,171373.82,0.5181,low,0.2
CUST003634,617,high_risk,29.24,62.75,56.16,62.63,90.97,52.8455,33.16,2,1,1,0,0,0,0,1,55952.59,0.7174,low,0.0
CUST003635,649,high_risk,24.21,91.44,88.8,62.85,36.95,58.2072,7.51,11,5,8,0,0,0,1,2,155992.2,2.0818,moderate,0.3333
CUST003636,829,excellent,97.81,77.87,97.07,60.4,99.11,88.1055,13.9,12,0,0,0,0,0,1,2,174250.34,0.5557,low,0.3333
CUST003637,762,excellent,87.11,81.91,47.66,47.67,99.6,76.9379,12.39,2,0,0,0,0,0,0,2,87439.38,0.0186,low,0.0
CUST003638,699,risky,73.77,95.78,12.78,34.22,65.81,66.4737,3.71,0,2,1,0,0,0,0,6,14119.26,0.0104,low,0.0
CUST003639,566,high_risk,7.2,93.19,31.63,31.73,58.63,44.2601,4.81,1,4,3,1,1,1,0,6,42305.52,0.6316,low,0.0
CUST003640,834,excellent,96.02,98.23,77.14,45.1,97.72,88.9289,5.86,7,0,0,0,0,0,0,4,43060.63,0.0148,low,0.0
CUST003641,825,excellent,93.82,90.4,89.34,46.32,95.36,87.5245,0.58,13,0,0,0,0,0,1,1,43069.16,0.4917,low,0.5
CUST003642,794,excellent,74.51,99.76,62.84,70.96,98.24,82.3541,7.19,4,0,0,0,0,0,1,3,205874.15,0.6892,low,0.25
CUST003643,821,excellent,89.21,90.74,85.38,65.67,90.1,86.8308,7.82,12,0,0,0,0,0,1,4,139117.12,0.9876,low,0.2
CUST003644,795,excellent,76.85,95.54,64.95,83.38,88.01,82.439,5.89,3,1,1,0,0,0,2,1,31067.91,0.597,low,0.6667
CUST003645,775,excellent,89.34,76.24,71.9,45.65,96.18,79.1083,13.8,5,0,0,0,0,0,0,6,208415.47,0.1174,low,0.0
CUST003646,845,excellent,96.17,95.09,97.62,47.82,91.39,90.7516,2.87,10,0,0,0,0,0,0,1,203925.57,0.0652,low,0.0
CUST003647,793,excellent,79.72,94.35,71.77,52.85,99.41,82.1956,6.96,7,0,0,0,0,0,1,4,22865.28,0.5383,low,0.2
CUST003648,796,excellent,90.19,98.65,48.51,49.64,92.49,82.6538,8.0,2,0,0,0,0,0,0,3,74509.38,0.1055,low,0.0
CUST003649,766,excellent,97.63,83.78,14.49,71.0,91.05,77.6825,13.03,0,1,0,0,0,0,1,6,313804.57,0.4513,low,0.1429
CUST003650,763,excellent,79.18,75.46,70.54,65.04,97.81,77.2151,10.75,7,0,1,0,0,0,1,7,82223.6,0.5389,low,0.125
CUST003651,809,excellent,86.56,88.33,91.59,44.09,99.04,84.8485,8.17,20,0,0,0,0,0,0,0,146118.2,0.0049,low,0.0
CUST003652,796,excellent,87.29,83.8,88.69,37.82,99.66,82.7413,13.54,13,0,0,0,0,0,0,2,334103.44,0.1037,low,0.0
CUST003653,776,excellent,85.93,97.1,37.74,47.1,96.84,79.2616,6.77,1,0,0,0,0,0,0,3,180815.02,0.1639,low,0.0
CUST003654,743,good,50.44,95.16,91.26,39.39,99.45,73.7753,9.05,14,0,2,0,0,0,0,4,29978.56,0.153,low,0.0
CUST003655,802,excellent,89.41,86.57,69.0,67.91,92.33,83.6395,14.38,8,0,0,0,0,0,1,0,147130.69,0.6808,low,0.5
CUST003656,823,excellent,86.51,96.69,89.83,48.22,95.98,87.1808,6.84,12,0,0,0,0,0,0,0,32311.87,0.0673,low,0.0
CUST003657,815,excellent,97.86,89.52,75.2,34.18,99.87,85.791,1.58,5,0,0,0,0,0,0,2,40899.6,0.0936,low,0.0
CUST003658,834,excellent,97.93,96.42,73.68,50.64,97.55,89.0727,2.9,8,0,0,0,0,0,1,2,57143.34,0.5112,low,0.3333
CUST003659,786,excellent,79.29,99.94,51.28,62.65,92.3,80.9206,0.18,4,0,0,0,0,0,1,1,252405.13,0.7997,low,0.5
CUST003660,797,excellent,92.73,98.24,52.1,32.21,99.49,82.9136,9.79,3,0,0,0,0,0,0,6,78122.93,0.0281,low,0.0
CUST003661,802,excellent,88.27,99.44,53.91,49.64,99.14,83.6919,3.48,3,0,0,0,0,0,1,5,71620.28,0.5827,low,0.1667
CUST003662,779,excellent,92.75,84.85,60.14,33.0,95.3,79.769,11.59,2,0,0,0,0,0,0,1,36330.28,0.0573,low,0.0
CUST003663,832,excellent,96.54,88.77,93.7,44.87,97.73,88.736,2.78,14,0,0,0,0,0,0,1,329821.69,0.1151,low,0.0
CUST003664,830,excellent,98.81,85.45,93.42,46.05,94.32,88.2673,14.9,11,0,0,0,0,0,0,2,24724.52,0.1369,low,0.0
CUST003665,788,excellent,91.46,96.63,70.64,31.07,67.13,81.4162,6.18,5,2,0,0,0,0,0,2,637985.97,0.0566,low,0.0
CUST003666,815,excellent,93.5,85.64,90.58,44.73,93.25,85.8016,12.52,15,0,0,0,0,0,0,3,119163.93,0.0482,low,0.0
CUST003667,833,excellent,99.38,78.86,99.83,64.02,90.42,88.8603,13.76,20,0,0,0,0,0,1,1,19133.54,0.4901,low,0.5
CUST003668,782,excellent,87.39,96.92,48.56,42.75,91.88,80.409,2.6,1,0,0,0,0,0,0,6,30195.59,0.0584,low,0.0
CUST003669,834,excellent,96.06,92.03,88.22,46.98,98.54,89.0121,7.2,17,0,0,0,0,0,0,7,369903.53,0.0035,low,0.0
CUST003670,834,excellent,88.75,98.61,88.06,67.2,84.91,89.063,6.03,10,1,0,0,0,0,1,0,116145.39,0.5384,low,0.5
CUST003671,670,risky,44.77,97.05,52.12,41.38,49.28,61.6688,7.46,2,3,4,0,0,0,0,7,53263.0,0.1863,low,0.0
CUST003672,774,excellent,72.02,98.76,65.44,44.23,99.1,78.9859,3.34,5,0,1,0,0,0,0,3,64325.78,0.1131,low,0.0
CUST003673,852,excellent,99.92,99.09,95.41,31.34,99.21,92.0633,3.22,15,0,0,0,0,0,0,4,48213.97,0.0946,low,0.0
CUST003674,858,excellent,94.11,94.0,91.0,86.46,96.1,93.0457,2.51,11,0,0,0,0,0,2,7,773143.92,0.5386,low,0.2222
CUST003675,817,excellent,85.14,97.35,95.47,35.79,92.02,86.1039,8.6,11,0,0,0,0,0,0,7,265242.62,0.0176,low,0.0
CUST003676,800,excellent,85.59,89.46,85.55,45.76,91.22,83.3243,9.52,14,0,0,0,0,0,0,1,187124.6,0.0082,low,0.0
CUST003677,819,excellent,87.6,92.24,94.22,48.16,92.31,86.5107,0.1,11,0,0,0,0,0,0,0,164434.37,0.0435,low,0.0
CUST003678,809,excellent,96.27,95.02,59.5,41.81,94.61,84.7665,5.06,2,0,0,0,0,0,0,3,131468.12,0.1306,low,0.0
CUST003679,722,good,57.56,81.74,86.63,46.81,79.6,70.3019,11.0,12,2,2,0,0,0,0,0,121837.4,0.1582,low,0.0
CUST003680,832,excellent,88.76,95.66,96.57,48.08,95.32,88.5897,7.94,16,0,0,0,0,0,1,5,43428.86,0.7944,low,0.1667
CUST003681,687,risky,51.97,90.84,49.32,42.49,73.3,64.4198,8.33,3,2,1,0,0,0,0,5,93838.09,0.221,low,0.0
CUST003682,842,excellent,93.16,97.57,87.12,63.17,91.09,90.3736,8.44,11,0,0,0,0,0,1,6,152141.38,0.4018,low,0.1429
CUST003683,695,risky,47.38,89.79,91.4,45.15,41.17,65.8613,1.08,14,3,4,0,0,0,0,5,70559.92,0.1312,low,0.0
CUST003684,750,excellent,74.58,63.1,98.58,63.56,88.87,75.0634,34.18,12,1,1,0,0,0,1,1,142593.04,0.3812,low,0.5
CUST003685,767,excellent,86.48,85.83,66.3,31.29,88.08,77.8984,13.08,8,1,0,0,0,0,0,5,260005.79,0.0842,low,0.0
CUST003686,704,good,61.31,88.84,52.02,44.33,70.61,67.4085,6.68,3,2,2,0,0,0,0,5,21501.85,0.2197,low,0.0
CUST003687,785,excellent,86.63,84.97,70.2,48.53,96.69,80.8623,13.06,7,0,0,0,0,0,0,6,97437.44,0.0556,low,0.0
CUST003688,813,excellent,87.88,91.41,87.33,49.47,93.22,85.5495,6.63,13,0,0,0,0,0,0,7,126725.28,0.1419,low,0.0
CUST003689,790,excellent,91.29,83.06,80.14,36.25,90.8,81.5934,10.46,7,1,0,0,0,0,0,0,37271.38,0.0213,low,0.0
CUST003690,607,high_risk,10.84,93.51,76.64,35.78,42.42,51.1614,6.2,6,4,0,0,1,1,0,1,148586.07,0.4696,low,0.0
CUST003691,604,high_risk,12.74,82.18,86.28,42.98,43.42,50.6956,11.14,11,4,4,0,1,1,0,0,120461.92,0.4496,low,0.0
CUST003692,846,excellent,89.59,98.61,85.29,79.37,93.76,91.0468,0.57,11,0,0,0,0,0,2,5,169732.88,0.4502,low,0.2857
CUST003693,705,good,44.44,88.44,92.7,48.82,65.49,67.4247,6.25,14,2,4,0,0,0,0,4,9951.57,0.1398,low,0.0
CUST003694,729,good,48.52,91.27,94.25,39.38,91.12,71.5486,2.61,17,1,4,0,0,0,0,3,183683.02,0.1629,low,0.0
CUST003695,742,good,91.42,90.77,11.26,39.12,88.08,73.6355,1.14,0,1,0,0,0,0,0,1,47926.86,0.0033,low,0.0
CUST003696,770,excellent,62.19,98.16,97.65,47.87,77.38,78.3862,9.17,11,2,4,0,0,0,0,7,53704.19,0.0048,low,0.0
CUST003697,795,excellent,88.18,95.02,61.33,40.67,98.38,82.4751,8.06,3,0,0,0,0,0,0,3,53224.62,0.0422,low,0.0
CUST003698,620,high_risk,12.04,76.99,87.83,39.68,89.51,53.4058,10.86,11,1,6,0,0,1,0,6,224901.2,0.3454,low,0.0
CUST003699,798,excellent,97.36,79.98,54.97,72.76,94.88,83.0771,24.76,3,0,0,0,0,0,1,1,320716.7,0.5114,low,0.5
CUST003700,652,risky,12.17,95.67,96.2,42.59,69.94,58.6435,8.95,15,2,4,0,1,1,0,0,16843.45,0.3624,low,0.0
CUST003701,765,excellent,94.23,96.53,13.91,43.32,90.84,77.4394,2.15,0,1,0,0,0,0,0,5,255265.63,0.1538,low,0.0
CUST003702,703,good,75.23,47.77,83.15,45.17,95.68,67.2186,54.35,7,0,1,0,0,0,1,4,48860.04,0.8605,low,0.2
CUST003703,650,risky,29.84,88.95,45.51,75.65,78.16,58.3371,5.35,3,2,7,0,0,0,1,0,103079.12,1.9411,moderate,0.5
CUST003704,720,good,86.99,49.86,58.27,58.8,99.74,70.0,56.88,2,0,0,0,0,0,0,6,64244.4,0.0735,low,0.0
CUST003705,738,good,72.06,97.33,28.62,44.43,97.67,72.9214,4.62,0,0,1,0,0,0,0,5,223516.15,0.0075,low,0.0
CUST003706,775,excellent,74.1,92.93,78.24,47.15,88.73,79.14,6.03,6,1,1,0,0,0,1,4,154677.29,0.972,low,0.2
CUST003707,832,excellent,91.0,96.32,91.12,57.35,85.57,88.7051,7.28,12,1,0,0,0,0,1,0,104167.97,0.6793,low,0.5
CUST003708,692,risky,42.83,84.18,89.24,35.88,81.96,65.4164,13.27,16,1,1,0,0,0,0,3,10108.45,0.0624,low,0.0
CUST003709,731,good,98.83,80.23,10.28,40.64,75.15,71.7831,11.04,0,2,0,0,0,0,0,1,135139.99,0.0766,low,0.0
CUST003710,678,risky,44.61,97.87,59.18,30.97,60.5,62.9975,7.83,2,3,1,0,0,0,0,1,71023.87,0.0207,low,0.0
CUST003711,825,excellent,88.33,90.6,92.96,54.76,99.25,87.4417,3.44,17,0,0,0,0,0,1,7,29840.73,0.8603,low,0.125
CUST003712,760,excellent,94.62,76.02,51.66,37.58,92.87,76.7167,10.33,4,0,0,0,0,0,0,4,128697.76,0.0865,low,0.0
CUST003713,848,excellent,98.88,89.2,92.88,73.59,86.78,91.3395,5.91,20,1,0,0,0,0,1,6,44153.78,0.6895,low,0.1429
CUST003714,791,excellent,87.84,84.14,94.34,49.26,68.51,81.9139,13.38,14,2,0,0,0,0,1,7,85136.07,0.804,low,0.125
CUST003715,646,high_risk,9.38,96.93,91.17,75.89,49.69,57.5964,1.88,16,4,8,1,0,0,1,7,59834.43,1.2712,low,0.125
CUST003716,741,good,74.26,89.08,53.54,33.24,95.06,73.5768,2.47,2,0,1,0,0,0,0,3,44346.29,0.1327,low,0.0
CUST003717,769,excellent,98.93,77.73,46.17,46.06,87.06,78.1822,13.05,1,1,0,0,0,0,0,6,29694.98,0.1423,low,0.0
CUST003718,854,excellent,92.95,95.13,91.28,79.98,96.05,92.3647,0.8,13,0,0,0,0,0,1,7,258275.98,0.873,low,0.125
CUST003719,810,excellent,93.5,80.33,88.02,60.34,89.83,85.0449,11.1,12,1,0,0,0,0,1,2,14985.61,0.9205,low,0.3333
CUST003720,762,excellent,66.4,88.28,99.32,31.98,91.68,76.988,6.06,18,0,0,0,0,0,0,6,191911.94,0.1152,low,0.0
CUST003721,838,excellent,92.39,99.04,94.14,38.24,96.29,89.6239,6.49,10,0,0,0,0,0,0,2,205745.24,0.0757,low,0.0
CUST003722,819,excellent,95.72,96.88,75.29,55.3,71.38,86.5294,8.57,6,2,0,0,0,0,1,6,272470.78,0.4238,low,0.1429
CUST003723,815,excellent,86.44,97.96,85.86,47.31,85.99,85.8516,3.22,12,1,0,0,0,0,1,2,343922.35,0.7832,low,0.3333
CUST003724,771,excellent,74.12,93.49,73.29,44.25,90.82,78.4896,4.46,5,1,0,0,0,0,0,2,113025.75,0.0606,low,0.0
CUST003725,688,risky,37.14,92.0,85.63,37.09,75.19,64.6725,2.71,12,2,3,0,0,0,0,0,76317.54,0.0803,low,0.0
CUST003726,636,high_risk,19.76,88.76,82.89,33.42,67.38,56.0579,5.1,7,2,7,0,0,1,0,7,21321.52,0.3977,low,0.0
CUST003727,690,risky,65.07,79.57,41.26,37.49,83.61,64.9444,10.76,1,1,1,0,0,0,0,4,60008.77,0.1377,low,0.0
CUST003728,823,excellent,96.32,80.81,98.03,79.03,65.62,87.1219,29.75,15,2,0,0,0,0,1,1,251274.83,0.9935,low,0.5
CUST003729,809,excellent,85.77,94.63,67.56,69.82,93.79,84.9043,5.88,9,0,0,0,0,0,1,4,43069.81,0.6723,low,0.2
CUST003730,801,excellent,85.95,89.58,96.1,30.57,90.04,83.4317,0.44,15,0,0,0,0,0,0,2,117441.83,0.0096,low,0.0
CUST003731,759,excellent,93.59,90.27,16.45,42.0,99.94,76.4973,1.36,0,0,0,0,0,0,0,6,214201.66,0.0952,low,0.0
CUST003732,794,excellent,89.5,75.93,91.21,48.85,96.08,82.2792,21.09,10,0,0,0,0,0,1,2,33074.32,0.3718,low,0.3333
CUST003733,845,excellent,97.05,97.83,95.17,50.33,82.0,90.8234,5.32,19,1,0,0,0,0,1,3,49339.01,0.8508,low,0.25
CUST003734,696,risky,44.56,96.88,75.3,34.86,65.58,65.9968,5.98,6,2,3,0,0,0,0,4,28370.79,0.0812,low,0.0
CUST003735,747,good,89.28,93.83,16.04,44.33,82.75,74.5129,0.11,0,1,0,0,0,0,0,3,58364.85,0.0297,low,0.0
CUST003736,690,risky,44.16,89.71,76.77,30.31,81.26,65.0432,2.68,9,1,1,0,0,0,0,6,62519.74,0.2146,low,0.0
CUST003737,695,risky,73.51,75.27,38.63,32.76,85.21,65.9008,13.71,1,1,1,0,0,0,0,3,23721.63,0.035,low,0.0
CUST003738,753,excellent,53.44,99.62,89.21,49.43,85.61,75.4783,9.9,12,1,4,0,0,0,0,7,76238.38,0.2499,low,0.0
CUST003739,776,excellent,86.95,84.45,63.36,49.48,91.01,79.3203,13.12,3,0,0,0,0,0,1,6,43341.09,0.7891,low,0.1429
CUST003740,819,excellent,89.29,90.67,98.48,36.47,95.78,86.4529,5.81,10,0,0,0,0,0,0,1,43792.78,0.0894,low,0.0
CUST003741,796,excellent,75.03,96.74,75.83,79.5,80.51,82.6569,7.7,9,1,1,0,0,0,1,3,135821.11,0.9714,low,0.25
CUST003742,837,excellent,98.35,93.23,85.64,52.77,89.41,89.456,3.43,13,1,0,0,0,0,1,2,184504.04,0.4306,low,0.3333
CUST003743,812,excellent,97.88,79.13,77.99,63.07,93.45,85.3495,14.74,8,0,0,0,0,0,1,2,216383.45,0.5724,low,0.3333
CUST003744,803,excellent,97.17,88.77,62.57,48.03,90.83,83.9097,7.72,3,0,0,0,0,0,0,0,146468.33,0.1046,low,0.0
CUST003745,721,good,58.66,92.9,80.1,66.62,41.32,70.2116,3.36,9,3,1,0,0,0,1,2,226207.41,1.3505,low,0.3333
CUST003746,792,excellent,71.4,97.95,93.66,46.51,90.02,82.0772,6.54,10,0,1,0,0,0,0,4,92923.32,0.1625,low,0.0
CUST003747,846,excellent,99.09,95.28,97.96,37.79,92.56,90.9942,9.81,14,0,0,0,0,0,0,4,13284.17,0.0297,low,0.0
CUST003748,767,excellent,71.37,87.07,98.19,35.48,84.4,77.8194,13.25,14,1,1,0,0,0,0,7,89904.15,0.0481,low,0.0
CUST003749,786,excellent,89.57,79.56,58.58,71.52,98.76,81.0357,11.07,3,0,0,0,0,0,1,2,31723.75,0.5281,low,0.3333
CUST003750,781,excellent,87.67,77.84,76.98,48.91,96.6,80.1357,12.67,5,0,0,0,0,0,1,4,57320.43,0.8127,low,0.2
CUST003751,671,risky,56.83,92.01,32.8,31.66,61.73,61.7536,5.62,1,3,2,0,0,0,0,2,64827.52,0.0537,low,0.0
CUST003752,665,risky,34.16,84.83,67.27,42.02,91.06,60.804,12.1,8,1,1,0,0,0,0,1,227860.76,0.103,low,0.0
CUST003753,788,excellent,99.0,85.55,70.19,33.54,70.94,81.2915,10.77,7,2,0,0,0,0,0,4,246808.08,0.1464,low,0.0
CUST003754,763,excellent,95.74,88.43,25.23,41.71,91.12,77.1062,5.85,0,0,0,0,0,0,0,0,94221.54,0.123,low,0.0
CUST003755,765,excellent,76.69,92.76,38.32,84.05,86.81,77.5043,5.88,1,1,0,0,0,0,2,0,562794.31,0.5924,low,0.6667
CUST003756,785,excellent,85.3,78.88,86.99,46.57,95.61,80.7841,13.08,10,0,0,0,0,0,1,1,18017.98,0.786,low,0.5
CUST003757,744,good,54.25,91.39,96.34,78.52,62.8,73.9885,8.06,12,3,4,0,0,0,1,0,58815.72,1.2076,low,0.5
CUST003758,827,excellent,99.34,87.25,91.72,39.01,93.15,87.9154,11.64,13,0,0,0,0,0,0,3,150662.71,0.0871,low,0.0
CUST003759,772,excellent,86.44,93.2,67.35,37.08,66.91,78.7161,6.87,5,2,0,0,0,0,0,2,54081.64,0.0266,low,0.0
CUST003760,826,excellent,87.62,92.06,97.64,53.53,94.62,87.7456,0.98,18,0,0,0,0,0,1,7,81066.29,0.6709,low,0.125
CUST003761,632,high_risk,22.73,92.61,62.03,74.67,37.48,55.2549,6.7,2,5,3,0,0,0,1,3,187936.78,2.29,moderate,0.25
CUST003762,693,risky,68.58,81.12,36.34,32.89,84.27,65.508,14.51,1,1,1,0,0,0,0,7,34168.76,0.0907,low,0.0
CUST003763,775,excellent,71.78,95.14,94.03,33.37,80.67,79.1716,5.37,19,1,0,0,0,0,0,3,156185.74,0.0163,low,0.0
CUST003764,725,good,50.29,92.3,94.18,70.2,44.6,70.8987,2.52,11,5,4,0,0,0,1,3,147742.4,0.8075,low,0.25
CUST003765,821,excellent,86.29,93.63,88.23,52.81,99.52,86.7569,1.05,12,0,0,0,0,0,1,1,12595.81,0.3573,low,0.5
CUST003766,821,excellent,90.62,92.77,95.91,31.82,97.72,86.887,4.03,16,0,0,0,0,0,0,7,60170.57,0.0354,low,0.0
CUST003767,824,excellent,94.09,94.56,86.7,35.83,94.18,87.3034,10.0,17,0,0,0,0,0,0,6,109524.62,0.1548,low,0.0
CUST003768,791,excellent,92.59,91.15,77.66,35.48,68.59,81.8054,1.74,7,2,0,0,0,0,0,7,149854.43,0.1624,low,0.0
CUST003769,591,high_risk,17.84,80.52,56.88,62.58,43.33,48.523,10.82,2,5,3,0,0,0,1,6,44167.99,2.1611,moderate,0.1429
CUST003770,795,excellent,88.46,83.46,81.66,44.5,98.31,82.5291,13.63,7,0,0,0,0,0,0,2,109088.86,0.0292,low,0.0
CUST003771,797,excellent,88.59,79.96,75.38,70.82,94.47,82.8291,11.78,8,0,0,0,0,0,1,2,118309.7,0.3335,low,0.3333
CUST003772,801,excellent,89.77,92.07,76.08,35.58,94.26,83.4354,9.43,7,0,0,0,0,0,0,5,121398.39,0.1321,low,0.0
CUST003773,747,good,79.94,80.8,51.03,60.48,86.63,74.5827,13.1,4,1,1,0,0,0,2,1,50161.21,0.6945,low,0.6667
CUST003774,722,good,91.62,55.84,35.05,67.19,96.15,70.4102,42.93,1,0,0,0,0,0,1,5,201630.45,0.6592,low,0.1667
CUST003775,706,good,56.64,99.33,46.18,35.46,75.15,67.6095,0.34,2,2,1,0,0,0,0,6,59573.2,0.0475,low,0.0
CUST003776,720,good,55.84,95.35,75.94,30.76,73.38,69.9545,0.63,5,2,4,0,0,0,0,0,16708.61,0.1628,low,0.0
CUST003777,715,good,66.45,76.65,57.06,49.72,93.84,69.1656,13.48,2,0,1,0,0,0,0,1,126606.35,0.1362,low,0.0
CUST003778,719,good,66.99,76.18,75.87,32.22,88.8,69.7833,10.96,9,1,0,0,0,0,0,6,114508.35,0.1215,low,0.0
CUST003779,746,good,59.66,97.11,91.83,46.65,59.12,74.3666,3.91,14,3,4,0,0,0,0,0,50004.38,0.1557,low,0.0
CUST003780,750,excellent,94.41,79.02,31.33,37.36,97.75,74.9589,13.06,1,0,0,0,0,0,0,6,239940.91,0.1623,low,0.0
CUST003781,738,good,86.65,88.54,19.48,39.14,91.98,72.9244,1.7,0,0,0,0,0,0,0,3,83685.92,0.0946,low,0.0
CUST003782,773,excellent,90.89,85.38,53.19,48.16,85.31,78.7518,13.93,2,1,0,0,0,0,0,1,204364.72,0.0689,low,0.0
CUST003783,757,excellent,94.45,91.12,25.0,34.1,86.22,76.1777,6.34,0,1,0,0,0,0,0,1,91192.97,0.0474,low,0.0
CUST003784,799,excellent,90.79,89.33,51.62,71.21,96.74,83.1124,8.47,2,0,0,0,0,0,1,2,72066.17,0.3586,low,0.3333
CUST003785,836,excellent,94.7,89.55,92.52,60.92,92.8,89.2597,5.15,11,0,0,0,0,0,1,4,72825.01,0.7344,low,0.2
CUST003786,693,risky,50.38,88.78,67.3,30.52,80.29,65.4452,8.31,5,1,2,0,0,0,0,4,31651.84,0.1446,low,0.0
CUST003787,850,excellent,96.59,96.8,96.64,49.87,92.63,91.5892,3.28,11,0,0,0,0,0,0,6,91848.41,0.0881,low,0.0
CUST003788,659,risky,10.57,92.43,99.34,76.77,68.38,59.8442,7.06,11,2,8,0,0,0,1,5,112357.13,1.7886,moderate,0.1667
CUST003789,814,excellent,85.77,90.25,80.38,75.51,89.57,85.6593,9.52,9,1,0,0,0,0,1,0,246573.04,0.499,low,0.5
CUST003790,814,excellent,93.09,97.83,52.4,64.19,95.31,85.7427,0.73,4,0,0,0,0,0,1,5,25342.19,0.7005,low,0.1667
CUST003791,783,excellent,87.88,66.75,99.13,54.02,94.22,80.4779,35.63,12,0,0,0,0,0,0,1,213188.88,0.0561,low,0.0
CUST003792,849,excellent,96.66,96.07,81.12,77.27,89.05,91.4521,7.69,6,1,0,0,0,0,1,3,27000.16,0.8122,low,0.25
CUST003793,714,good,90.64,68.91,15.18,58.54,85.23,69.0522,30.7,0,1,0,0,0,0,0,7,200521.73,0.1121,low,0.0
CUST003794,547,high_risk,7.93,75.25,45.82,46.1,43.29,41.1636,10.2,1,5,8,1,1,1,0,1,315783.13,0.5223,low,0.0
CUST003795,776,excellent,98.88,86.79,25.62,64.48,84.68,79.4058,12.45,0,1,0,0,0,0,1,1,49317.41,0.9683,low,0.5
CUST003796,659,risky,42.64,89.62,58.07,36.39,56.91,59.8505,2.71,2,3,4,0,0,0,0,2,39200.23,0.1524,low,0.0
CUST003797,766,excellent,89.25,85.82,50.14,50.52,81.51,77.7053,13.29,2,1,0,0,0,0,1,6,260006.3,0.5597,low,0.1429
CUST003798,652,risky,38.95,88.11,34.34,35.82,99.07,58.7068,12.34,0,0,2,0,0,0,0,3,94604.16,0.2231,low,0.0
CUST003799,808,excellent,95.92,76.16,93.96,49.62,92.71,84.7488,13.08,15,0,0,0,0,0,0,7,230419.38,0.062,low,0.0
CUST003800,760,excellent,87.33,93.52,37.57,31.07,92.92,76.6546,3.38,1,0,0,0,0,0,0,3,48264.53,0.018,low,0.0
CUST003801,772,excellent,91.15,80.91,48.67,62.05,89.14,78.5955,13.88,3,1,0,0,0,0,1,4,159007.52,0.7778,low,0.2
CUST003802,640,high_risk,14.5,97.94,98.56,33.08,40.7,56.6196,7.29,11,5,3,0,0,1,0,6,65514.49,0.2704,low,0.0
CUST003803,697,risky,42.26,93.36,67.27,37.11,95.53,66.1518,2.13,5,0,1,0,0,0,0,3,35507.34,0.1239,low,0.0
CUST003804,821,excellent,90.06,94.65,71.69,66.44,94.89,86.8005,6.08,9,0,0,0,0,0,1,4,32472.08,0.9992,low,0.2
CUST003805,828,excellent,90.97,89.84,89.14,70.54,87.87,88.001,8.07,11,1,0,0,0,0,1,3,112863.96,0.3849,low,0.25
CUST003806,823,excellent,98.37,92.74,74.64,38.21,98.97,87.1666,7.15,5,0,0,0,0,0,0,7,306493.61,0.1506,low,0.0
CUST003807,644,high_risk,17.15,93.62,93.67,75.81,26.06,57.3257,5.91,12,6,6,1,0,0,1,1,89080.98,2.0931,moderate,0.5
CUST003808,753,excellent,89.34,89.99,17.46,48.3,97.18,75.4334,6.14,0,0,0,0,0,0,0,0,79511.97,0.1076,low,0.0
CUST003809,810,excellent,85.99,89.93,93.71,48.9,90.25,85.0463,13.93,20,0,0,0,0,0,0,3,44289.57,0.1076,low,0.0
CUST003810,822,excellent,91.6,92.02,77.62,60.71,96.61,87.0407,2.33,6,0,0,0,0,0,1,7,22851.27,0.5536,low,0.125
CUST003811,782,excellent,67.59,98.79,91.68,45.81,87.45,80.3713,0.47,10,1,1,0,0,0,0,4,248321.89,0.1628,low,0.0
CUST003812,783,excellent,87.7,92.0,60.7,49.88,81.23,80.5131,0.85,3,1,0,0,0,0,0,5,193640.8,0.1277,low,0.0
CUST003813,682,risky,36.29,90.83,86.7,60.33,46.92,63.6791,4.05,10,4,3,0,0,0,1,5,137875.92,0.9724,low,0.1667
CUST003814,796,excellent,86.05,77.36,83.14,69.03,99.31,82.6305,10.12,5,0,0,0,0,0,1,6,36885.84,0.8375,low,0.1429
CUST003815,811,excellent,90.39,77.05,89.69,77.48,91.45,85.0965,11.64,19,1,0,0,0,0,1,5,689188.9,0.9876,low,0.1667
CUST003816,799,excellent,97.69,81.42,51.7,71.43,96.39,83.1573,12.36,2,0,0,0,0,0,1,6,76882.96,0.651,low,0.1429
CUST003817,738,good,67.83,81.82,79.95,32.86,94.87,73.0518,13.36,5,0,1,0,0,0,0,7,89046.72,0.0975,low,0.0
CUST003818,779,excellent,86.03,96.81,25.38,70.86,97.32,79.7765,4.66,0,0,0,0,0,0,1,7,68462.25,0.8454,low,0.125
CUST003819,745,good,65.06,93.03,68.91,32.72,98.37,74.1249,7.79,5,0,1,0,0,0,0,6,23038.84,0.075,low,0.0
CUST003820,615,high_risk,9.91,94.58,97.35,31.26,29.11,52.4808,3.73,10,5,1,1,1,1,0,7,34291.35,0.2916,low,0.0
CUST003821,787,excellent,88.53,85.25,66.37,52.49,93.27,81.0917,12.02,8,0,0,0,0,0,1,0,44412.08,0.7186,low,0.5
CUST003822,848,excellent,91.13,96.85,82.68,82.21,97.23,91.294,3.48,8,0,0,0,0,0,2,6,76625.81,0.3516,low,0.25
CUST003823,816,excellent,93.65,88.56,69.15,62.44,99.61,85.9238,1.87,7,0,0,0,0,0,2,5,61696.33,0.6484,low,0.2857
CUST003824,807,excellent,91.35,85.45,62.18,83.89,91.48,84.4705,13.01,4,0,0,0,0,0,2,3,127730.99,0.9949,low,0.4
CUST003825,795,excellent,98.12,88.88,54.28,38.91,94.75,82.5118,13.24,2,0,0,0,0,0,0,0,137372.78,0.1615,low,0.0
CUST003826,751,excellent,88.37,78.58,56.85,33.32,88.44,75.2094,13.33,2,1,0,0,0,0,0,0,59023.64,0.0477,low,0.0
CUST003827,847,excellent,96.92,97.84,96.73,43.01,91.64,91.2497,8.11,18,0,0,0,0,0,0,6,50109.74,0.1424,low,0.0
CUST003828,786,excellent,96.39,98.11,32.24,31.08,98.29,80.9414,7.63,0,0,0,0,0,0,0,2,336814.92,0.0695,low,0.0
CUST003829,753,excellent,89.24,85.92,28.82,49.81,92.01,75.5133,11.23,0,0,0,0,0,0,0,3,243100.85,0.1027,low,0.0
CUST003830,842,excellent,91.38,98.93,90.01,62.2,89.12,90.2953,9.58,10,1,0,0,0,0,1,2,121367.94,0.3785,low,0.3333
CUST003831,804,excellent,79.21,98.07,96.48,32.86,90.58,83.9579,6.64,12,0,0,0,0,0,0,4,109411.88,0.0675,low,0.0
CUST003832,749,good,88.94,58.96,80.49,47.84,91.76,74.8508,32.73,8,1,0,0,0,0,1,6,76898.77,0.7454,low,0.1429
CUST003833,830,excellent,99.83,97.86,82.07,44.01,73.23,88.3351,7.17,7,2,0,0,0,0,0,7,122958.52,0.0005,low,0.0
CUST003834,808,excellent,94.05,88.55,76.43,44.99,91.61,84.6078,7.54,6,1,0,0,0,0,0,7,94641.11,0.0289,low,0.0
CUST003835,790,excellent,92.55,89.87,53.21,49.06,93.58,81.5984,6.79,2,0,0,0,0,0,0,2,56668.04,0.1518,low,0.0
CUST003836,771,excellent,73.21,90.7,86.89,36.51,90.53,78.5706,9.4,20,0,0,0,0,0,0,2,40998.98,0.0691,low,0.0
CUST003837,771,excellent,90.94,75.23,53.1,69.88,91.0,78.45,13.32,2,0,0,0,0,0,1,7,31395.26,0.5448,low,0.125
CUST003838,564,high_risk,4.39,92.96,44.07,30.4,49.01,43.9765,3.97,1,4,2,0,1,1,0,7,18605.01,0.4095,low,0.0
CUST003839,830,excellent,94.02,90.2,90.51,63.82,83.45,88.2696,7.76,12,1,0,0,0,0,1,1,10642.49,0.8737,low,0.5
CUST003840,620,high_risk,13.87,88.04,98.66,31.82,40.07,53.2557,12.25,20,5,3,1,1,1,0,3,89343.25,0.2387,low,0.0
CUST003841,804,excellent,96.76,81.91,72.48,61.26,86.06,84.0428,12.08,6,1,0,0,0,0,1,5,513588.76,0.8996,low,0.1667
CUST003842,785,excellent,87.92,89.51,74.75,33.62,86.72,80.8723,6.05,5,1,0,0,0,0,0,6,46751.03,0.0551,low,0.0
CUST003843,629,high_risk,17.81,80.85,78.61,37.62,87.21,54.7601,12.77,8,1,7,0,0,1,0,1,152029.5,0.2513,low,0.0
CUST003844,796,excellent,99.55,97.15,38.0,35.8,94.19,82.6837,1.42,1,0,0,0,0,0,0,4,140350.68,0.0777,low,0.0
CUST003845,789,excellent,88.89,76.67,75.93,68.45,91.51,81.4967,11.74,8,0,0,0,0,0,1,6,72308.69,0.4741,low,0.1429
CUST003846,793,excellent,96.11,89.59,50.79,42.45,97.58,82.1391,4.7,2,0,0,0,0,0,0,5,285538.55,0.1607,low,0.0
CUST003847,788,excellent,78.52,89.47,95.88,59.33,67.01,81.3371,13.77,18,2,0,0,0,0,1,0,206589.65,0.8651,low,0.5
CUST003848,742,good,73.93,92.27,30.28,73.73,82.29,73.697,4.62,1,1,1,0,0,0,1,5,36507.57,0.9561,low,0.1667
CUST003849,851,excellent,95.8,99.07,96.69,53.25,87.22,91.7996,4.87,10,1,0,0,0,0,1,4,228701.0,0.7398,low,0.2
CUST003850,809,excellent,97.34,84.31,78.36,42.7,93.97,84.7856,11.82,9,0,0,0,0,0,0,2,42527.96,0.1275,low,0.0
CUST003851,846,excellent,95.88,99.1,85.75,49.4,98.45,90.9347,5.18,12,0,0,0,0,0,0,3,38763.84,0.0649,low,0.0
CUST003852,821,excellent,90.03,97.97,61.87,71.07,95.7,86.8604,8.98,3,0,0,0,0,0,2,1,511368.99,0.9148,low,0.6667
CUST003853,809,excellent,96.22,98.36,28.07,76.35,97.47,84.7777,2.31,0,0,0,0,0,0,2,2,24430.37,0.8329,low,0.5
CUST003854,842,excellent,99.73,89.31,93.95,45.49,99.39,90.2801,10.36,20,0,0,0,0,0,1,0,654392.34,0.9183,low,0.5
CUST003855,822,excellent,94.53,79.34,83.47,77.82,98.82,87.0711,13.55,9,0,0,0,0,0,1,0,52834.37,0.6364,low,0.5
CUST003856,808,excellent,95.82,76.38,93.32,75.03,66.43,84.5944,14.18,15,2,0,0,0,0,1,0,82757.57,0.837,low,0.5
CUST003857,785,excellent,85.12,87.01,49.72,83.29,90.81,80.7612,12.04,4,1,0,0,0,0,2,5,330689.8,0.8082,low,0.2857
CUST003858,790,excellent,89.28,83.13,94.66,41.19,71.67,81.6737,14.65,10,2,0,0,0,0,0,4,73744.91,0.0686,low,0.0
CUST003859,720,good,59.72,90.8,86.68,47.34,40.74,69.9506,3.55,15,3,2,0,0,0,0,0,119239.77,0.1578,low,0.0
CUST003860,787,excellent,90.8,89.64,66.68,43.35,80.84,81.0943,12.77,9,1,0,0,0,0,0,5,105686.92,0.0877,low,0.0
CUST003861,809,excellent,95.77,89.5,51.43,79.51,88.64,84.8957,8.37,3,1,0,0,0,0,2,3,57854.37,0.8516,low,0.4
CUST003862,639,high_risk,9.07,95.33,99.21,49.42,48.72,56.4708,7.44,13,3,5,1,1,1,0,4,54392.37,0.6364,low,0.0
CUST003863,841,excellent,99.77,95.31,89.38,36.26,96.18,90.1644,4.84,12,0,0,0,0,0,0,2,42541.26,0.0698,low,0.0
CUST003864,834,excellent,99.68,88.5,86.51,46.22,99.63,89.0015,13.34,19,0,0,0,0,0,1,2,30423.63,0.6475,low,0.3333
CUST003865,836,excellent,99.86,97.19,67.04,57.3,94.96,89.3903,5.6,7,0,0,0,0,0,1,6,310348.02,0.399,low,0.1429
CUST003866,781,excellent,97.15,90.21,35.26,47.72,90.29,80.1585,2.14,1,1,0,0,0,0,1,2,36669.66,0.8847,low,0.3333
CUST003867,804,excellent,79.08,91.41,88.54,63.8,93.16,84.08,0.43,13,0,0,0,0,0,1,5,94446.76,0.9825,low,0.1667
CUST003868,811,excellent,89.65,94.17,79.46,55.24,81.0,85.1718,3.42,7,1,0,0,0,0,1,0,69449.87,0.4284,low,0.5
CUST003869,725,good,41.29,97.39,85.68,42.88,99.86,70.7956,1.46,12,0,2,0,0,0,0,5,90669.08,0.1131,low,0.0
CUST003870,578,high_risk,12.19,88.86,58.48,43.14,23.08,46.3188,7.68,2,6,3,0,1,1,0,1,106514.41,0.4055,low,0.0
CUST003871,813,excellent,96.54,96.18,73.01,37.86,81.72,85.5506,5.14,7,1,0,0,0,0,0,4,36741.93,0.0828,low,0.0
CUST003872,817,excellent,87.82,96.57,75.04,60.27,92.22,86.2106,3.15,5,0,0,0,0,0,1,4,33486.48,0.7396,low,0.2
CUST003873,833,excellent,96.36,99.61,82.57,46.39,81.51,88.7848,2.86,5,1,0,0,0,0,0,6,18733.0,0.0763,low,0.0
CUST003874,773,excellent,96.35,96.12,20.22,38.99,93.6,78.8526,6.03,0,0,0,0,0,0,0,3,263487.81,0.1271,low,0.0
CUST003875,778,excellent,85.76,99.8,47.2,30.77,94.78,79.5921,4.97,1,0,0,0,0,0,0,2,216053.62,0.1062,low,0.0
CUST003876,676,risky,20.03,94.07,84.68,67.46,89.58,62.6361,5.54,6,1,3,0,0,0,1,7,20655.98,2.036,moderate,0.125
CUST003877,851,excellent,96.17,97.77,86.46,64.64,93.9,91.8135,9.5,15,0,0,0,0,0,1,5,150183.42,0.758,low,0.1667
CUST003878,653,risky,30.25,91.42,75.36,64.17,40.54,58.7871,6.61,9,3,3,0,0,0,1,0,103910.05,1.2139,low,0.5
CUST003879,836,excellent,98.38,90.69,99.3,37.17,90.56,89.3087,7.68,12,0,0,0,0,0,0,0,172536.21,0.0991,low,0.0
CUST003880,807,excellent,96.78,76.38,86.35,49.03,97.9,84.4308,13.75,14,0,0,0,0,0,0,5,106615.04,0.0334,low,0.0
CUST003881,784,excellent,94.4,84.76,58.97,35.16,98.25,80.6555,14.71,4,0,0,0,0,0,0,7,59898.42,0.0831,low,0.0
CUST003882,854,excellent,96.37,95.78,97.36,61.65,91.06,92.3393,1.52,15,1,0,0,0,0,1,6,116629.28,0.9397,low,0.1429
CUST003883,856,excellent,93.22,98.47,95.07,64.41,98.08,92.6782,4.9,14,0,0,0,0,0,1,0,42239.0,0.9183,low,0.5
CUST003884,771,excellent,76.2,92.21,76.84,61.0,65.07,78.4634,5.35,6,2,0,0,0,0,1,7,202438.86,0.4622,low,0.125
CUST003885,742,good,66.76,80.82,71.52,62.54,91.44,73.7381,12.87,7,0,1,0,0,0,1,0,28287.91,0.9904,low,0.5
CUST003886,800,excellent,89.26,89.33,81.35,46.12,84.83,83.3377,11.14,7,1,0,0,0,0,0,5,17619.43,0.0363,low,0.0
CUST003887,813,excellent,85.34,95.61,79.87,49.5,99.55,85.4383,6.37,5,0,0,0,0,0,0,7,133922.8,0.1032,low,0.0
CUST003888,812,excellent,92.91,90.28,81.04,35.1,99.82,85.2528,6.84,8,0,0,0,0,0,0,0,178277.36,0.0758,low,0.0
CUST003889,814,excellent,96.4,82.96,91.75,42.15,90.88,85.6927,11.69,12,0,0,0,0,0,0,7,121700.23,0.0508,low,0.0
CUST003890,843,excellent,89.86,96.1,87.15,74.84,95.83,90.4194,5.58,20,0,0,0,0,0,1,6,231092.14,0.9318,low,0.1429
CUST003891,847,excellent,97.81,99.99,91.07,49.39,83.38,91.1663,7.3,14,1,0,0,0,0,0,5,40828.78,0.1349,low,0.0
CUST003892,831,excellent,98.97,90.76,91.2,59.52,70.7,88.5707,2.22,10,2,0,0,0,0,1,2,37621.45,0.4262,low,0.3333
CUST003893,719,good,56.43,99.59,90.55,38.71,27.91,69.8705,0.64,12,5,2,0,0,0,0,2,99523.12,0.222,low,0.0
CUST003894,851,excellent,97.82,96.86,89.76,61.0,90.5,91.9092,7.15,16,0,0,0,0,0,1,6,145497.52,0.8322,low,0.1429
CUST003895,664,risky,53.39,75.19,60.0,34.34,70.11,60.6898,12.56,4,2,3,0,0,0,0,4,79920.63,0.0484,low,0.0
CUST003896,750,excellent,87.0,77.07,57.58,30.6,97.78,75.0465,14.91,2,0,0,0,0,0,0,7,6417.49,0.0666,low,0.0
CUST003897,706,good,59.03,66.01,92.32,71.95,61.74,67.6832,37.43,15,3,4,0,0,0,2,3,56288.35,0.6972,low,0.4
CUST003898,697,risky,49.14,89.08,92.73,38.37,44.93,66.1619,9.75,11,4,1,0,0,0,0,0,771173.82,0.1294,low,0.0
CUST003899,611,high_risk,8.12,88.7,85.57,42.64,52.44,51.7961,13.74,14,3,3,0,1,1,0,1,41206.73,0.3289,low,0.0
CUST003900,693,risky,46.84,76.94,81.72,69.65,78.22,65.5172,14.41,8,2,2,0,0,0,1,4,176207.7,1.2416,low,0.2
CUST003901,637,high_risk,43.32,86.05,12.76,63.07,79.97,56.1943,12.27,0,2,2,0,0,0,0,6,109996.0,1.2288,low,0.0
CUST003902,774,excellent,71.94,96.26,92.04,31.83,80.34,79.0802,2.31,13,1,0,0,0,0,0,3,62998.23,0.0501,low,0.0
CUST003903,726,good,99.08,79.94,11.61,36.93,69.02,70.9961,11.37,0,2,0,0,0,0,0,4,51218.04,0.1105,low,0.0
CUST003904,798,excellent,95.33,75.13,93.66,39.22,90.76,82.9519,12.72,11,0,0,0,0,0,0,6,98711.77,0.0125,low,0.0
CUST003905,776,excellent,90.59,76.38,68.39,48.86,95.47,79.3123,13.62,5,0,0,0,0,0,1,2,39697.88,0.994,low,0.3333
CUST003906,797,excellent,90.29,98.8,49.44,46.52,96.02,82.9122,4.26,3,0,0,0,0,0,1,4,73981.79,0.6719,low,0.2
CUST003907,836,excellent,91.86,95.04,89.11,54.41,98.27,89.2968,6.2,16,0,0,0,0,0,1,2,6270.03,0.8686,low,0.3333
CUST003908,807,excellent,85.03,90.54,95.59,42.87,89.75,84.5236,6.86,18,1,0,0,0,0,0,0,90654.15,0.1326,low,0.0
CUST003909,833,excellent,87.56,94.09,93.92,81.26,77.59,88.8448,5.64,13,2,0,0,0,0,2,2,100693.83,0.4739,low,0.5
CUST003910,805,excellent,94.96,93.14,61.12,47.52,90.65,84.161,5.75,4,0,0,0,0,0,1,2,78409.3,0.6729,low,0.3333
CUST003911,807,excellent,91.47,91.94,74.63,36.41,99.85,84.4197,8.99,5,0,0,0,0,0,0,1,66160.81,0.0289,low,0.0
CUST003912,773,excellent,98.56,97.69,19.76,30.52,90.87,78.906,1.51,0,1,0,0,0,0,0,7,362182.38,0.1389,low,0.0
CUST003913,808,excellent,87.68,92.35,92.05,38.06,86.55,84.6592,2.64,15,1,0,0,0,0,0,1,63565.8,0.0942,low,0.0
CUST003914,792,excellent,96.34,83.72,69.7,30.44,95.93,81.9248,12.04,9,0,0,0,0,0,0,4,180582.57,0.029,low,0.0
CUST003915,686,risky,46.68,96.94,68.64,37.12,49.15,64.3416,8.17,7,4,3,0,0,0,0,0,29682.74,0.1217,low,0.0
CUST003916,801,excellent,96.06,90.54,68.34,30.72,93.73,83.4804,4.99,5,0,0,0,0,0,0,0,47335.44,0.1106,low,0.0
CUST003917,773,excellent,89.86,99.94,28.59,36.87,94.12,78.8196,7.76,0,0,0,0,0,0,0,5,35951.19,0.1386,low,0.0
CUST003918,773,excellent,89.42,83.61,69.54,31.17,89.09,78.8374,10.11,6,1,0,0,0,0,0,2,59074.17,0.0031,low,0.0
CUST003919,656,risky,42.38,89.49,46.02,37.67,70.17,59.3684,14.39,2,2,1,0,0,0,0,4,11397.89,0.2066,low,0.0
CUST003920,612,high_risk,19.76,88.72,59.06,32.31,64.36,52.0591,3.74,2,3,7,0,0,1,0,5,20251.88,0.4944,low,0.0
CUST003921,609,high_risk,14.07,94.93,65.85,68.53,24.35,51.569,4.72,9,6,6,0,0,0,1,4,109665.64,1.6013,moderate,0.2
CUST003922,769,excellent,97.25,94.59,24.05,36.08,85.54,78.1824,4.68,0,1,0,0,0,0,0,6,100499.16,0.081,low,0.0
CUST003923,811,excellent,88.47,96.26,78.16,44.46,91.05,85.1167,5.23,5,1,0,0,0,0,0,0,64359.1,0.1169,low,0.0
CUST003924,731,good,43.55,87.63,98.4,71.97,93.68,71.8548,11.47,16,0,4,0,0,0,1,5,30143.73,1.1103,low,0.1667
CUST003925,816,excellent,91.11,88.38,93.11,37.2,98.74,85.9648,11.82,14,0,0,0,0,0,0,4,43861.73,0.0613,low,0.0
CUST003926,637,high_risk,46.5,87.08,23.94,37.18,65.34,56.2424,10.46,0,2,2,0,0,0,0,6,286429.22,0.1393,low,0.0
CUST003927,662,risky,38.43,88.87,55.01,75.2,54.37,60.3181,3.12,2,4,3,0,0,0,1,3,29041.0,1.461,low,0.25
CUST003928,772,excellent,71.97,88.0,85.23,51.75,92.0,78.7472,14.4,16,0,0,0,0,0,1,6,112207.92,0.8627,low,0.1429
CUST003929,677,risky,19.36,99.75,89.72,74.36,63.1,62.9067,8.29,12,4,5,0,0,0,1,3,96727.25,1.6219,moderate,0.25
CUST003930,822,excellent,98.4,92.72,86.47,30.39,86.97,86.9627,5.94,17,1,0,0,0,0,0,5,15542.39,0.1106,low,0.0
CUST003931,778,excellent,91.4,88.69,45.59,44.85,96.88,79.6062,2.88,1,0,0,0,0,0,0,4,24322.69,0.0551,low,0.0
CUST003932,777,excellent,90.01,92.59,45.19,43.42,90.44,79.4439,5.1,2,1,0,0,0,0,0,1,124739.09,0.1027,low,0.0
CUST003933,848,excellent,94.23,98.36,85.96,67.67,92.24,91.3724,1.02,10,0,0,0,0,0,2,4,201366.68,0.7859,low,0.3333
CUST003934,687,risky,38.87,96.6,66.82,48.02,71.19,64.5255,0.87,6,2,4,0,0,0,0,3,183693.95,0.0392,low,0.0
CUST003935,639,high_risk,16.85,92.88,94.86,41.2,43.2,56.4293,3.05,11,6,6,0,0,1,0,4,12290.7,0.5457,low,0.0
CUST003936,683,risky,35.1,90.56,72.62,43.03,92.6,63.9089,9.84,9,0,1,0,0,0,0,1,342033.74,0.0659,low,0.0
CUST003937,778,excellent,96.45,84.97,68.78,32.54,68.44,79.6648,12.12,8,2,0,0,0,0,0,4,655074.63,0.1014,low,0.0
CUST003938,815,excellent,93.88,83.51,92.8,66.5,74.04,85.8875,12.76,19,2,0,0,0,0,1,5,75102.47,0.6622,low,0.1667
CUST003939,811,excellent,71.8,97.33,83.52,86.84,96.84,85.2242,2.94,5,0,0,0,0,0,2,7,62090.86,0.7237,low,0.2222
CUST003940,789,excellent,99.91,79.34,62.31,41.37,93.16,81.5717,12.01,4,0,0,0,0,0,0,5,76404.11,0.0269,low,0.0
CUST003941,777,excellent,71.29,81.11,93.55,66.75,94.91,79.4858,10.55,16,0,0,0,0,0,1,2,159417.96,0.3997,low,0.3333
CUST003942,567,high_risk,10.57,94.53,34.02,30.37,42.94,44.4909,5.43,1,5,3,0,0,0,0,4,242971.45,0.6345,low,0.0
CUST003943,823,excellent,94.54,94.46,70.17,57.38,95.35,87.2245,3.56,5,0,0,0,0,0,1,1,65073.95,0.3978,low,0.5
CUST003944,728,good,63.27,90.5,85.68,41.85,49.95,71.325,8.3,10,3,4,0,0,0,0,3,31604.02,0.2394,low,0.0
CUST003945,781,excellent,90.41,78.34,56.64,65.79,98.86,80.1058,14.24,4,0,0,0,0,0,2,4,460571.97,0.5692,low,0.3333
CUST003946,843,excellent,85.19,95.25,98.08,77.49,96.65,90.5146,8.1,16,0,0,0,0,0,1,3,347617.98,0.7725,low,0.25
CUST003947,616,high_risk,11.93,90.28,67.96,37.6,74.42,52.6567,5.26,5,2,8,0,1,1,0,3,101452.17,0.5367,low,0.0
CUST003948,641,high_risk,55.66,80.32,37.59,35.6,41.28,56.9054,10.19,1,3,1,0,0,0,0,3,16542.76,0.064,low,0.0
CUST003949,799,excellent,86.96,83.74,80.55,56.48,98.86,83.1736,12.22,5,0,0,0,0,0,1,4,665971.71,0.8192,low,0.2
CUST003950,801,excellent,91.19,92.32,66.04,60.6,78.79,83.4588,9.06,7,2,0,0,0,0,1,3,79799.22,0.9147,low,0.25
CUST003951,667,risky,25.65,79.74,87.92,78.81,81.89,61.1568,14.07,18,1,7,0,0,0,1,6,64143.88,1.6293,moderate,0.1429
CUST003952,716,good,88.28,80.83,11.35,43.29,82.01,69.3787,12.09,0,1,0,0,0,0,0,6,55072.28,0.0392,low,0.0
CUST003953,667,risky,52.42,75.24,73.5,45.89,46.42,61.1724,13.81,9,4,3,0,0,0,0,3,91011.81,0.2139,low,0.0
CUST003954,828,excellent,87.59,95.21,95.8,47.02,97.14,88.0057,9.77,11,0,0,0,0,0,0,0,782358.69,0.0478,low,0.0
CUST003955,754,excellent,71.12,93.27,46.56,75.81,81.93,75.6327,9.82,4,1,0,0,0,0,1,1,599057.0,0.4309,low,0.5
CUST003956,801,excellent,93.76,82.71,85.07,37.29,93.95,83.5107,11.09,12,0,0,0,0,0,0,6,51361.13,0.0547,low,0.0
CUST003957,756,excellent,87.95,94.6,44.75,36.29,65.58,76.0638,2.54,1,2,0,0,0,0,0,0,241967.33,0.0467,low,0.0
CUST003958,804,excellent,91.78,95.23,85.96,33.34,70.85,84.0034,2.02,17,2,0,0,0,0,0,5,104050.79,0.0295,low,0.0
CUST003959,622,high_risk,15.37,85.44,88.56,63.58,40.85,53.7369,14.55,11,6,6,0,0,0,1,4,79406.59,2.2347,moderate,0.2
CUST003960,611,high_risk,13.71,76.11,66.32,46.93,94.87,51.7608,13.7,7,0,3,0,0,1,0,5,132038.83,0.2422,low,0.0
CUST003961,713,good,56.27,88.71,78.89,32.22,73.96,68.7582,6.8,9,2,2,0,0,0,0,1,44148.89,0.1749,low,0.0
CUST003962,797,excellent,94.88,79.85,67.75,64.8,90.44,82.8493,27.16,9,0,0,0,0,0,1,4,232937.98,0.5677,low,0.2
CUST003963,767,excellent,89.22,84.54,49.06,71.6,66.94,77.8009,14.44,3,2,0,0,0,0,1,6,597259.91,0.4163,low,0.1429
CUST003964,744,good,76.38,91.14,47.06,41.73,87.23,74.0302,6.02,2,1,0,0,0,0,0,1,172405.34,0.0174,low,0.0
CUST003965,734,good,58.65,94.97,84.12,36.31,71.17,72.3841,1.05,7,2,4,0,0,0,0,4,160054.06,0.0935,low,0.0
CUST003966,818,excellent,98.0,84.89,80.48,62.96,81.89,86.3234,13.92,9,1,0,0,0,0,1,7,104033.93,0.4765,low,0.125
CUST003967,750,excellent,71.64,85.74,60.42,65.34,86.37,75.0301,12.06,3,1,1,0,0,0,1,2,526583.76,0.8879,low,0.3333
CUST003968,801,excellent,95.86,89.4,69.18,31.42,96.85,83.5743,4.07,9,0,0,0,0,0,0,0,805726.88,0.0067,low,0.0
CUST003969,727,good,66.22,96.18,37.89,35.37,98.46,71.0987,4.68,1,0,0,0,0,0,0,2,116998.11,0.0541,low,0.0
CUST003970,806,excellent,89.23,97.78,71.76,49.86,80.05,84.3179,0.04,8,1,0,0,0,0,0,0,58511.71,0.0453,low,0.0
CUST003971,824,excellent,88.46,91.17,91.22,58.21,94.96,87.3129,2.55,18,0,0,0,0,0,1,4,95134.36,0.6755,low,0.2
CUST003972,811,excellent,98.48,97.77,50.0,47.33,92.01,85.2326,4.68,4,0,0,0,0,0,0,0,178408.5,0.138,low,0.0
CUST003973,785,excellent,90.77,78.45,74.27,47.18,96.9,80.8509,11.36,6,0,0,0,0,0,1,4,179446.54,0.9955,low,0.2
CUST003974,727,good,85.23,45.31,94.25,45.74,90.42,71.175,54.2,13,1,0,0,0,0,1,4,39709.91,0.3779,low,0.2
CUST003975,696,risky,52.93,75.96,97.72,68.84,41.03,65.9588,14.83,20,3,4,0,0,0,1,6,479510.67,1.2311,low,0.1429
CUST003976,712,good,57.12,93.25,61.4,39.79,75.24,68.68,9.12,2,2,4,0,0,0,0,4,49444.92,0.0091,low,0.0
CUST003977,819,excellent,86.23,85.9,97.56,78.02,81.19,86.5056,12.89,10,1,0,0,0,0,1,4,238024.15,0.9197,low,0.2
CUST003978,666,risky,38.27,77.89,74.13,47.78,83.81,61.0375,14.6,9,1,1,0,0,0,0,4,22543.24,0.0959,low,0.0
CUST003979,648,high_risk,23.86,98.7,87.53,40.72,28.16,57.9787,7.91,12,5,5,0,0,1,0,4,54348.65,0.4906,low,0.0
CUST003980,792,excellent,86.17,83.4,80.13,48.93,98.7,81.9594,13.63,8,0,0,0,0,0,1,7,79171.38,0.4796,low,0.125
CUST003981,807,excellent,90.63,86.87,94.04,31.26,95.36,84.5501,13.34,16,0,0,0,0,0,0,6,111241.97,0.0599,low,0.0
CUST003982,787,excellent,85.97,83.21,81.54,44.38,94.8,81.2019,12.32,7,0,0,0,0,0,0,2,89134.9,0.0363,low,0.0
CUST003983,669,risky,50.36,89.68,35.51,44.68,71.89,61.5119,3.77,1,2,3,0,0,0,0,4,48753.98,0.0606,low,0.0
CUST003984,817,excellent,96.09,99.14,68.2,30.56,95.36,86.1972,0.4,9,0,0,0,0,0,0,0,429176.87,0.1086,low,0.0
CUST003985,809,excellent,92.87,86.96,94.25,33.22,87.41,84.7912,13.19,10,1,0,0,0,0,0,4,366068.74,0.0224,low,0.0
CUST003986,765,excellent,72.96,79.3,84.98,62.1,91.61,77.4449,13.39,5,1,0,0,0,0,1,6,100109.18,0.7603,low,0.1429
CUST003987,850,excellent,98.7,91.05,98.35,63.15,86.87,91.6131,5.64,14,1,0,0,0,0,1,5,217310.0,0.709,low,0.1667
CUST003988,828,excellent,94.23,81.94,91.4,74.69,92.86,88.0276,13.29,11,0,0,0,0,0,1,4,76638.98,0.7772,low,0.2
CUST003989,849,excellent,99.43,89.06,92.67,67.75,93.34,91.5262,9.48,14,0,0,0,0,0,1,4,35492.23,0.5989,low,0.2
CUST003990,739,good,66.51,98.18,45.59,38.44,97.98,73.214,2.91,3,0,0,0,0,0,0,5,158413.66,0.0743,low,0.0
CUST003991,775,excellent,95.05,79.72,56.56,41.59,92.56,79.0834,10.98,3,0,0,0,0,0,0,7,268969.74,0.0785,low,0.0
CUST003992,784,excellent,98.99,92.43,41.29,38.19,82.5,80.6386,9.14,1,1,0,0,0,0,0,7,488728.0,0.0083,low,0.0
CUST003993,770,excellent,85.51,80.32,81.62,31.17,90.02,78.3879,13.91,6,0,0,0,0,0,0,0,59822.81,0.0672,low,0.0
CUST003994,740,good,56.4,99.77,87.82,38.44,67.0,73.3891,5.67,16,2,1,0,0,0,0,3,121006.98,0.0638,low,0.0
CUST003995,765,excellent,54.02,99.81,95.25,79.32,74.91,77.5596,8.38,12,2,4,0,0,0,1,0,117861.05,1.1778,low,0.5
CUST003996,845,excellent,93.89,93.74,96.25,60.94,93.78,90.8955,3.14,13,0,0,0,0,0,1,7,12391.66,0.9552,low,0.125
CUST003997,771,excellent,73.24,84.03,97.4,47.27,83.57,78.5346,13.05,13,1,1,0,0,0,1,4,60490.49,0.7072,low,0.2
CUST003998,795,excellent,98.65,80.07,68.42,36.21,99.96,82.4291,11.85,7,0,0,0,0,0,0,1,101996.84,0.0618,low,0.0
CUST003999,806,excellent,99.38,75.52,78.3,64.08,87.09,84.3008,10.39,8,1,0,0,0,0,1,5,113472.7,0.4347,low,0.1667
CUST004000,817,excellent,89.96,75.19,92.67,85.33,97.35,86.2088,14.29,19,0,0,0,0,0,2,7,76920.81,0.5849,low,0.2222
CUST004001,810,excellent,89.03,88.46,93.41,32.61,99.57,84.9276,12.75,12,0,0,0,0,0,0,1,18467.52,0.1463,low,0.0
CUST004002,808,excellent,93.02,83.69,90.7,34.54,99.57,84.6801,14.88,15,0,0,0,0,0,0,7,107364.61,0.1335,low,0.0
CUST004003,743,good,62.33,80.29,94.88,56.77,80.85,73.8978,29.72,12,1,1,0,0,0,0,5,267757.93,0.2156,low,0.0
CUST004004,800,excellent,94.67,84.09,70.63,48.31,95.48,83.3348,10.46,7,0,0,0,0,0,0,4,166948.58,0.0954,low,0.0
CUST004005,771,excellent,85.57,95.05,45.68,57.75,74.03,78.4959,2.34,3,2,0,0,0,0,1,6,56439.36,0.7422,low,0.1429
CUST004006,807,excellent,94.1,88.27,67.44,62.94,85.92,84.4178,2.77,7,1,0,0,0,0,1,1,135032.86,0.9964,low,0.5
CUST004007,844,excellent,87.92,99.13,91.79,67.82,96.57,90.7155,7.96,14,0,0,0,0,0,2,2,49640.78,0.8744,low,0.5
CUST004008,773,excellent,99.43,90.44,32.54,37.09,82.64,78.7865,9.5,1,1,0,0,0,0,0,1,73737.47,0.0107,low,0.0
CUST004009,595,high_risk,19.91,75.69,87.37,41.4,22.7,49.1879,14.15,20,6,4,0,0,1,0,4,84221.98,0.2355,low,0.0
CUST004010,848,excellent,90.79,98.61,88.24,73.5,93.33,91.2795,1.54,14,0,0,0,0,0,1,3,151746.85,0.9117,low,0.25
CUST004011,577,high_risk,17.58,92.39,47.27,42.07,9.27,46.0921,5.72,1,7,6,1,0,1,0,1,953918.75,0.4686,low,0.0
CUST004012,808,excellent,94.47,89.66,82.45,30.36,93.81,84.7461,11.2,7,0,0,0,0,0,0,7,60859.9,0.1256,low,0.0
CUST004013,644,high_risk,28.19,89.12,62.66,45.17,67.62,57.2795,10.88,2,2,5,0,0,1,0,6,55588.65,0.2185,low,0.0
CUST004014,786,excellent,89.59,75.97,94.1,34.06,93.15,80.981,13.45,20,0,0,0,0,0,0,5,439611.62,0.1453,low,0.0
CUST004015,785,excellent,91.3,52.17,97.96,92.38,92.8,80.8183,52.6,14,0,0,0,0,0,2,7,21682.8,0.6148,low,0.2222
CUST004016,769,excellent,99.14,85.63,31.04,43.78,87.33,78.154,12.58,1,1,0,0,0,0,0,5,23544.65,0.0595,low,0.0
CUST004017,810,excellent,94.69,77.28,94.38,57.43,87.86,85.0105,28.98,12,1,0,0,0,0,0,1,28368.52,0.0093,low,0.0
CUST004018,819,excellent,86.13,98.59,82.68,47.19,96.99,86.5434,0.01,7,0,0,0,0,0,0,3,77029.83,0.1107,low,0.0
CUST004019,767,excellent,89.99,98.91,42.67,30.12,73.1,77.8917,9.21,1,2,0,0,0,0,0,7,74961.79,0.1012,low,0.0
CUST004020,785,excellent,92.53,99.6,48.6,47.39,65.79,80.8732,2.83,3,2,0,0,0,0,0,1,111193.81,0.1173,low,0.0
CUST004021,777,excellent,87.95,89.66,49.73,52.33,91.38,79.5086,14.57,3,0,0,0,0,0,1,1,57647.43,0.669,low,0.5
CUST004022,776,excellent,90.47,78.04,50.23,69.7,96.9,79.2694,10.12,2,0,0,0,0,0,1,7,287745.0,0.3359,low,0.125
CUST004023,699,risky,63.71,93.97,32.51,45.52,65.32,66.4499,0.4,1,2,2,0,0,0,0,6,41729.95,0.15,low,0.0
CUST004024,639,high_risk,28.88,83.84,59.54,30.35,93.03,56.5267,13.95,2,0,4,0,0,0,0,6,85144.08,0.2024,low,0.0
CUST004025,722,good,72.14,90.39,27.03,40.04,99.41,70.3678,6.68,0,0,0,0,0,0,0,4,111681.7,0.004,low,0.0
CUST004026,763,excellent,91.0,83.21,48.82,30.27,99.48,77.1126,14.64,3,0,0,0,0,0,0,6,28519.92,0.0798,low,0.0
CUST004027,828,excellent,93.84,96.13,89.26,35.46,93.86,88.0053,6.78,19,0,0,0,0,0,0,6,115604.2,0.0917,low,0.0
CUST004028,800,excellent,96.28,82.61,84.88,31.73,89.23,83.3096,14.77,7,1,0,0,0,0,0,3,169019.08,0.0544,low,0.0
CUST004029,782,excellent,95.61,77.38,68.36,46.75,86.52,80.2583,12.11,8,1,0,0,0,0,0,7,256527.92,0.0898,low,0.0
CUST004030,767,excellent,91.99,92.11,43.17,31.01,84.75,77.8838,5.4,1,1,0,0,0,0,0,2,138938.46,0.0025,low,0.0
CUST004031,766,excellent,85.8,76.1,67.03,49.47,97.67,77.6282,10.72,9,0,0,0,0,0,1,1,108362.71,0.7661,low,0.5
CUST004032,784,excellent,88.32,81.41,89.5,32.96,86.91,80.7438,14.83,14,1,0,0,0,0,0,2,30132.48,0.0385,low,0.0
CUST004033,738,good,52.89,98.22,84.38,31.96,92.42,73.0732,5.76,6,0,2,0,0,0,0,1,220338.17,0.1634,low,0.0
CUST004034,644,high_risk,12.63,98.12,89.25,48.88,52.66,57.3992,8.21,15,4,0,0,1,1,0,6,49647.12,0.5228,low,0.0
CUST004035,767,excellent,93.26,71.2,51.07,72.4,88.68,77.7667,32.61,3,1,0,0,0,0,1,0,138532.08,0.785,low,0.5
CUST004036,724,good,46.45,96.66,85.3,39.64,87.32,70.7485,2.29,11,1,3,0,0,0,0,7,242976.43,0.0213,low,0.0
CUST004037,567,high_risk,12.21,78.39,57.69,38.79,41.54,44.476,14.88,3,3,1,0,1,1,0,5,25776.89,0.5166,low,0.0
CUST004038,803,excellent,89.45,80.6,91.67,53.39,92.52,83.828,11.54,16,0,0,0,0,0,1,3,126804.57,0.5711,low,0.25
CUST004039,707,good,45.47,91.37,85.78,42.77,74.01,67.8683,2.66,17,2,3,0,0,0,0,2,82485.28,0.1438,low,0.0
CUST004040,864,excellent,94.86,91.68,99.49,91.52,91.57,93.9343,1.35,12,0,0,0,0,0,2,3,52567.92,0.3491,low,0.4
CUST004041,820,excellent,85.42,95.43,90.76,54.24,90.22,86.5869,7.22,12,0,0,0,0,0,1,7,178351.47,0.8635,low,0.125
CUST004042,758,excellent,97.03,75.76,15.13,76.39,97.13,76.3109,14.87,0,0,0,0,0,0,1,0,213286.24,0.3846,low,0.5
CUST004043,776,excellent,92.31,77.45,70.35,40.48,91.58,79.3047,12.98,6,0,0,0,0,0,0,0,269288.68,0.1524,low,0.0
CUST004044,842,excellent,97.06,94.96,91.49,49.89,91.57,90.3262,4.56,15,0,0,0,0,0,1,4,53855.87,0.6697,low,0.2
CUST004045,821,excellent,96.78,91.68,81.34,41.27,91.26,86.8312,6.74,8,0,0,0,0,0,0,4,297455.42,0.0822,low,0.0
CUST004046,676,risky,58.12,94.48,35.75,42.3,43.9,62.6684,6.79,1,3,2,0,0,0,0,5,53388.38,0.1563,low,0.0
CUST004047,833,excellent,97.58,89.79,99.48,37.75,90.54,88.8417,11.07,14,0,0,0,0,0,0,2,339170.84,0.0065,low,0.0
CUST004048,811,excellent,87.83,89.35,99.91,46.69,80.49,85.249,11.97,14,1,0,0,0,0,0,3,712805.23,0.1438,low,0.0
CUST004049,855,excellent,96.41,92.2,99.57,71.06,90.89,92.536,9.74,17,0,0,0,0,0,1,7,125879.25,0.583,low,0.125
CUST004050,822,excellent,99.6,88.48,73.59,48.91,96.28,86.962,9.13,6,0,0,0,0,0,1,0,134369.95,0.4823,low,0.5
CUST004051,806,excellent,90.95,88.27,84.43,48.91,83.99,84.2661,1.27,5,1,0,0,0,0,1,1,290093.54,0.7123,low,0.5
CUST004052,744,good,89.49,91.54,11.86,68.51,65.11,73.9217,3.13,0,2,0,0,0,0,1,5,32018.48,0.4788,low,0.1667
CUST004053,741,good,76.04,78.59,74.69,37.98,83.49,73.5419,11.9,7,1,1,0,0,0,0,1,56862.66,0.0041,low,0.0
CUST004054,818,excellent,94.87,97.93,47.4,75.03,91.78,86.3756,4.22,3,1,0,0,0,0,1,3,112124.09,0.6123,low,0.25
CUST004055,828,excellent,92.72,93.89,88.02,47.23,95.24,88.0678,4.2,13,0,0,0,0,0,0,7,52783.21,0.0428,low,0.0
CUST004056,843,excellent,88.48,96.79,99.82,65.02,90.36,90.5161,3.41,14,1,0,0,0,0,1,3,46555.04,0.9059,low,0.25
CUST004057,602,high_risk,18.17,78.02,76.37,49.26,41.29,50.2763,11.76,5,5,3,0,0,1,0,1,57709.41,0.657,low,0.0
CUST004058,765,excellent,86.82,98.96,22.92,43.13,97.41,77.565,0.83,0,0,0,0,0,0,0,2,592880.11,0.1511,low,0.0
CUST004059,814,excellent,97.83,90.98,66.81,56.46,85.16,85.7153,0.76,5,1,0,0,0,0,1,2,29887.06,0.9023,low,0.3333
CUST004060,622,high_risk,13.27,92.54,90.18,43.19,34.33,53.6866,9.38,18,5,7,0,1,1,0,6,95344.1,0.6555,low,0.0
CUST004061,739,good,75.7,89.25,48.8,34.18,91.47,73.1568,9.22,3,1,0,0,0,0,0,0,63824.16,0.131,low,0.0
CUST004062,810,excellent,69.52,96.03,97.71,81.95,90.6,85.0505,2.81,18,0,0,0,0,0,2,0,678642.71,0.4123,low,0.6667
CUST004063,763,excellent,85.82,77.18,64.34,49.74,92.79,77.0953,11.85,2,0,0,0,0,0,0,2,393084.61,0.1146,low,0.0
CUST004064,792,excellent,95.08,90.64,59.63,45.17,80.18,81.9504,4.93,2,1,0,0,0,0,1,6,125492.13,0.9829,low,0.1429
CUST004065,823,excellent,96.6,90.11,92.75,43.52,80.17,87.1251,8.98,12,1,0,0,0,0,0,5,68975.22,0.1373,low,0.0
CUST004066,747,good,77.1,80.18,62.12,56.7,84.11,74.4371,11.23,3,1,1,0,0,0,1,0,136984.99,0.9322,low,0.5
CUST004067,838,excellent,97.48,98.63,68.23,64.47,93.2,89.7102,1.01,8,0,0,0,0,0,1,6,140970.95,0.9154,low,0.1429
CUST004068,824,excellent,94.29,88.25,96.94,64.77,68.61,87.3548,7.89,20,2,0,0,0,0,1,3,58632.07,0.6843,low,0.25
CUST004069,752,excellent,85.63,78.64,49.23,52.06,91.68,75.3188,10.56,3,1,0,0,0,0,1,7,164990.31,0.8524,low,0.125
CUST004070,824,excellent,97.92,84.58,86.18,48.19,99.49,87.3398,14.46,15,0,0,0,0,0,1,2,395670.24,0.7326,low,0.3333
CUST004071,788,excellent,94.89,75.15,72.32,53.63,93.6,81.3259,12.84,5,0,0,0,0,0,1,5,233944.05,0.8563,low,0.1667
CUST004072,832,excellent,88.39,91.14,86.61,79.1,94.9,88.673,1.89,14,0,0,0,0,0,1,0,121433.59,0.4685,low,0.5
CUST004073,799,excellent,89.85,88.08,68.75,62.83,86.59,83.1288,9.59,7,1,0,0,0,0,1,0,102303.41,0.5904,low,0.5
CUST004074,811,excellent,92.26,90.97,86.59,32.72,93.38,85.1805,5.33,11,0,0,0,0,0,0,3,48883.42,0.117,low,0.0
CUST004075,610,high_risk,9.6,94.74,73.05,37.78,51.45,51.6628,3.51,9,4,3,1,1,1,0,2,82992.68,0.1898,low,0.0
CUST004076,628,high_risk,11.36,91.81,95.46,49.6,38.98,54.6959,0.73,18,6,5,0,0,1,0,3,486143.89,0.3894,low,0.0
CUST004077,803,excellent,85.8,90.54,99.43,32.43,85.12,83.8628,3.31,10,1,0,0,0,0,0,6,48465.09,0.0236,low,0.0
CUST004078,827,excellent,91.02,94.61,72.49,72.25,94.79,87.8182,7.21,9,0,0,0,0,0,1,7,32161.62,0.9426,low,0.125
CUST004079,844,excellent,97.73,88.93,86.01,75.22,93.8,90.6898,8.22,11,0,0,0,0,0,1,4,115277.78,0.5907,low,0.2
CUST004080,826,excellent,73.36,99.09,98.67,77.08,98.1,87.7203,2.57,15,0,0,0,0,0,1,4,605947.27,0.3403,low,0.2
CUST004081,827,excellent,85.59,86.43,94.82,77.89,99.3,87.8252,10.09,18,0,0,0,0,0,1,2,56339.13,0.9965,low,0.3333
CUST004082,796,excellent,85.87,85.07,95.72,43.71,82.93,82.5957,14.12,10,1,0,0,0,0,0,1,160723.69,0.0362,low,0.0
CUST004083,783,excellent,94.85,55.26,99.69,66.02,91.93,80.5268,35.51,15,0,0,0,0,0,1,0,28524.03,0.554,low,0.5
CUST004084,567,high_risk,19.63,81.76,59.66,32.35,8.91,44.4746,11.31,3,7,3,1,0,1,0,6,24784.23,0.5791,low,0.0
CUST004085,844,excellent,87.49,96.05,94.63,78.52,91.61,90.6446,1.96,19,0,0,0,0,0,1,1,43380.69,0.8166,low,0.5
CUST004086,759,excellent,89.48,84.05,46.15,30.55,99.73,76.4818,12.26,3,0,0,0,0,0,0,1,83090.96,0.0138,low,0.0
CUST004087,840,excellent,92.9,95.38,95.57,44.98,99.95,89.9587,7.85,14,0,0,0,0,0,0,4,71776.75,0.0119,low,0.0
CUST004088,828,excellent,93.65,89.57,78.18,73.12,92.35,87.9233,1.62,8,0,0,0,0,0,1,0,170557.82,0.696,low,0.5
CUST004089,799,excellent,92.25,94.78,57.94,46.87,90.36,83.1373,9.4,2,0,0,0,0,0,0,2,50172.09,0.0072,low,0.0
CUST004090,805,excellent,88.09,91.25,84.02,41.76,92.01,84.1871,7.98,7,0,0,0,0,0,0,2,10292.14,0.0184,low,0.0
CUST004091,808,excellent,92.63,94.87,68.52,45.73,88.6,84.594,9.8,7,1,0,0,0,0,1,7,52859.92,0.9749,low,0.125
CUST004092,828,excellent,99.93,91.07,91.9,31.58,87.21,87.962,8.61,12,1,0,0,0,0,0,2,71043.89,0.0613,low,0.0
CUST004093,751,excellent,94.73,75.41,46.32,40.19,84.3,75.1763,10.85,1,1,0,0,0,0,0,4,155967.85,0.125,low,0.0
CUST004094,809,excellent,88.82,83.31,96.07,46.64,97.2,84.8739,10.86,11,0,0,0,0,0,1,3,40476.95,0.9804,low,0.25
CUST004095,837,excellent,91.98,98.17,94.22,45.51,91.11,89.4367,8.25,20,0,0,0,0,0,0,7,236982.27,0.0941,low,0.0
CUST004096,727,good,74.6,80.2,41.09,56.42,91.38,71.1117,13.18,1,0,0,0,0,0,1,5,125025.04,0.5732,low,0.1667
CUST004097,860,excellent,97.84,99.75,72.92,88.81,93.62,93.3505,3.17,8,0,0,0,0,0,2,7,92359.89,0.4378,low,0.2222
CUST004098,797,excellent,76.38,88.38,94.2,54.97,98.88,82.7634,4.94,19,0,0,0,0,0,1,1,108062.82,0.4734,low,0.5
CUST004099,735,good,92.5,76.22,31.45,35.24,90.43,72.524,14.7,0,0,0,0,0,0,0,0,63319.88,0.01,low,0.0
CUST004100,805,excellent,89.22,95.57,76.53,30.45,97.13,84.1373,9.78,7,0,0,0,0,0,0,6,54040.77,0.1051,low,0.0
CUST004101,822,excellent,91.44,93.48,89.68,46.77,88.59,87.0364,4.37,20,1,0,0,0,0,1,6,172255.28,0.7958,low,0.1429
CUST004102,719,good,75.09,93.99,10.27,47.43,90.14,69.7761,4.61,0,0,0,0,0,0,0,5,42529.34,0.1063,low,0.0
CUST004103,735,good,56.14,99.54,59.85,67.58,82.34,72.4813,9.43,3,1,2,0,0,0,1,1,39985.89,1.3017,low,0.5
CUST004104,861,excellent,94.14,95.77,98.51,75.85,94.37,93.4785,8.7,14,0,0,0,0,0,2,3,40511.36,0.9704,low,0.4
CUST004105,845,excellent,94.89,90.66,80.89,83.96,98.99,90.8392,5.56,8,0,0,0,0,0,2,4,196308.23,0.5337,low,0.3333
CUST004106,816,excellent,96.67,91.18,51.0,75.52,95.72,85.9634,3.4,3,0,0,0,0,0,2,1,87609.3,0.8064,low,0.6667
CUST004107,797,excellent,94.05,94.58,52.48,45.87,90.8,82.8331,3.76,3,0,0,0,0,0,0,6,73121.94,0.1218,low,0.0
CUST004108,812,excellent,89.27,89.94,69.19,84.46,83.07,85.3599,0.91,9,1,0,0,0,0,2,3,57720.21,0.6039,low,0.4
CUST004109,809,excellent,90.26,94.75,75.79,43.49,90.67,84.8001,2.97,6,1,0,0,0,0,0,0,43189.97,0.0849,low,0.0
CUST004110,643,high_risk,35.51,76.68,61.32,32.08,92.72,57.1095,11.01,4,0,4,0,0,0,0,5,103622.93,0.0862,low,0.0
CUST004111,679,risky,32.21,93.16,75.75,77.04,58.84,63.1751,6.93,8,3,2,0,0,0,1,0,361334.28,1.0501,low,0.5
CUST004112,789,excellent,87.1,83.63,62.56,74.53,91.21,81.5327,26.47,3,0,0,0,0,0,1,6,14039.98,0.5499,low,0.1429
CUST004113,766,excellent,85.59,89.34,46.84,44.44,95.19,77.7449,6.81,1,0,0,0,0,0,0,4,23799.13,0.0663,low,0.0
CUST004114,797,excellent,94.25,76.6,93.83,36.53,91.52,82.8451,13.75,10,1,0,0,0,0,0,7,295183.22,0.0551,low,0.0
CUST004115,704,good,63.3,89.92,53.84,34.7,67.17,67.3968,6.35,2,2,1,0,0,0,0,2,40352.21,0.0609,low,0.0
CUST004116,853,excellent,99.63,88.15,99.39,62.45,96.55,92.1263,14.3,14,0,0,0,0,0,1,4,52017.32,0.5896,low,0.2
CUST004117,853,excellent,94.23,93.44,97.05,76.02,89.1,92.0836,6.31,18,1,0,0,0,0,1,6,109051.05,0.3729,low,0.1429
CUST004118,752,excellent,87.13,97.66,25.8,30.96,85.27,75.286,1.87,0,1,0,0,0,0,0,0,162433.15,0.1647,low,0.0
CUST004119,839,excellent,98.99,96.56,87.34,39.67,91.64,89.8447,0.03,11,0,0,0,0,0,0,5,76935.13,0.0867,low,0.0
CUST004120,777,excellent,86.56,86.04,73.32,35.21,89.02,79.5289,12.13,5,1,0,0,0,0,0,7,52205.83,0.1561,low,0.0
CUST004121,774,excellent,90.9,94.63,38.77,48.48,81.85,79.053,4.26,1,1,0,0,0,0,0,7,185251.54,0.1648,low,0.0
CUST004122,778,excellent,92.92,74.98,70.94,55.53,84.25,79.6372,31.57,8,1,0,0,0,0,1,0,93432.31,0.8632,low,0.5
CUST004123,797,excellent,92.86,75.47,90.48,44.86,96.07,82.8096,13.13,12,0,0,0,0,0,0,7,236553.06,0.0087,low,0.0
CUST004124,667,risky,21.81,98.79,90.15,71.53,41.49,61.0954,4.6,18,4,3,0,0,0,1,4,88907.96,1.206,low,0.2
CUST004125,784,excellent,93.76,96.46,28.86,48.92,97.49,80.7241,8.43,0,0,0,0,0,0,0,3,142752.93,0.1652,low,0.0
CUST004126,708,good,44.49,86.74,98.12,43.08,73.1,67.9286,11.14,15,2,4,0,0,0,0,6,114335.02,0.0917,low,0.0
CUST004127,831,excellent,97.38,90.71,95.31,41.5,88.41,88.5823,7.97,12,1,0,0,0,0,0,0,21053.93,0.1219,low,0.0
CUST004128,760,excellent,78.88,75.86,93.03,33.0,90.42,76.6634,13.96,17,0,0,0,0,0,0,6,44132.81,0.1205,low,0.0
CUST004129,724,good,62.52,91.34,82.5,36.88,53.01,70.6493,6.39,7,3,2,0,0,0,0,3,90132.96,0.1125,low,0.0
CUST004130,768,excellent,69.73,98.76,71.78,37.89,93.99,77.9898,6.86,6,0,0,0,0,0,0,4,189200.25,0.0007,low,0.0
CUST004131,846,excellent,93.99,96.33,97.25,50.21,96.04,91.005,5.95,20,0,0,0,0,0,1,0,80769.39,0.6349,low,0.5
CUST004132,795,excellent,95.56,88.79,60.37,34.59,99.34,82.5316,1.04,2,0,0,0,0,0,0,1,248287.41,0.0886,low,0.0
CUST004133,768,excellent,93.7,87.36,37.68,47.79,85.47,77.9823,14.88,1,1,0,0,0,0,0,4,27713.65,0.1346,low,0.0
CUST004134,665,risky,39.62,90.06,79.04,36.68,44.05,60.8155,3.82,9,3,4,0,0,0,0,2,145881.31,0.1651,low,0.0
CUST004135,791,excellent,95.89,79.41,75.75,48.65,83.04,81.9155,13.7,6,1,0,0,0,0,0,4,123601.81,0.0037,low,0.0
CUST004136,646,high_risk,18.19,89.84,96.92,38.97,59.96,57.7493,12.92,10,3,7,0,0,1,0,5,214051.22,0.3941,low,0.0
CUST004137,767,excellent,85.17,90.46,63.21,30.54,83.07,77.7905,8.9,2,1,0,0,0,0,0,2,71309.48,0.1001,low,0.0
CUST004138,699,risky,46.19,91.56,68.07,31.44,94.98,66.4861,5.85,9,0,3,0,0,0,0,6,117298.76,0.2324,low,0.0
CUST004139,682,risky,41.22,88.6,86.65,38.81,57.97,63.6855,8.7,14,4,4,0,0,0,0,7,36991.37,0.0152,low,0.0
CUST004140,829,excellent,98.87,90.73,65.62,67.64,98.16,88.2464,6.81,5,0,0,0,0,0,1,3,46334.1,0.9434,low,0.25
CUST004141,747,good,64.91,94.98,89.99,76.96,31.49,74.5572,9.33,10,5,2,0,0,0,1,7,105950.45,1.4364,low,0.125
CUST004142,811,excellent,93.83,88.52,91.33,32.86,87.84,85.1651,12.55,14,1,0,0,0,0,0,2,60889.47,0.072,low,0.0
CUST004143,821,excellent,96.08,88.79,85.08,47.91,90.33,86.8515,0.95,13,1,0,0,0,0,0,0,37701.99,0.0472,low,0.0
CUST004144,824,excellent,91.54,86.85,91.22,56.1,99.98,87.3818,13.29,15,0,0,0,0,0,1,2,32955.3,0.6417,low,0.3333
CUST004145,799,excellent,86.28,82.04,87.02,62.73,91.0,83.2341,11.95,18,0,0,0,0,0,1,0,338392.97,0.3512,low,0.5
CUST004146,805,excellent,98.07,80.86,88.31,31.73,91.37,84.1392,13.76,10,1,0,0,0,0,0,1,13523.69,0.0849,low,0.0
CUST004147,818,excellent,99.57,99.79,49.66,42.43,98.89,86.367,1.52,2,0,0,0,0,0,0,1,47921.17,0.1665,low,0.0
CUST004148,861,excellent,95.07,97.43,96.31,68.46,97.39,93.5347,5.01,13,0,0,0,0,0,1,2,63349.08,0.875,low,0.3333
CUST004149,785,excellent,89.73,82.82,75.33,47.18,84.86,80.756,11.73,7,1,0,0,0,0,0,1,160060.47,0.0677,low,0.0
CUST004150,708,good,52.9,88.8,45.13,79.85,90.76,67.9851,1.63,4,1,4,0,0,0,1,0,128247.51,1.352,low,0.5
CUST004151,810,excellent,95.28,77.66,99.68,42.14,91.98,85.0081,11.46,15,1,0,0,0,0,0,5,95319.71,0.1285,low,0.0
CUST004152,645,high_risk,22.93,89.54,80.77,70.88,43.33,57.4239,8.52,9,6,8,0,0,0,1,6,76554.1,1.3568,low,0.1429
CUST004153,776,excellent,97.28,93.92,32.2,32.2,90.64,79.3397,9.08,1,0,0,0,0,0,0,2,54182.96,0.0356,low,0.0
CUST004154,755,excellent,86.63,90.17,33.25,38.26,97.19,75.9026,3.38,1,0,0,0,0,0,0,3,85240.56,0.0774,low,0.0
CUST004155,723,good,67.78,89.0,46.99,34.8,95.38,70.4906,13.3,2,0,1,0,0,0,0,2,146351.29,0.1047,low,0.0
CUST004156,821,excellent,96.76,88.55,91.31,30.44,97.2,86.8921,10.64,14,0,0,0,0,0,0,0,54266.74,0.1481,low,0.0
CUST004157,672,risky,44.44,81.57,65.33,38.77,82.64,61.9657,11.76,5,1,3,0,0,0,0,3,60299.6,0.1483,low,0.0
CUST004158,837,excellent,93.99,96.02,95.29,40.3,93.96,89.4212,4.91,12,0,0,0,0,0,0,6,67818.69,0.0237,low,0.0
CUST004159,811,excellent,97.81,86.51,82.05,41.32,85.29,85.1558,11.5,7,1,0,0,0,0,0,5,315745.06,0.0027,low,0.0
CUST004160,681,risky,42.4,83.15,95.41,52.36,41.05,63.4369,22.79,14,4,4,0,0,0,0,7,1176679.31,0.0794,low,0.0
CUST004161,828,excellent,93.35,95.11,78.64,66.77,84.02,88.0803,6.53,7,1,0,0,0,0,1,2,76787.06,0.4514,low,0.3333
CUST004162,828,excellent,88.17,88.36,89.68,73.1,99.01,88.0274,7.09,13,0,0,0,0,0,1,3,124495.41,0.746,low,0.25
CUST004163,569,high_risk,32.38,40.67,59.27,62.12,62.73,44.9063,56.06,3,3,3,0,0,0,0,1,45981.14,0.1589,low,0.0
CUST004164,574,high_risk,5.14,89.2,53.79,46.58,43.14,45.6004,9.81,2,5,1,0,1,1,0,0,50412.43,0.5913,low,0.0
CUST004165,858,excellent,99.37,99.72,89.1,61.56,87.79,92.9978,6.73,16,1,0,0,0,0,1,6,147995.97,0.6993,low,0.1429
CUST004166,818,excellent,89.59,87.39,88.47,67.66,86.6,86.2721,14.59,11,1,0,0,0,0,1,7,518341.06,0.938,low,0.125
CUST004167,771,excellent,85.85,88.12,50.78,59.85,84.12,78.4973,14.82,3,1,0,0,0,0,1,7,122427.11,0.8315,low,0.125
CUST004168,807,excellent,98.4,88.7,69.93,36.87,92.75,84.5028,7.79,6,0,0,0,0,0,0,5,141348.97,0.1251,low,0.0
CUST004169,822,excellent,97.16,77.47,95.18,63.45,91.43,87.0105,10.96,13,0,0,0,0,0,1,5,19059.13,0.6071,low,0.1667
CUST004170,614,high_risk,19.26,85.13,90.23,39.14,25.94,52.3202,12.49,15,5,3,0,0,1,0,1,53528.3,0.421,low,0.0
CUST004171,783,excellent,99.2,98.02,22.02,32.44,97.87,80.4618,1.4,0,0,0,0,0,0,0,5,268897.43,0.0767,low,0.0
CUST004172,769,excellent,67.76,94.75,85.72,34.78,96.92,78.1688,7.37,13,0,1,0,0,0,0,2,48381.94,0.0331,low,0.0
CUST004173,843,excellent,93.45,91.38,93.1,73.41,90.48,90.4757,4.25,12,1,0,0,0,0,2,2,15441.87,0.9049,low,0.5
CUST004174,742,good,86.1,81.0,30.32,48.3,97.86,73.598,11.81,1,0,0,0,0,0,0,3,14938.12,0.0033,low,0.0
CUST004175,818,excellent,95.84,95.75,51.93,75.65,87.84,86.4083,9.6,4,1,0,0,0,0,1,2,250075.42,0.9137,low,0.3333
CUST004176,781,excellent,85.06,88.87,70.94,31.52,99.89,80.2134,11.29,5,0,0,0,0,0,0,2,54414.47,0.0452,low,0.0
CUST004177,771,excellent,88.06,89.77,63.21,32.62,80.02,78.4941,7.28,2,1,0,0,0,0,0,7,56962.43,0.0436,low,0.0
CUST004178,812,excellent,92.91,83.52,86.5,60.53,88.15,85.4163,10.66,16,1,0,0,0,0,1,7,101443.0,0.7431,low,0.125
CUST004179,700,good,74.78,85.64,14.98,34.84,90.21,66.617,12.7,0,0,1,0,0,0,0,4,120067.39,0.1082,low,0.0
CUST004180,791,excellent,90.15,92.19,41.84,64.61,99.44,81.8915,4.4,1,0,0,0,0,0,1,2,118423.01,0.7481,low,0.3333
CUST004181,756,excellent,91.97,56.2,87.91,60.05,77.39,75.9794,42.21,17,2,0,0,0,0,0,2,43083.95,0.1575,low,0.0
CUST004182,843,excellent,98.01,96.01,75.99,61.77,97.74,90.4565,2.3,9,0,0,0,0,0,1,2,306075.17,0.5434,low,0.3333
CUST004183,717,good,58.45,93.4,70.46,61.65,42.62,69.4723,7.43,6,3,2,0,0,0,1,4,110904.43,0.6836,low,0.2
CUST004184,819,excellent,94.47,96.99,65.76,46.7,97.55,86.4508,1.85,8,0,0,0,0,0,1,2,53700.39,0.5251,low,0.3333
CUST004185,818,excellent,89.27,93.2,74.43,61.66,98.13,86.3459,3.54,7,0,0,0,0,0,1,2,83031.78,0.7325,low,0.3333
CUST004186,782,excellent,88.5,91.88,48.68,55.78,88.86,80.3056,9.74,3,1,0,0,0,0,1,2,115236.43,0.4721,low,0.3333
CUST004187,823,excellent,94.45,77.98,88.4,82.77,91.58,87.1463,13.77,11,0,0,0,0,0,2,6,1080996.12,0.6573,low,0.25
CUST004188,701,good,61.19,75.44,56.28,73.29,70.49,66.8683,11.27,2,2,1,0,0,0,1,3,146414.67,0.7137,low,0.25
CUST004189,821,excellent,88.29,99.97,81.24,45.27,93.05,86.9105,6.41,6,0,0,0,0,0,0,2,129321.37,0.108,low,0.0
CUST004190,823,excellent,94.86,86.84,92.47,44.7,95.02,87.0971,12.59,15,0,0,0,0,0,0,5,68451.97,0.105,low,0.0
CUST004191,815,excellent,96.19,91.66,56.22,69.28,93.5,85.8753,9.84,4,0,0,0,0,0,1,6,43802.3,0.7862,low,0.1429
CUST004192,843,excellent,98.72,92.08,93.5,52.52,90.58,90.5091,0.56,16,1,0,0,0,0,1,6,151539.55,0.4267,low,0.1429
CUST004193,814,excellent,85.19,97.53,85.71,41.38,95.37,85.6085,5.5,12,0,0,0,0,0,0,1,67271.48,0.009,low,0.0
CUST004194,686,risky,41.67,98.76,75.35,41.87,46.74,64.376,5.6,7,4,4,0,0,0,0,6,52745.88,0.0241,low,0.0
CUST004195,777,excellent,78.85,83.0,67.21,70.36,98.96,79.5119,13.62,9,0,0,0,0,0,1,4,57512.81,0.609,low,0.2
CUST004196,714,good,43.86,94.9,95.36,62.63,56.78,69.0671,2.85,11,3,3,0,0,0,1,5,344194.12,1.4386,low,0.1667
CUST004197,748,good,89.07,77.6,44.33,44.04,91.79,74.6856,13.55,1,1,0,0,0,0,0,0,134035.97,0.025,low,0.0
CUST004198,846,excellent,94.09,96.25,99.72,47.35,95.7,91.0696,1.47,14,0,0,0,0,0,0,0,8303.04,0.0241,low,0.0
CUST004199,630,high_risk,14.16,96.58,65.13,43.24,69.06,54.9308,2.95,9,2,7,1,1,1,0,3,113811.78,0.5001,low,0.0
CUST004200,786,excellent,70.58,81.17,97.42,82.01,90.78,80.9457,10.83,11,0,1,0,0,0,2,1,129920.36,0.9185,low,0.6667
CUST004201,747,good,88.27,89.35,18.1,44.86,95.36,74.4347,0.95,0,0,0,0,0,0,0,6,46461.81,0.0485,low,0.0
CUST004202,790,excellent,91.07,88.01,68.72,31.48,99.74,81.7081,0.76,8,0,0,0,0,0,0,5,71801.33,0.0439,low,0.0
CUST004203,635,high_risk,43.12,89.24,19.29,32.85,77.59,55.8028,12.5,0,2,1,0,0,0,0,4,110469.5,0.0367,low,0.0
CUST004204,607,high_risk,10.49,96.12,59.77,38.41,58.01,51.1151,3.72,3,4,4,1,1,1,0,6,181261.86,0.4633,low,0.0
CUST004205,727,good,63.02,89.86,57.44,49.65,86.34,71.2285,12.59,3,1,4,0,0,0,0,3,497593.23,0.207,low,0.0
CUST004206,782,excellent,97.18,92.99,33.2,37.2,96.8,80.2896,7.28,1,0,0,0,0,0,0,4,115561.05,0.0367,low,0.0
CUST004207,813,excellent,85.83,99.56,84.84,35.15,93.15,85.4642,9.96,5,0,0,0,0,0,0,1,211491.69,0.1061,low,0.0
CUST004208,824,excellent,98.4,77.75,90.37,70.34,90.4,87.3938,12.55,10,0,0,0,0,0,1,0,53444.18,0.9999,low,0.5
CUST004209,709,good,42.04,90.9,93.57,44.51,77.57,68.227,3.83,20,2,4,0,0,0,0,5,143024.23,0.052,low,0.0
CUST004210,837,excellent,98.55,84.92,91.77,65.22,92.55,89.5121,10.98,13,0,0,0,0,0,1,7,105426.37,0.3342,low,0.125
CUST004211,717,good,58.2,92.36,68.42,33.78,77.27,69.4462,7.04,7,2,3,0,0,0,0,1,135060.94,0.1644,low,0.0
CUST004212,764,excellent,75.56,79.8,69.13,71.57,94.35,77.3498,12.83,7,0,1,0,0,0,1,7,251435.83,0.4299,low,0.125
CUST004213,798,excellent,87.35,81.77,96.33,36.39,98.43,83.0337,14.34,20,0,0,0,0,0,0,3,123773.16,0.0567,low,0.0
CUST004214,787,excellent,94.61,78.89,66.78,62.3,81.63,81.1899,12.06,9,1,0,0,0,0,1,3,127885.1,0.621,low,0.25
CUST004215,815,excellent,85.43,97.3,88.49,37.35,97.1,85.8094,7.1,14,0,0,0,0,0,0,2,253757.0,0.1355,low,0.0
CUST004216,821,excellent,96.15,96.18,80.74,35.22,86.76,86.8172,3.56,9,1,0,0,0,0,0,4,245671.33,0.0733,low,0.0
CUST004217,777,excellent,86.69,92.47,61.1,47.54,74.23,79.4237,7.77,4,2,0,0,0,0,0,2,64133.31,0.142,low,0.0
CUST004218,777,excellent,98.02,55.28,92.48,62.88,83.84,79.4352,36.57,17,1,0,0,0,0,0,6,301449.59,0.1612,low,0.0
CUST004219,639,high_risk,41.31,70.56,76.11,45.77,48.83,56.5009,30.82,8,3,1,0,0,0,0,7,250925.46,0.2387,low,0.0
CUST004220,813,excellent,95.41,98.73,67.66,39.58,83.99,85.5199,0.72,8,1,0,0,0,0,0,3,253894.37,0.0369,low,0.0
CUST004221,778,excellent,87.16,78.74,65.27,74.44,83.85,79.7463,11.67,6,1,0,0,0,0,1,0,66548.76,0.5304,low,0.5
CUST004222,715,good,72.38,92.32,17.12,37.47,97.49,69.092,0.47,0,0,0,0,0,0,0,3,309488.68,0.0434,low,0.0
CUST004223,787,excellent,95.83,99.14,21.28,47.61,99.01,81.1353,5.94,0,0,0,0,0,0,0,3,74499.3,0.0168,low,0.0
CUST004224,818,excellent,95.0,90.51,68.21,61.98,94.99,86.3328,3.45,7,0,0,0,0,0,1,5,145260.54,0.9453,low,0.1667
CUST004225,847,excellent,94.25,87.63,92.82,88.53,90.56,91.108,12.13,10,0,0,0,0,0,2,1,43323.85,0.7134,low,0.6667
CUST004226,790,excellent,89.77,90.82,56.23,60.25,85.02,81.6271,9.43,3,1,0,0,0,0,1,5,86046.32,0.6468,low,0.1667
CUST004227,743,good,85.46,86.28,32.47,37.55,94.53,73.8701,12.11,0,0,0,0,0,0,0,5,144941.47,0.0849,low,0.0
CUST004228,776,excellent,88.86,97.21,37.47,38.84,95.69,79.3352,7.13,1,0,0,0,0,0,0,0,76014.06,0.0502,low,0.0
CUST004229,798,excellent,98.75,89.6,58.32,31.6,96.01,82.9515,10.27,2,0,0,0,0,0,0,1,36176.7,0.0384,low,0.0
CUST004230,793,excellent,96.39,75.41,76.81,45.24,98.35,82.2415,13.72,8,0,0,0,0,0,0,7,185537.39,0.0642,low,0.0
CUST004231,812,excellent,98.53,83.72,79.77,38.24,99.93,85.3835,10.31,8,0,0,0,0,0,0,0,28487.42,0.1127,low,0.0
CUST004232,787,excellent,90.85,86.41,50.31,60.11,99.28,81.2035,11.81,3,0,0,0,0,0,1,4,343349.87,0.3747,low,0.2
CUST004233,835,excellent,89.42,79.62,97.93,93.52,99.78,89.2026,14.48,15,0,0,0,0,0,2,3,96773.67,0.9493,low,0.4
CUST004234,743,good,88.11,79.24,61.63,30.35,69.62,73.8525,11.73,2,2,0,0,0,0,0,5,21043.47,0.0383,low,0.0
CUST004235,800,excellent,88.41,96.28,70.67,30.39,98.27,83.2949,0.75,7,0,0,0,0,0,0,3,48076.36,0.1532,low,0.0
CUST004236,795,excellent,99.01,75.69,62.7,59.58,97.04,82.4264,10.65,2,0,0,0,0,0,1,6,72644.03,0.5696,low,0.1429
CUST004237,716,good,55.41,90.1,90.88,47.01,45.79,69.3381,1.89,19,4,2,0,0,0,0,3,79674.65,0.0866,low,0.0
CUST004238,648,high_risk,27.73,86.78,80.11,40.75,61.02,57.9332,12.65,6,3,3,0,0,1,0,5,106090.37,0.5084,low,0.0
CUST004239,801,excellent,91.39,99.54,60.61,35.61,90.52,83.5527,1.77,3,0,0,0,0,0,0,3,24714.08,0.1365,low,0.0
CUST004240,767,excellent,85.7,90.3,49.57,48.29,85.3,77.8802,6.32,1,1,0,0,0,0,0,3,42525.03,0.1538,low,0.0
CUST004241,749,good,74.24,85.33,67.02,40.09,92.3,74.8751,12.94,5,0,1,0,0,0,0,2,14677.67,0.012,low,0.0
CUST004242,783,excellent,98.83,78.3,49.75,53.54,96.77,80.574,13.97,2,0,0,0,0,0,1,7,51644.91,0.5262,low,0.125
CUST004243,793,excellent,86.99,82.2,84.94,43.41,99.46,82.1348,11.27,8,0,0,0,0,0,0,7,103528.45,0.1473,low,0.0
CUST004244,829,excellent,96.13,87.95,99.84,49.36,83.06,88.2469,12.09,17,1,0,0,0,0,0,1,178513.6,0.1237,low,0.0
CUST004245,-1,no_history,24.46,99.83,34.75,77.21,21.14,52.5569,2.57,0,6,8,0,0,0,0,0,186217.99,1.9431,moderate,0.0
CUST004246,797,excellent,85.43,84.2,87.38,54.8,90.09,82.7534,12.48,12,0,0,0,0,0,1,2,407047.27,0.6201,low,0.3333
CUST004247,845,excellent,99.21,92.17,72.33,77.73,97.99,90.796,9.31,5,0,0,0,0,0,1,4,363848.12,0.3717,low,0.2
CUST004248,787,excellent,86.91,98.78,33.86,62.15,98.09,81.1546,7.72,0,0,0,0,0,0,1,7,64571.53,0.4084,low,0.125
CUST004249,789,excellent,91.57,95.21,57.81,32.86,89.24,81.4956,8.84,3,1,0,0,0,0,0,6,210426.76,0.0822,low,0.0
CUST004250,725,good,44.31,90.29,92.03,64.09,79.77,70.7849,5.1,15,2,3,0,0,0,1,0,80048.09,0.8666,low,0.5
CUST004251,793,excellent,91.27,77.3,85.48,45.27,97.61,82.2463,11.43,20,0,0,0,0,0,1,7,38907.74,0.3581,low,0.125
CUST004252,782,excellent,96.96,95.07,32.39,39.69,90.22,80.3067,4.93,0,0,0,0,0,0,0,5,749725.32,0.0848,low,0.0
CUST004253,822,excellent,86.54,97.87,68.31,79.2,91.89,87.0065,5.21,8,1,0,0,0,0,1,4,165631.27,0.3814,low,0.2
CUST004254,842,excellent,94.18,97.62,94.42,65.27,73.28,90.2648,7.94,10,2,0,0,0,0,1,7,127843.01,0.8115,low,0.125
CUST004255,744,good,86.33,83.58,33.28,47.08,90.8,74.072,11.92,1,0,0,0,0,0,0,2,29407.9,0.1468,low,0.0
CUST004256,716,good,40.46,94.79,99.16,38.33,80.62,69.3655,4.44,14,1,3,0,0,0,0,3,11476.78,0.0784,low,0.0
CUST004257,821,excellent,90.5,88.56,75.05,75.75,97.33,86.8095,7.92,5,0,0,0,0,0,1,3,135139.54,0.8884,low,0.25
CUST004258,751,excellent,86.05,92.1,28.62,48.99,81.68,75.1065,9.72,0,1,0,0,0,0,0,4,1009557.6,0.1058,low,0.0
CUST004259,587,high_risk,17.89,88.16,31.36,46.34,58.42,47.8899,6.7,1,3,4,0,0,1,0,1,35106.45,0.5781,low,0.0
CUST004260,824,excellent,97.71,85.63,77.06,65.85,92.94,87.3249,13.03,6,0,0,0,0,0,1,4,101320.49,0.736,low,0.2
CUST004261,582,high_risk,13.01,86.51,70.34,33.24,26.54,47.0362,14.99,5,6,8,0,0,1,0,4,214046.23,0.497,low,0.0
CUST004262,797,excellent,87.81,88.99,80.77,33.99,98.08,82.7532,3.01,6,0,0,0,0,0,0,0,52930.98,0.1072,low,0.0
CUST004263,796,excellent,92.37,81.44,81.53,40.1,97.23,82.7232,13.2,7,0,0,0,0,0,0,6,221025.22,0.1138,low,0.0
CUST004264,833,excellent,97.71,99.25,69.49,46.76,97.98,88.8717,3.77,8,0,0,0,0,0,0,0,49159.92,0.0917,low,0.0
CUST004265,845,excellent,99.61,99.39,94.96,34.86,83.48,90.7598,3.43,10,1,0,0,0,0,0,0,104711.24,0.0501,low,0.0
CUST004266,732,good,95.09,49.71,55.0,61.73,93.38,71.9528,55.37,4,0,0,0,0,0,1,4,238118.13,0.7135,low,0.2
CUST004267,799,excellent,98.47,95.33,47.1,38.63,92.52,83.2453,2.92,4,0,0,0,0,0,0,1,162915.58,0.1445,low,0.0
CUST004268,723,good,46.46,98.94,86.69,46.29,68.54,70.432,2.18,15,2,2,0,0,0,0,2,63275.34,0.1414,low,0.0
CUST004269,833,excellent,97.29,92.9,88.6,37.9,98.35,88.8349,4.01,15,0,0,0,0,0,0,4,43479.32,0.0501,low,0.0
CUST004270,822,excellent,98.15,79.76,87.48,64.94,90.91,86.9853,11.56,20,1,0,0,0,0,1,6,70396.65,0.7235,low,0.1429
CUST004271,819,excellent,97.26,83.6,71.24,73.01,94.52,86.5614,14.58,8,0,0,0,0,0,1,2,318876.2,0.7345,low,0.3333
CUST004272,789,excellent,88.37,81.95,87.0,41.58,87.99,81.5209,14.73,10,1,0,0,0,0,0,4,98931.87,0.1121,low,0.0
CUST004273,798,excellent,92.38,77.73,89.29,46.06,94.04,83.056,11.92,11,0,0,0,0,0,0,4,68408.79,0.0746,low,0.0
CUST004274,815,excellent,86.91,90.41,93.07,49.87,94.1,85.9006,0.3,18,0,0,0,0,0,0,7,69338.74,0.0351,low,0.0
CUST004275,801,excellent,91.33,92.67,63.0,49.02,93.03,83.4203,1.48,2,0,0,0,0,0,0,0,272827.56,0.067,low,0.0
CUST004276,624,high_risk,18.22,92.65,77.28,41.01,41.78,54.0433,8.93,5,5,5,0,0,1,0,6,45976.82,0.3763,low,0.0
CUST004277,863,excellent,98.32,98.59,88.12,85.17,81.06,93.8281,8.65,16,1,0,0,0,0,2,2,72348.46,0.7812,low,0.5
CUST004278,834,excellent,93.83,96.9,97.17,36.84,88.86,89.056,3.08,17,1,0,0,0,0,0,0,138604.82,0.013,low,0.0
CUST004279,781,excellent,95.03,66.87,77.14,69.0,83.89,80.1811,38.98,7,1,0,0,0,0,1,5,75260.98,0.4921,low,0.1667
CUST004280,718,good,43.17,92.29,97.31,60.72,61.52,69.6167,9.75,16,4,3,0,0,0,1,7,259999.8,0.7012,low,0.125
CUST004281,815,excellent,93.32,83.2,84.65,70.79,84.71,85.8708,10.13,7,1,0,0,0,0,2,0,90634.47,0.6801,low,0.6667
CUST004282,824,excellent,93.81,91.87,86.69,52.63,86.86,87.3473,9.76,12,1,0,0,0,0,1,0,64539.5,0.4142,low,0.5
CUST004283,765,excellent,87.61,58.31,98.02,65.39,80.98,77.4959,45.12,18,1,0,0,0,0,1,3,33852.59,0.5394,low,0.25
CUST004284,700,good,40.98,84.33,98.15,41.87,80.71,66.6242,11.32,17,1,3,0,0,0,0,1,541158.23,0.1114,low,0.0
CUST004285,809,excellent,92.99,93.21,81.38,37.29,84.44,84.8885,6.97,7,1,0,0,0,0,0,5,113414.05,0.0981,low,0.0
CUST004286,662,risky,24.53,82.97,91.88,62.75,78.24,60.3577,14.22,17,2,7,0,0,0,1,6,124827.94,1.7112,moderate,0.1429
CUST004287,770,excellent,72.28,94.46,89.49,31.47,80.64,78.27,2.74,15,1,1,0,0,0,0,2,59848.95,0.022,low,0.0
CUST004288,616,high_risk,9.97,77.96,99.79,61.89,56.99,52.7346,12.99,13,4,4,1,0,0,1,0,175436.36,2.0421,moderate,0.5
CUST004289,747,good,87.23,96.25,20.13,40.2,80.75,74.5179,1.88,0,1,0,0,0,0,0,7,101342.16,0.0179,low,0.0
CUST004290,642,high_risk,40.57,88.72,33.71,34.1,77.12,56.991,10.04,1,2,2,0,0,0,0,7,44428.99,0.0248,low,0.0
CUST004291,796,excellent,90.71,75.86,94.82,49.43,89.9,82.6624,11.14,15,1,0,0,0,0,0,0,123943.51,0.1559,low,0.0
CUST004292,827,excellent,86.47,95.64,97.04,49.0,93.97,87.8095,3.0,15,0,0,0,0,0,0,0,44070.61,0.1103,low,0.0
CUST004293,817,excellent,92.56,93.2,66.83,71.82,85.67,86.1267,3.36,7,1,0,0,0,0,1,2,310762.21,0.9186,low,0.3333
CUST004294,841,excellent,91.86,97.64,91.46,53.79,95.53,90.0955,8.59,17,0,0,0,0,0,1,6,194596.04,0.5552,low,0.1429
CUST004295,761,excellent,89.61,91.85,31.28,41.1,90.62,76.7835,5.61,0,0,0,0,0,0,0,6,260864.28,0.0754,low,0.0
CUST004296,792,excellent,66.35,92.03,97.25,67.92,98.33,82.0417,3.39,18,0,1,0,0,0,1,5,346566.07,0.6463,low,0.1667
CUST004297,801,excellent,89.55,99.7,58.79,44.5,90.32,83.5547,1.58,3,1,0,0,0,0,0,4,54481.63,0.1494,low,0.0
CUST004298,638,high_risk,9.29,94.9,87.8,41.95,71.67,56.2535,3.53,16,2,1,1,1,1,0,1,464629.44,0.3645,low,0.0
CUST004299,825,excellent,99.13,89.11,67.75,76.75,82.38,87.5052,12.54,6,1,0,0,0,0,1,5,98657.56,0.5861,low,0.1667
CUST004300,704,good,60.62,78.3,85.53,31.64,66.73,67.3742,11.23,17,2,3,0,0,0,0,3,56359.14,0.093,low,0.0
CUST004301,734,good,55.21,97.04,89.12,32.95,71.62,72.2572,3.88,20,2,1,0,0,0,0,1,118583.49,0.1126,low,0.0
CUST004302,819,excellent,91.64,87.88,94.78,48.13,90.82,86.5484,13.12,14,0,0,0,0,0,0,0,103037.06,0.0784,low,0.0
CUST004303,841,excellent,94.53,86.93,95.42,72.74,93.95,90.1488,14.95,10,0,0,0,0,0,1,1,239815.84,0.6489,low,0.5
CUST004304,776,excellent,90.04,81.6,69.68,34.32,93.74,79.2537,14.33,7,0,0,0,0,0,0,3,118884.23,0.0302,low,0.0
CUST004305,821,excellent,94.68,81.68,88.87,63.87,94.73,86.8346,10.82,11,0,0,0,0,0,1,4,90020.14,0.6132,low,0.2
CUST004306,825,excellent,85.16,94.22,91.87,72.34,84.7,87.5563,5.18,20,1,0,0,0,0,1,6,100760.17,0.635,low,0.1429
CUST004307,832,excellent,98.54,95.86,78.59,44.51,91.64,88.6511,1.6,7,0,0,0,0,0,0,5,68725.73,0.1412,low,0.0
CUST004308,791,excellent,95.42,84.07,73.49,34.66,86.93,81.8019,13.93,7,1,0,0,0,0,0,4,32905.67,0.042,low,0.0
CUST004309,846,excellent,97.11,98.01,94.11,36.1,98.44,90.9609,3.07,14,0,0,0,0,0,0,1,118677.2,0.0618,low,0.0
CUST004310,830,excellent,97.86,85.07,86.5,62.96,92.57,88.3013,10.16,11,0,0,0,0,0,1,6,317705.53,0.8223,low,0.1429
CUST004311,554,high_risk,3.29,90.21,48.28,33.35,36.04,42.3935,7.29,3,5,2,0,1,1,0,2,53552.12,0.4893,low,0.0
CUST004312,757,excellent,95.98,75.93,44.67,45.3,85.48,76.1486,11.26,1,1,0,0,0,0,0,1,24215.51,0.003,low,0.0
CUST004313,748,good,43.67,99.67,89.54,67.25,92.59,74.6032,9.49,16,0,4,0,0,0,1,4,222639.42,0.8886,low,0.2
CUST004314,686,risky,37.9,83.98,96.11,31.93,83.25,64.3926,14.73,14,1,2,0,0,0,0,6,85991.09,0.2318,low,0.0
CUST004315,667,risky,55.74,95.78,10.45,47.4,66.01,61.1542,0.77,0,2,2,0,0,0,0,7,90274.78,0.1383,low,0.0
CUST004316,770,excellent,98.46,94.79,16.97,54.78,73.86,78.3059,2.62,0,2,0,0,0,0,1,2,83352.05,0.6271,low,0.3333
CUST004317,706,good,60.77,85.09,89.54,32.66,41.63,67.656,12.56,12,4,3,0,0,0,0,0,77297.15,0.0428,low,0.0
CUST004318,841,excellent,99.23,91.3,75.53,72.28,94.88,90.1661,8.88,6,0,0,0,0,0,1,2,64254.03,0.4851,low,0.3333
CUST004319,792,excellent,99.12,91.88,46.22,35.26,92.45,81.9585,0.82,4,0,0,0,0,0,0,3,84487.93,0.0767,low,0.0
CUST004320,787,excellent,93.97,95.93,50.26,35.7,84.17,81.1926,6.61,4,1,0,0,0,0,0,1,115740.61,0.0137,low,0.0
CUST004321,666,risky,44.44,96.15,45.17,33.8,65.01,61.0574,3.64,3,2,3,0,0,0,0,7,611381.38,0.0128,low,0.0
CUST004322,837,excellent,99.85,88.03,88.07,50.55,98.19,89.4409,9.89,13,0,0,0,0,0,1,2,59048.59,0.3881,low,0.3333
CUST004323,744,good,51.51,88.34,90.62,66.2,92.22,73.9669,11.97,10,0,4,0,0,0,1,0,135585.88,0.8696,low,0.5
CUST004324,769,excellent,87.43,88.15,53.97,39.38,90.97,78.1764,4.92,2,0,0,0,0,0,0,7,165788.72,0.0906,low,0.0
CUST004325,833,excellent,92.2,98.6,79.72,55.65,94.28,88.8007,5.53,6,0,0,0,0,0,1,6,52008.71,0.5386,low,0.1429
CUST004326,684,risky,53.08,87.74,44.72,46.64,77.15,63.9867,11.39,1,2,1,0,0,0,0,1,96004.64,0.2119,low,0.0
CUST004327,835,excellent,97.87,84.93,95.95,59.1,91.17,89.1509,13.31,14,0,0,0,0,0,1,1,827863.24,0.5423,low,0.5
CUST004328,761,excellent,97.84,80.16,37.08,31.52,98.42,76.8497,10.97,1,0,0,0,0,0,0,6,42301.92,0.0943,low,0.0
CUST004329,789,excellent,88.06,75.82,80.57,59.51,98.4,81.4448,12.11,6,0,0,0,0,0,1,0,263179.8,0.68,low,0.5
CUST004330,835,excellent,93.09,93.5,91.07,61.86,86.93,89.1702,5.9,14,1,0,0,0,0,1,3,180247.45,0.7258,low,0.25
CUST004331,766,excellent,87.53,90.46,48.71,32.64,93.59,77.7046,2.78,1,0,0,0,0,0,0,1,125164.1,0.0049,low,0.0
CUST004332,798,excellent,88.14,81.28,92.38,47.91,91.34,83.0155,13.44,11,1,0,0,0,0,0,1,178705.76,0.1343,low,0.0
CUST004333,803,excellent,97.11,91.51,54.78,46.67,94.87,83.815,0.18,2,0,0,0,0,0,1,5,467156.39,0.3616,low,0.1667
CUST004334,792,excellent,89.53,83.43,82.09,39.26,94.5,82.0545,10.18,6,0,0,0,0,0,0,7,312848.79,0.1442,low,0.0
CUST004335,800,excellent,78.01,97.76,77.45,70.72,80.16,83.3391,6.0,5,1,0,0,0,0,1,2,146371.02,0.6155,low,0.3333
CUST004336,836,excellent,97.51,95.02,98.49,35.92,82.53,89.2525,9.01,13,1,0,0,0,0,0,0,20377.51,0.1233,low,0.0
CUST004337,736,good,54.98,87.25,89.25,62.66,86.37,72.7074,26.83,20,1,2,0,0,0,1,4,29115.87,1.4333,low,0.2
CUST004338,762,excellent,85.98,73.56,67.43,51.89,94.65,76.9262,38.96,7,0,0,0,0,0,0,4,64458.81,0.0668,low,0.0
CUST004339,788,excellent,91.74,89.93,33.05,78.48,93.94,81.2879,5.2,1,0,0,0,0,0,1,4,129339.29,0.8529,low,0.2
CUST004340,788,excellent,85.08,86.92,85.49,45.1,81.11,81.3001,12.53,12,1,0,0,0,0,1,2,158773.42,0.8688,low,0.3333
CUST004341,652,risky,55.73,97.71,15.25,31.01,43.77,58.5866,0.66,0,3,2,0,0,0,0,0,154921.69,0.0892,low,0.0
CUST004342,727,good,54.31,93.04,92.39,45.37,58.15,71.1312,9.62,14,3,2,0,0,0,0,4,590108.4,0.0343,low,0.0
CUST004343,786,excellent,91.47,90.85,45.73,56.79,92.09,81.0155,9.13,1,0,0,0,0,0,1,7,36631.95,0.6405,low,0.125
CUST004344,812,excellent,94.13,85.22,88.28,51.34,84.34,85.3224,12.96,12,1,0,0,0,0,1,7,277821.06,0.5742,low,0.125
CUST004345,766,excellent,90.35,89.04,41.79,46.56,83.36,77.5936,8.9,1,1,0,0,0,0,0,1,59641.92,0.0799,low,0.0
CUST004346,750,excellent,89.12,59.95,74.55,64.28,82.78,75.0647,48.83,8,1,0,0,0,0,0,0,142799.82,0.0009,low,0.0
CUST004347,797,excellent,99.42,88.74,46.9,62.59,80.75,82.7897,12.92,3,1,0,0,0,0,1,6,169544.15,0.4546,low,0.1429
CUST004348,686,risky,45.37,89.98,63.02,41.27,79.59,64.4117,2.79,4,2,1,0,0,0,0,6,65816.54,0.1707,low,0.0
CUST004349,840,excellent,95.85,94.42,91.81,43.64,99.97,90.0061,0.32,15,0,0,0,0,0,0,2,9731.62,0.0406,low,0.0
CUST004350,842,excellent,92.44,98.65,98.67,61.14,75.22,90.3838,7.83,14,2,0,0,0,0,1,7,35801.17,0.6278,low,0.125
CUST004351,676,risky,58.41,97.77,21.58,42.72,53.16,62.5986,0.77,0,4,3,0,0,0,0,2,296130.05,0.2261,low,0.0
CUST004352,756,excellent,71.67,94.87,50.68,57.49,91.52,76.0482,1.07,3,0,1,0,0,0,2,3,188574.85,0.6783,low,0.4
CUST004353,683,risky,29.49,96.72,92.35,36.7,70.14,63.8757,2.58,19,2,3,0,0,1,0,2,151890.98,0.6276,low,0.0
CUST004354,801,excellent,96.39,89.21,61.29,43.13,94.92,83.4993,6.06,3,0,0,0,0,0,0,4,26857.49,0.0428,low,0.0
CUST004355,674,risky,41.75,76.26,88.01,32.25,84.85,62.4017,10.56,10,1,2,0,0,0,0,3,98693.91,0.2262,low,0.0
CUST004356,705,good,49.39,95.58,55.3,48.11,85.11,67.5785,1.2,3,1,1,0,0,0,0,6,38800.85,0.0667,low,0.0
CUST004357,601,high_risk,22.04,99.61,37.49,39.62,30.24,50.207,1.6,1,5,3,0,0,1,0,5,60644.25,0.4604,low,0.0
CUST004358,838,excellent,92.25,88.58,91.21,73.98,96.6,89.6032,13.99,13,0,0,0,0,0,1,0,259803.55,0.9383,low,0.5
CUST004359,833,excellent,87.57,88.3,93.03,79.89,97.6,88.8432,2.09,14,0,0,0,0,0,2,3,114121.13,0.9345,low,0.4
CUST004360,797,excellent,85.68,91.48,62.68,61.09,99.42,82.8849,9.27,3,0,0,0,0,0,1,1,277793.8,0.9571,low,0.5
CUST004361,815,excellent,91.85,89.86,88.94,44.32,90.26,85.904,2.26,11,0,0,0,0,0,0,5,41731.75,0.0802,low,0.0
CUST004362,711,good,74.33,91.7,11.76,37.01,95.38,68.5294,8.59,0,0,0,0,0,0,0,2,59167.9,0.1259,low,0.0
CUST004363,637,high_risk,10.19,85.57,90.73,68.26,74.52,56.1223,10.27,15,2,8,0,0,0,1,6,88066.93,1.8273,moderate,0.1429
CUST004364,740,good,75.94,88.73,46.3,41.01,90.19,73.2619,10.64,3,1,0,0,0,0,0,5,71953.6,0.0164,low,0.0
CUST004365,797,excellent,92.83,88.98,70.44,35.39,94.67,82.7573,14.41,8,0,0,0,0,0,0,2,23177.07,0.0892,low,0.0
CUST004366,832,excellent,98.83,89.8,85.85,47.12,95.76,88.6979,8.09,18,0,0,0,0,0,0,2,19451.59,0.1195,low,0.0
CUST004367,826,excellent,96.47,85.83,92.11,46.51,96.46,87.6251,11.95,14,0,0,0,0,0,0,4,152994.21,0.093,low,0.0
CUST004368,787,excellent,78.86,80.1,84.13,75.45,94.35,81.232,10.16,7,0,1,0,0,0,2,0,880900.39,0.5667,low,0.6667
CUST004369,618,high_risk,31.89,45.58,92.11,51.94,91.99,53.0459,67.63,14,0,2,0,0,0,0,0,40744.1,0.2131,low,0.0
CUST004370,846,excellent,96.66,97.78,77.8,61.95,99.46,90.9762,5.3,5,0,0,0,0,0,1,4,72017.68,0.7209,low,0.2
CUST004371,820,excellent,87.3,99.08,90.59,46.2,81.52,86.639,7.03,17,1,0,0,0,0,1,3,576860.2,0.7175,low,0.25
CUST004372,635,high_risk,34.88,81.46,69.22,32.68,55.37,55.8331,14.07,9,4,2,0,0,0,0,2,81174.03,0.0391,low,0.0
CUST004373,868,excellent,98.57,97.38,95.89,74.61,91.79,94.7382,6.37,17,1,0,0,0,0,1,0,48636.47,0.5111,low,0.5
CUST004374,712,good,51.97,87.33,78.38,30.85,94.75,68.7052,11.82,5,0,4,0,0,0,0,1,232209.0,0.0889,low,0.0
CUST004375,811,excellent,97.37,94.36,53.22,50.88,96.88,85.1474,3.73,3,0,0,0,0,0,1,0,89429.16,0.5054,low,0.5
CUST004376,810,excellent,94.68,99.69,51.56,42.44,99.3,84.9518,0.73,2,0,0,0,0,0,0,7,33632.51,0.0401,low,0.0
CUST004377,793,excellent,90.09,96.57,64.95,48.14,71.78,82.2384,4.9,2,2,0,0,0,0,0,0,18605.43,0.0097,low,0.0
CUST004378,613,high_risk,26.02,79.41,84.07,36.25,30.41,52.2038,10.59,5,6,6,0,0,1,0,4,47597.94,0.4065,low,0.0
CUST004379,837,excellent,97.66,87.8,84.24,65.03,98.43,89.5012,11.13,7,0,0,0,0,0,1,2,100157.01,0.4854,low,0.3333
CUST004380,755,excellent,87.25,90.23,30.97,38.92,96.65,75.8073,0.31,0,0,0,0,0,0,0,2,53145.79,0.103,low,0.0
CUST004381,734,good,55.76,97.95,84.35,35.13,73.45,72.4145,0.81,8,2,1,0,0,0,0,0,27031.0,0.213,low,0.0
CUST004382,818,excellent,96.81,88.03,76.21,47.45,99.39,86.4076,10.29,8,0,0,0,0,0,0,6,208442.26,0.0415,low,0.0
CUST004383,819,excellent,87.4,94.4,95.99,39.01,92.23,86.43,6.71,13,0,0,0,0,0,0,7,171408.01,0.1312,low,0.0
CUST004384,804,excellent,94.13,87.66,74.17,45.08,92.06,84.081,13.98,6,0,0,0,0,0,0,1,171866.72,0.1244,low,0.0
CUST004385,679,risky,36.98,88.54,80.4,45.01,71.42,63.2053,8.63,6,2,2,0,0,0,0,4,81762.18,0.1277,low,0.0
CUST004386,787,excellent,77.47,87.19,84.81,54.48,97.89,81.2297,23.59,8,0,0,0,0,0,0,7,129057.95,0.0588,low,0.0
CUST004387,599,high_risk,5.63,86.02,89.7,32.55,53.34,49.8221,10.42,10,4,4,1,0,1,0,1,99267.5,0.5128,low,0.0
CUST004388,727,good,47.19,99.31,85.28,34.12,87.11,71.2247,8.75,14,1,3,0,0,0,0,0,168095.45,0.2413,low,0.0
CUST004389,787,excellent,98.69,80.51,67.02,36.87,86.55,81.0893,12.17,7,1,0,0,0,0,0,2,38429.92,0.0557,low,0.0
CUST004390,786,excellent,91.76,94.12,50.5,32.02,99.26,81.0554,0.67,2,0,0,0,0,0,0,2,42814.61,0.0942,low,0.0
CUST004391,793,excellent,98.38,83.94,47.37,64.33,90.1,82.1646,26.31,2,0,0,0,0,0,0,4,125156.97,0.1106,low,0.0
CUST004392,745,good,68.98,83.45,65.28,68.61,83.07,74.1402,11.28,7,1,0,0,0,0,1,6,175117.2,0.8588,low,0.1429
CUST004393,823,excellent,89.01,85.26,95.52,66.29,94.8,87.1682,13.66,12,0,0,0,0,0,1,2,26257.85,0.5798,low,0.3333
CUST004394,777,excellent,85.9,91.22,66.31,36.17,84.36,79.4309,8.18,9,1,0,0,0,0,0,3,93945.79,0.0534,low,0.0
CUST004395,711,good,55.74,95.73,82.02,45.45,33.46,68.4246,0.03,6,6,2,0,0,0,0,1,383790.92,0.1907,low,0.0
CUST004396,820,excellent,93.96,89.67,95.34,33.7,91.44,86.6024,9.37,10,0,0,0,0,0,0,6,102013.41,0.0832,low,0.0
CUST004397,841,excellent,96.45,94.33,97.42,43.78,90.42,90.0893,0.19,12,0,0,0,0,0,0,7,151114.2,0.0791,low,0.0
CUST004398,721,good,41.82,98.37,87.88,45.65,82.49,70.1441,9.67,15,1,1,0,0,0,0,5,239010.43,0.0361,low,0.0
CUST004399,807,excellent,99.26,76.75,92.38,43.87,84.43,84.4519,12.09,16,1,0,0,0,0,0,7,256869.83,0.1324,low,0.0
CUST004400,794,excellent,94.36,78.15,72.36,66.92,83.62,82.3784,13.12,8,1,0,0,0,0,1,2,74773.21,0.7743,low,0.3333
CUST004401,824,excellent,96.16,91.97,70.99,69.34,85.59,87.3862,5.13,9,1,0,0,0,0,1,3,60456.46,0.874,low,0.25
CUST004402,753,excellent,92.57,77.72,43.3,34.63,98.05,75.48,11.62,1,0,0,0,0,0,0,4,75837.09,0.0188,low,0.0
CUST004403,778,excellent,92.36,99.97,22.69,45.55,93.46,79.6233,4.33,0,0,0,0,0,0,0,2,226392.23,0.0499,low,0.0
CUST004404,829,excellent,98.23,89.16,93.32,30.39,99.8,88.1447,2.97,19,0,0,0,0,0,0,6,84921.62,0.0144,low,0.0
CUST004405,681,risky,48.3,84.91,69.88,37.49,69.18,63.5251,10.95,6,2,1,0,0,0,0,0,334308.8,0.1453,low,0.0
CUST004406,795,excellent,94.45,78.8,87.1,30.24,97.77,82.5649,13.34,12,0,0,0,0,0,0,2,37503.75,0.0674,low,0.0
CUST004407,781,excellent,94.36,80.96,67.88,30.43,96.22,80.161,14.89,6,0,0,0,0,0,0,3,194555.89,0.1336,low,0.0
CUST004408,718,good,60.31,90.77,85.64,41.74,42.85,69.6426,4.57,17,3,1,0,0,0,0,5,89370.74,0.051,low,0.0
CUST004409,693,risky,46.98,89.61,79.9,43.8,58.39,65.5291,8.6,8,3,1,0,0,0,0,1,154077.49,0.1036,low,0.0
CUST004410,731,good,53.34,93.51,96.78,43.44,62.93,71.8766,2.76,10,3,1,0,0,0,0,0,49253.09,0.1625,low,0.0
CUST004411,840,excellent,90.46,97.27,95.53,57.59,90.49,89.9816,4.33,20,0,0,0,0,0,1,0,78885.76,0.3654,low,0.5
CUST004412,781,excellent,85.6,92.7,66.58,33.02,91.09,80.1709,2.82,6,1,0,0,0,0,0,0,231383.21,0.0471,low,0.0
CUST004413,835,excellent,93.9,97.8,82.81,53.67,90.94,89.0858,4.16,7,0,0,0,0,0,1,5,70568.11,0.8874,low,0.1667
CUST004414,855,excellent,91.82,99.97,99.98,62.63,90.77,92.4639,3.57,11,0,0,0,0,0,1,0,105895.5,0.9096,low,0.5
CUST004415,803,excellent,86.34,98.35,56.55,64.86,91.07,83.8023,9.32,2,0,0,0,0,0,1,1,74321.24,0.6202,low,0.5
CUST004416,718,good,49.77,95.0,65.66,69.57,69.82,69.7062,8.45,6,2,2,0,0,0,1,4,186018.44,0.8844,low,0.2
CUST004417,733,good,95.79,75.61,23.17,46.35,78.01,72.1202,11.22,0,2,0,0,0,0,0,1,456929.79,0.1025,low,0.0
CUST004418,823,excellent,98.66,80.81,98.38,64.91,72.03,87.2257,14.24,17,2,0,0,0,0,1,4,309268.57,0.3452,low,0.2
CUST004419,764,excellent,89.81,98.73,14.0,46.43,94.79,77.2742,5.36,0,0,0,0,0,0,0,2,181515.75,0.0536,low,0.0
CUST004420,709,good,64.03,91.67,33.64,43.11,89.04,68.1701,8.79,0,1,1,0,0,0,0,4,215235.83,0.2196,low,0.0
CUST004421,685,risky,87.86,34.02,46.4,71.45,90.23,64.0866,59.61,3,0,0,0,0,0,1,1,206023.67,0.8622,low,0.5
CUST004422,787,excellent,85.17,88.31,87.55,30.8,87.03,81.2188,5.55,15,1,0,0,0,0,0,5,141423.31,0.0823,low,0.0
CUST004423,603,high_risk,10.15,93.5,60.68,41.22,56.87,50.5136,2.64,2,3,7,1,1,1,0,0,35742.63,0.2023,low,0.0
CUST004424,776,excellent,90.53,84.21,58.3,44.94,92.07,79.3963,12.49,2,0,0,0,0,0,0,7,94027.66,0.0156,low,0.0
CUST004425,784,excellent,86.55,79.05,95.35,31.34,92.01,80.648,11.95,16,0,0,0,0,0,0,6,30142.08,0.0121,low,0.0
CUST004426,821,excellent,99.78,99.53,43.29,57.92,98.09,86.8785,1.37,1,0,0,0,0,0,1,5,274742.67,0.3735,low,0.1667
CUST004427,808,excellent,90.23,89.71,90.77,34.98,90.88,84.6967,10.87,19,0,0,0,0,0,0,2,115173.63,0.1544,low,0.0
CUST004428,790,excellent,77.57,91.94,92.42,35.57,94.71,81.6227,2.02,17,0,1,0,0,0,0,7,69491.31,0.0016,low,0.0
CUST004429,580,high_risk,29.42,78.5,27.54,32.6,54.05,46.6412,13.2,0,4,7,0,0,1,0,3,238222.44,0.6536,low,0.0
CUST004430,595,high_risk,2.63,85.3,89.78,33.53,58.46,49.1777,11.15,13,3,7,1,1,1,0,0,485222.19,0.5984,low,0.0
CUST004431,626,high_risk,31.03,76.78,45.56,51.58,84.87,54.3754,29.12,3,1,2,0,0,0,0,3,88273.44,0.0677,low,0.0
CUST004432,826,excellent,88.11,97.76,96.5,34.56,96.12,87.7101,2.67,13,0,0,0,0,0,0,7,484128.42,0.0748,low,0.0
CUST004433,832,excellent,90.92,86.08,98.87,65.7,96.95,88.741,12.12,11,0,0,0,0,0,1,5,138828.07,0.9232,low,0.1667
CUST004434,828,excellent,95.08,89.11,93.76,46.35,93.2,88.0276,14.17,18,0,0,0,0,0,0,6,402148.04,0.1378,low,0.0
CUST004435,777,excellent,86.9,66.19,98.33,53.48,90.59,79.4304,46.34,11,1,0,0,0,0,0,4,81743.23,0.0464,low,0.0
CUST004436,848,excellent,92.77,95.96,92.68,70.72,90.65,91.2976,5.41,19,0,0,0,0,0,1,7,100301.96,0.9444,low,0.125
CUST004437,589,high_risk,14.56,95.99,52.22,42.19,21.45,48.0908,2.85,4,5,4,0,0,1,0,0,98237.84,0.1846,low,0.0
CUST004438,825,excellent,96.39,86.13,89.3,49.37,96.08,87.5162,13.53,18,0,0,0,0,0,1,3,15404.15,0.3752,low,0.25
CUST004439,778,excellent,89.0,80.8,71.09,48.61,87.28,79.6426,11.97,6,1,0,0,0,0,0,7,176327.29,0.0678,low,0.0
CUST004440,834,excellent,93.54,81.48,86.26,92.45,97.12,89.0776,12.51,10,0,0,0,0,0,2,5,431068.87,0.5496,low,0.2857
CUST004441,832,excellent,96.26,89.14,73.61,74.44,96.82,88.5989,4.7,7,0,0,0,0,0,1,3,178904.74,0.933,low,0.25
CUST004442,746,good,60.57,98.21,70.05,48.22,83.72,74.3629,8.55,6,1,2,0,0,0,0,1,92934.2,0.2398,low,0.0
CUST004443,761,excellent,86.47,92.94,38.87,40.79,87.32,76.7883,3.31,1,1,0,0,0,0,0,0,65069.61,0.1113,low,0.0
CUST004444,801,excellent,95.98,99.24,45.13,42.55,91.17,83.5074,4.05,3,0,0,0,0,0,0,0,96976.15,0.0182,low,0.0
CUST004445,815,excellent,97.08,83.98,82.57,47.36,95.55,85.8498,11.12,8,0,0,0,0,0,0,5,46218.35,0.0855,low,0.0
CUST004446,815,excellent,92.98,94.92,70.74,48.02,94.12,85.8449,5.77,6,0,0,0,0,0,0,1,39865.77,0.0206,low,0.0
CUST004447,857,excellent,98.73,97.13,90.51,66.01,89.37,92.8083,8.84,10,1,0,0,0,0,1,6,80772.21,0.3398,low,0.1429
CUST004448,733,good,64.14,94.48,53.0,72.26,61.86,72.1562,6.03,3,3,1,0,0,0,1,7,76238.08,0.6978,low,0.125
CUST004449,806,excellent,92.85,98.32,59.15,37.46,97.99,84.4119,5.71,3,0,0,0,0,0,0,1,97522.84,0.0293,low,0.0
CUST004450,774,excellent,85.2,85.26,71.11,33.53,96.08,79.0274,11.4,8,0,0,0,0,0,0,5,115675.33,0.0353,low,0.0
CUST004451,606,high_risk,19.15,80.79,79.34,66.73,24.85,50.9969,13.03,8,5,7,0,0,0,1,7,23213.04,1.5726,moderate,0.125
CUST004452,777,excellent,90.89,92.6,47.17,45.45,83.65,79.5754,6.1,1,1,0,0,0,0,0,4,70882.25,0.1152,low,0.0
CUST004453,760,excellent,88.34,72.98,66.74,48.09,89.64,76.5966,38.29,9,1,0,0,0,0,0,4,50167.39,0.0742,low,0.0
CUST004454,762,excellent,63.35,99.24,78.6,40.32,91.75,76.9433,6.1,8,0,1,0,0,0,0,1,739411.85,0.1913,low,0.0
CUST004455,655,risky,31.23,85.84,98.83,35.7,40.69,59.1463,12.32,17,3,2,0,0,0,0,3,38668.37,0.2055,low,0.0
CUST004456,783,excellent,88.36,83.05,77.56,33.63,95.94,80.4324,10.66,6,0,0,0,0,0,0,5,161551.21,0.1412,low,0.0
CUST004457,809,excellent,89.42,95.48,81.01,30.6,96.07,84.7577,5.06,5,0,0,0,0,0,0,2,132520.57,0.1137,low,0.0
CUST004458,810,excellent,86.02,95.24,85.77,39.51,94.37,84.9315,0.83,12,0,0,0,0,0,0,7,225501.34,0.0664,low,0.0
CUST004459,814,excellent,99.09,83.63,85.83,41.41,88.74,85.6608,14.23,13,1,0,0,0,0,0,3,21402.29,0.1666,low,0.0
CUST004460,805,excellent,95.67,88.33,67.34,49.0,91.29,84.1139,4.83,8,0,0,0,0,0,0,5,89673.35,0.0455,low,0.0
CUST004461,824,excellent,99.8,82.21,96.21,44.65,87.96,87.2853,11.44,11,1,0,0,0,0,0,6,70931.97,0.1573,low,0.0
CUST004462,851,excellent,96.83,85.34,96.29,78.8,99.65,91.7826,12.84,12,0,0,0,0,0,1,5,231218.21,0.4042,low,0.1667
CUST004463,802,excellent,98.63,95.57,37.14,49.13,99.47,83.6238,6.88,1,0,0,0,0,0,0,3,509757.66,0.0602,low,0.0
CUST004464,656,risky,26.29,89.89,77.96,70.61,53.77,59.3002,4.49,7,4,7,0,0,0,1,6,137276.25,1.4056,low,0.1429
CUST004465,839,excellent,97.68,95.88,86.36,44.15,94.42,89.7641,2.01,13,0,0,0,0,0,0,1,118344.84,0.1582,low,0.0
CUST004466,804,excellent,96.35,82.42,77.12,62.18,77.69,84.003,14.46,9,2,0,0,0,0,1,3,66432.53,0.768,low,0.25
CUST004467,723,good,53.72,99.74,74.3,34.3,72.37,70.5359,2.09,5,2,1,0,0,0,0,4,14654.21,0.1969,low,0.0
CUST004468,784,excellent,94.68,83.59,55.4,49.49,91.24,80.5995,10.72,2,1,0,0,0,0,0,0,160427.69,0.0043,low,0.0
CUST004469,664,risky,10.53,97.11,90.86,45.84,95.67,60.5996,3.01,18,0,8,1,1,1,0,2,89263.14,0.5037,low,0.0
CUST004470,691,risky,40.13,99.94,54.96,47.43,81.68,65.1837,4.37,2,1,4,0,0,0,0,4,233768.86,0.0853,low,0.0
CUST004471,696,risky,58.89,98.5,18.93,30.74,99.63,66.0398,1.29,0,0,1,0,0,0,0,3,137495.54,0.0602,low,0.0
CUST004472,756,excellent,65.25,88.61,83.42,52.99,87.33,75.9646,10.19,7,1,0,0,0,0,1,2,415813.98,0.355,low,0.3333
CUST004473,693,risky,40.49,90.51,69.65,46.34,90.21,65.4301,3.47,6,1,1,0,0,0,0,3,419903.83,0.2072,low,0.0
CUST004474,674,risky,44.61,78.91,74.32,75.0,54.54,62.3879,13.18,6,3,2,0,0,0,1,4,456331.28,1.1632,low,0.2
CUST004475,810,excellent,86.83,98.59,78.74,41.3,90.83,84.9919,1.39,6,0,0,0,0,0,0,0,220489.46,0.0138,low,0.0
CUST004476,847,excellent,99.75,94.26,78.51,61.75,99.74,91.1163,2.18,9,0,0,0,0,0,1,1,186355.54,0.7577,low,0.5
CUST004477,765,excellent,92.03,94.85,30.84,36.3,85.52,77.4755,1.08,0,1,0,0,0,0,0,5,196905.15,0.0228,low,0.0
CUST004478,817,excellent,94.47,81.44,97.15,46.78,93.55,86.1025,13.33,11,0,0,0,0,0,0,3,251200.56,0.0303,low,0.0
CUST004479,650,risky,21.78,98.43,88.7,37.7,40.27,58.2525,5.46,10,4,7,0,0,0,0,5,105366.61,0.3129,low,0.0
CUST004480,781,excellent,99.57,95.8,13.46,46.1,99.94,80.2116,0.66,0,0,0,0,0,0,0,1,48367.79,0.0658,low,0.0
CUST004481,800,excellent,91.58,90.41,44.75,76.1,98.17,83.3148,1.75,1,0,0,0,0,0,1,2,28557.65,0.3751,low,0.3333
CUST004482,802,excellent,73.18,99.41,94.2,47.68,93.31,83.6655,9.48,16,0,1,0,0,0,0,7,186697.81,0.0867,low,0.0
CUST004483,831,excellent,91.97,93.1,93.46,47.09,96.21,88.4667,8.56,11,0,0,0,0,0,0,5,20185.73,0.0392,low,0.0
CUST004484,784,excellent,98.04,88.35,46.38,37.77,91.1,80.6611,2.45,1,1,0,0,0,0,0,6,92348.4,0.1066,low,0.0
CUST004485,819,excellent,90.42,94.22,86.05,43.7,92.51,86.4388,4.88,15,0,0,0,0,0,0,1,58926.0,0.0515,low,0.0
CUST004486,574,high_risk,4.66,88.39,79.1,31.17,26.09,45.7406,11.63,6,5,0,0,1,1,0,7,90262.9,0.5979,low,0.0
CUST004487,830,excellent,91.24,89.99,99.96,47.0,96.65,88.288,11.04,20,0,0,0,0,0,1,3,14009.25,0.5532,low,0.25
CUST004488,693,risky,48.91,88.13,70.46,45.71,67.48,65.4449,6.21,5,2,1,0,0,0,0,4,118815.19,0.2202,low,0.0
CUST004489,745,good,67.66,82.39,87.2,44.31,82.7,74.1782,14.9,10,1,0,0,0,0,0,6,88353.12,0.0246,low,0.0
CUST004490,783,excellent,95.71,94.93,31.24,49.8,89.26,80.5689,1.15,1,1,0,0,0,0,1,4,333268.44,0.9812,low,0.2
CUST004491,758,excellent,85.91,93.09,37.07,33.32,93.77,76.2632,7.18,1,0,0,0,0,0,0,3,40605.73,0.1525,low,0.0
CUST004492,798,excellent,94.53,85.79,53.69,67.53,93.82,83.0119,13.43,3,0,0,0,0,0,1,6,52107.05,0.8001,low,0.1429
CUST004493,821,excellent,91.95,88.34,88.62,61.2,86.88,86.7877,14.7,15,1,0,0,0,0,1,4,30605.87,0.7149,low,0.2
CUST004494,823,excellent,91.65,95.14,83.56,45.24,94.51,87.1284,2.28,5,0,0,0,0,0,0,1,50432.0,0.0091,low,0.0
CUST004495,816,excellent,93.4,94.67,76.3,44.25,91.07,86.0682,4.11,7,1,0,0,0,0,0,6,78225.17,0.0014,low,0.0
CUST004496,741,good,64.88,84.57,75.39,78.32,72.79,73.5009,12.15,8,2,3,0,0,0,1,3,134357.21,1.476,low,0.25
CUST004497,781,excellent,91.78,81.71,67.68,55.25,78.29,80.1406,11.79,9,2,0,0,0,0,1,6,113833.69,0.3849,low,0.1429
CUST004498,803,excellent,88.9,94.66,70.84,44.77,92.53,83.8686,8.26,6,0,0,0,0,0,0,6,115369.32,0.0592,low,0.0
CUST004499,802,excellent,87.08,88.55,79.83,50.59,96.29,83.7078,12.15,7,0,0,0,0,0,1,0,117049.19,0.9417,low,0.5
CUST004500,764,excellent,90.7,59.24,92.29,47.21,92.42,77.3246,35.17,12,0,0,0,0,0,0,7,138657.45,0.0662,low,0.0
CUST004501,806,excellent,91.68,88.23,79.37,45.8,92.1,84.2542,5.69,9,0,0,0,0,0,1,7,87405.59,0.4702,low,0.125
CUST004502,761,excellent,94.67,64.3,69.19,52.22,88.58,76.8856,45.49,8,1,0,0,0,0,0,3,36138.69,0.0634,low,0.0
CUST004503,643,high_risk,54.12,34.17,94.16,50.79,87.45,57.1399,60.34,19,1,2,0,0,0,0,6,70127.14,0.0338,low,0.0
CUST004504,642,high_risk,59.15,44.15,90.48,50.17,44.49,56.9851,69.53,20,4,2,0,0,0,0,6,71404.13,0.0552,low,0.0
CUST004505,835,excellent,90.73,88.87,94.54,67.42,97.64,89.102,0.7,17,0,0,0,0,0,1,3,159652.08,0.6314,low,0.25
CUST004506,771,excellent,86.7,97.23,50.26,39.56,74.32,78.4434,7.79,3,2,0,0,0,0,0,6,141402.53,0.127,low,0.0
CUST004507,789,excellent,92.62,95.43,48.58,38.53,93.86,81.5722,4.92,2,0,0,0,0,0,0,6,131723.63,0.0807,low,0.0
CUST004508,686,risky,29.88,91.25,88.08,78.94,63.82,64.3218,0.14,19,4,5,0,0,0,1,7,122345.35,2.0695,moderate,0.125
CUST004509,766,excellent,85.47,56.92,94.78,81.58,83.54,77.7198,46.5,20,1,0,0,0,0,2,6,223903.25,0.8381,low,0.25
CUST004510,785,excellent,99.09,76.87,66.06,48.87,82.43,80.7816,14.99,8,1,0,0,0,0,0,0,109838.05,0.1226,low,0.0
CUST004511,562,high_risk,21.84,80.34,15.09,34.1,63.28,43.7455,12.29,0,4,8,1,0,1,0,4,80579.38,0.5756,low,0.0
CUST004512,809,excellent,85.7,89.72,76.92,70.89,93.67,84.9044,8.94,7,0,0,0,0,0,1,3,64868.19,0.7828,low,0.25
CUST004513,706,good,53.18,89.0,76.72,39.29,69.97,67.7447,8.43,5,2,4,0,0,0,0,4,118174.69,0.1859,low,0.0
CUST004514,770,excellent,97.2,75.47,58.35,35.02,93.76,78.2931,14.38,2,0,0,0,0,0,0,0,56328.45,0.0052,low,0.0
CUST004515,817,excellent,94.83,97.45,78.79,37.62,82.19,86.2253,3.55,5,1,0,0,0,0,0,1,325761.07,0.0628,low,0.0
CUST004516,804,excellent,96.8,91.66,48.6,62.09,91.76,84.0525,4.5,4,0,0,0,0,0,1,6,111978.21,0.4682,low,0.1429
CUST004517,803,excellent,99.92,92.07,50.71,44.74,90.84,83.7572,8.81,2,0,0,0,0,0,0,6,48850.33,0.0824,low,0.0
CUST004518,660,risky,55.78,75.48,34.68,40.71,85.56,59.9943,13.09,1,1,2,0,0,0,0,2,38981.06,0.127,low,0.0
CUST004519,820,excellent,91.37,91.15,70.8,71.68,96.11,86.7207,5.43,5,0,0,0,0,0,1,2,63476.56,0.5664,low,0.3333
CUST004520,755,excellent,91.4,84.2,37.89,30.21,98.48,75.8023,12.82,1,0,0,0,0,0,0,0,45103.21,0.0473,low,0.0
CUST004521,790,excellent,89.47,93.76,57.3,49.81,87.03,81.7202,8.94,3,1,0,0,0,0,0,6,119012.68,0.1601,low,0.0
CUST004522,850,excellent,93.53,95.88,89.4,73.59,94.45,91.7144,7.75,17,0,0,0,0,0,1,7,50058.56,0.6734,low,0.125
CUST004523,793,excellent,95.43,93.54,52.64,35.49,93.07,82.2151,2.5,2,0,0,0,0,0,0,5,59992.98,0.1138,low,0.0
CUST004524,777,excellent,87.02,88.15,50.7,51.52,98.73,79.5293,12.6,3,0,0,0,0,0,1,1,72358.71,0.5907,low,0.5
CUST004525,642,high_risk,22.95,95.99,49.25,46.75,81.27,57.0184,2.25,4,1,7,0,0,1,0,4,79348.47,0.1684,low,0.0
CUST004526,706,good,56.4,92.24,66.88,31.37,70.5,67.6325,4.47,9,2,2,0,0,0,0,5,88657.27,0.1349,low,0.0
CUST004527,792,excellent,90.49,75.44,92.6,43.54,95.01,82.0481,14.86,15,0,0,0,0,0,0,4,896051.85,0.1282,low,0.0
CUST004528,786,excellent,97.46,94.94,31.9,47.3,88.31,80.9371,1.39,1,1,0,0,0,0,0,0,168979.38,0.1602,low,0.0
CUST004529,791,excellent,87.83,99.12,57.49,36.12,90.64,81.7743,4.08,2,0,0,0,0,0,0,5,213832.4,0.0648,low,0.0
CUST004530,817,excellent,86.28,99.55,81.48,43.57,94.85,86.1273,1.89,7,0,0,0,0,0,0,2,227172.38,0.077,low,0.0
CUST004531,785,excellent,86.26,76.3,86.79,62.31,85.13,80.8421,12.36,16,1,0,0,0,0,1,5,86311.81,0.8933,low,0.1667
CUST004532,788,excellent,86.69,77.38,97.46,59.4,72.49,81.3649,13.94,10,2,0,0,0,0,0,4,186462.38,0.1043,low,0.0
CUST004533,784,excellent,85.55,91.49,74.05,34.25,88.19,80.7408,2.17,7,1,0,0,0,0,0,2,17700.12,0.1012,low,0.0
CUST004534,723,good,48.36,85.13,88.35,71.34,76.58,70.5079,14.1,11,2,3,0,0,0,1,0,59977.44,0.7563,low,0.5
CUST004535,808,excellent,93.31,89.59,85.36,40.13,82.86,84.6405,8.19,15,1,0,0,0,0,0,2,96203.38,0.025,low,0.0
CUST004536,808,excellent,90.51,85.51,97.64,46.29,81.28,84.7339,11.52,12,1,0,0,0,0,0,2,20349.1,0.1139,low,0.0
CUST004537,696,risky,52.46,99.97,38.5,34.87,84.45,66.0565,9.72,1,1,1,0,0,0,0,5,111973.23,0.0905,low,0.0
CUST004538,614,high_risk,13.05,89.87,96.1,39.49,23.99,52.2916,12.13,19,6,5,0,0,1,0,3,47666.8,0.5329,low,0.0
CUST004539,596,high_risk,26.62,88.13,33.01,74.54,20.9,49.2504,8.2,1,5,7,0,0,0,1,3,141011.19,1.8243,moderate,0.25
CUST004540,847,excellent,98.25,96.93,90.46,45.52,95.1,91.0957,2.96,18,0,0,0,0,0,0,7,73267.2,0.0719,low,0.0
CUST004541,785,excellent,72.96,79.48,95.72,74.42,96.01,80.7809,14.66,14,0,1,0,0,0,1,3,209483.94,0.5826,low,0.25
CUST004542,820,excellent,94.86,97.67,63.46,47.06,98.62,86.5887,2.9,2,0,0,0,0,0,0,4,33257.35,0.0316,low,0.0
CUST004543,831,excellent,91.2,99.23,82.32,76.12,68.23,88.4687,8.19,8,2,0,0,0,0,2,7,56295.98,0.6476,low,0.2222
CUST004544,615,high_risk,23.49,97.63,40.4,75.76,23.1,52.4589,0.22,1,6,6,0,0,0,1,7,94129.32,1.1685,low,0.125
CUST004545,794,excellent,75.11,99.03,77.58,49.64,96.57,82.2559,6.47,5,0,1,0,0,0,0,7,175335.93,0.1343,low,0.0
CUST004546,815,excellent,94.58,92.97,64.11,54.77,98.19,85.9063,5.94,3,0,0,0,0,0,1,0,108918.84,0.6819,low,0.5
CUST004547,818,excellent,91.19,89.73,89.58,55.37,84.84,86.2931,2.66,11,1,0,0,0,0,1,0,662916.28,0.5783,low,0.5
CUST004548,704,good,61.36,78.38,75.25,36.2,74.58,67.3549,11.86,7,2,1,0,0,0,0,5,23735.83,0.2016,low,0.0
CUST004549,691,risky,42.39,86.64,93.59,32.64,69.97,65.1262,12.95,15,2,4,0,0,0,0,2,68196.53,0.0313,low,0.0
CUST004550,842,excellent,92.1,96.67,93.47,68.88,82.07,90.3519,4.14,14,1,0,0,0,0,1,5,122996.44,0.3384,low,0.1667
CUST004551,823,excellent,94.98,99.48,90.2,30.02,76.11,87.2315,3.33,13,2,0,0,0,0,0,3,125423.8,0.0408,low,0.0
CUST004552,655,risky,26.13,89.97,84.17,67.9,46.46,59.197,13.06,6,4,4,0,0,0,1,6,290134.57,1.2784,low,0.1429
CUST004553,771,excellent,79.5,77.73,92.99,40.98,92.29,78.4204,13.51,13,0,1,0,0,0,0,4,34838.37,0.0375,low,0.0
CUST004554,794,excellent,76.25,99.0,83.57,42.24,92.51,82.3936,8.52,6,0,0,0,0,0,0,6,29253.3,0.1571,low,0.0
CUST004555,681,risky,45.1,88.71,67.88,42.71,66.29,63.4802,10.21,5,2,2,0,0,0,0,0,105893.63,0.0828,low,0.0
CUST004556,665,risky,56.81,88.51,42.42,38.78,40.85,60.7642,5.95,1,3,3,0,0,0,0,4,797064.92,0.0103,low,0.0
CUST004557,817,excellent,91.74,85.5,74.0,75.53,97.52,86.1644,12.99,8,0,0,0,0,0,1,0,94786.06,0.6516,low,0.5
CUST004558,803,excellent,91.58,79.28,90.88,46.41,97.41,83.8518,17.66,11,0,0,0,0,0,0,0,61464.75,0.1391,low,0.0
CUST004559,712,good,42.67,92.98,80.04,46.57,91.87,68.6778,4.8,7,1,3,0,0,0,0,6,44527.2,0.2047,low,0.0
CUST004560,685,risky,54.96,82.85,46.08,34.46,96.8,64.1311,14.41,1,0,4,0,0,0,0,5,70767.88,0.0053,low,0.0
CUST004561,557,high_risk,10.68,75.29,60.81,46.17,27.88,42.8496,10.32,3,6,5,1,0,1,0,2,188123.7,0.5597,low,0.0
CUST004562,745,good,86.86,96.57,15.34,33.97,90.46,74.1157,6.84,0,1,0,0,0,0,0,5,411178.02,0.0728,low,0.0
CUST004563,724,good,85.91,75.5,30.67,40.89,92.7,70.6752,11.5,1,0,0,0,0,0,0,7,187546.43,0.1001,low,0.0
CUST004564,721,good,65.28,97.09,31.95,36.29,98.14,70.2099,2.29,0,0,1,0,0,0,0,7,58527.97,0.1591,low,0.0
CUST004565,817,excellent,91.7,96.02,89.59,35.41,83.46,86.2292,1.1,16,1,0,0,0,0,0,0,69638.63,0.088,low,0.0
CUST004566,852,excellent,98.14,91.73,92.4,75.3,87.36,91.9919,9.26,13,1,0,0,0,0,1,5,247691.73,0.6839,low,0.1667
CUST004567,847,excellent,99.68,95.18,97.18,45.93,85.63,91.173,9.22,11,1,0,0,0,0,0,7,400628.73,0.0644,low,0.0
CUST004568,692,risky,74.61,82.97,17.95,31.16,84.53,65.2645,14.3,0,1,0,0,0,0,0,1,109231.88,0.0011,low,0.0
CUST004569,805,excellent,90.33,88.91,71.17,69.48,82.5,84.1629,0.21,6,1,0,0,0,0,1,1,35593.19,0.9269,low,0.5
CUST004570,821,excellent,88.39,91.34,99.5,38.2,97.26,86.8071,3.51,14,0,0,0,0,0,0,7,124207.09,0.0273,low,0.0
CUST004571,589,high_risk,13.75,86.95,47.82,43.11,57.42,48.1228,13.23,3,4,4,0,0,1,0,2,492986.12,0.296,low,0.0
CUST004572,725,good,42.87,97.13,93.9,45.93,80.04,70.8261,8.93,15,1,3,0,0,0,0,4,53923.07,0.0114,low,0.0
CUST004573,810,excellent,99.03,93.08,54.0,45.65,97.44,84.9949,8.23,3,0,0,0,0,0,1,3,241025.83,0.9836,low,0.25
CUST004574,821,excellent,96.51,96.83,56.39,74.79,79.87,86.7514,8.92,3,2,0,0,0,0,1,5,123778.57,0.3764,low,0.1667
CUST004575,802,excellent,86.32,99.09,63.79,45.56,95.65,83.6287,8.16,2,0,0,0,0,0,1,5,43559.81,0.4014,low,0.1667
CUST004576,690,risky,68.35,86.56,13.01,35.36,95.96,64.975,12.78,0,0,1,0,0,0,0,1,58356.6,0.0919,low,0.0
CUST004577,840,excellent,99.97,92.74,72.94,71.13,91.42,90.009,5.45,7,0,0,0,0,0,1,2,134894.06,0.4764,low,0.3333
CUST004578,806,excellent,85.2,91.15,93.12,35.53,96.23,84.3115,2.48,19,0,0,0,0,0,0,0,132393.89,0.1387,low,0.0
CUST004579,680,risky,53.38,89.43,41.93,33.02,81.57,63.2607,5.07,1,1,3,0,0,0,0,3,840487.25,0.176,low,0.0
CUST004580,825,excellent,95.79,90.68,97.65,53.75,67.43,87.4981,2.0,11,2,0,0,0,0,1,7,327789.31,0.784,low,0.125
CUST004581,824,excellent,92.36,82.07,99.41,64.79,90.54,87.3912,10.85,15,0,0,0,0,0,1,1,102086.48,0.9166,low,0.5
CUST004582,798,excellent,85.25,95.51,68.87,52.0,90.44,83.0663,7.12,8,1,0,0,0,0,1,0,208533.96,0.8973,low,0.5
CUST004583,814,excellent,96.3,78.37,97.25,43.34,94.87,85.6255,12.85,17,0,0,0,0,0,0,0,33526.29,0.0484,low,0.0
CUST004584,629,high_risk,12.56,98.46,81.91,42.64,43.35,54.82,1.68,5,3,3,0,1,1,0,0,85647.71,0.2908,low,0.0
CUST004585,704,good,60.39,91.37,55.63,34.67,69.81,67.3397,2.74,2,2,1,0,0,0,0,3,228171.03,0.0788,low,0.0
CUST004586,757,excellent,88.8,83.77,41.21,55.04,82.89,76.1844,13.3,1,1,0,0,0,0,1,4,145344.46,0.9678,low,0.2
CUST004587,798,excellent,96.7,78.55,82.51,40.0,91.43,82.9269,11.56,5,0,0,0,0,0,0,4,33480.94,0.0852,low,0.0
CUST004588,806,excellent,86.98,89.58,98.03,32.8,89.83,84.2838,8.69,15,1,0,0,0,0,0,3,176303.52,0.1264,low,0.0
CUST004589,841,excellent,89.46,95.72,96.57,71.07,85.8,90.2012,4.71,16,1,0,0,0,0,1,7,106295.46,0.7794,low,0.125
CUST004590,806,excellent,98.38,80.6,68.06,60.03,94.98,84.3249,11.92,8,0,0,0,0,0,1,1,93074.06,0.9746,low,0.5
CUST004591,801,excellent,73.09,97.96,80.72,72.68,90.82,83.4276,9.38,8,0,0,0,0,0,1,0,63114.15,0.7783,low,0.5
CUST004592,754,excellent,67.58,89.32,68.69,54.02,94.37,75.5935,1.27,6,0,1,0,0,0,1,1,43321.43,0.3633,low,0.5
CUST004593,734,good,78.24,90.28,36.94,32.62,90.92,72.3612,1.31,1,0,0,0,0,0,0,4,99929.73,0.1443,low,0.0
CUST004594,765,excellent,97.3,46.64,72.23,89.95,96.28,77.5043,51.78,6,0,0,0,0,0,2,7,161999.11,0.6138,low,0.2222
CUST004595,780,excellent,92.44,85.97,49.32,47.67,96.72,79.9823,12.6,4,0,0,0,0,0,0,7,93850.72,0.096,low,0.0
CUST004596,792,excellent,73.98,92.79,94.85,45.87,93.82,81.9301,7.9,16,0,0,0,0,0,0,7,119196.28,0.0989,low,0.0
CUST004597,773,excellent,65.19,87.31,77.27,84.94,98.17,78.9095,13.53,5,0,0,0,0,0,2,3,180956.05,0.5192,low,0.4
CUST004598,827,excellent,95.44,94.75,89.41,38.44,87.02,87.7887,4.94,13,1,0,0,0,0,0,2,1343811.51,0.0752,low,0.0
CUST004599,840,excellent,90.58,88.16,96.33,76.2,97.45,89.9652,1.99,18,0,0,0,0,0,2,4,41750.73,0.4838,low,0.3333
CUST004600,804,excellent,90.88,85.37,95.42,42.29,80.4,84.0002,12.04,15,1,0,0,0,0,0,0,26950.27,0.0292,low,0.0
CUST004601,814,excellent,77.81,95.41,97.71,66.37,84.99,85.6472,2.91,11,1,1,0,0,0,2,3,184287.51,0.6145,low,0.4
CUST004602,809,excellent,88.58,85.15,80.06,70.4,91.64,84.7611,10.31,7,0,0,0,0,0,1,2,157345.94,0.9928,low,0.3333
CUST004603,745,good,85.54,92.42,26.93,32.34,92.88,74.2269,2.69,0,0,0,0,0,0,0,4,60094.65,0.1647,low,0.0
CUST004604,849,excellent,99.83,96.76,85.7,47.63,98.67,91.4549,2.6,13,0,0,0,0,0,0,4,349413.9,0.1288,low,0.0
CUST004605,778,excellent,86.28,94.41,51.65,43.11,90.74,79.6529,1.68,3,0,0,0,0,0,0,0,23842.22,0.0773,low,0.0
CUST004606,828,excellent,89.9,93.08,98.0,48.11,90.75,87.9762,0.15,15,0,0,0,0,0,0,1,188744.78,0.0243,low,0.0
CUST004607,808,excellent,99.84,90.33,81.38,35.42,68.65,84.6563,7.03,5,2,0,0,0,0,0,2,87326.68,0.0187,low,0.0
CUST004608,819,excellent,94.35,91.95,87.52,34.63,92.93,86.4893,0.48,13,0,0,0,0,0,0,0,90558.54,0.1466,low,0.0
CUST004609,742,good,85.47,88.63,35.46,33.38,84.41,73.6024,1.82,1,1,0,0,0,0,0,3,213834.07,0.0677,low,0.0
CUST004610,807,excellent,97.96,82.93,80.75,41.68,90.61,84.5077,13.29,7,1,0,0,0,0,0,4,70603.43,0.0773,low,0.0
CUST004611,-1,no_history,95.66,84.48,19.4,34.72,92.38,74.4462,11.32,0,0,0,0,0,0,0,1,196804.31,0.046,low,0.0
CUST004612,740,good,86.93,80.66,30.78,53.41,88.22,73.4031,11.24,1,1,0,0,0,0,1,1,118255.52,0.4135,low,0.5
CUST004613,784,excellent,78.79,88.4,97.16,35.59,84.52,80.6793,5.16,14,1,1,0,0,0,0,1,239632.0,0.0258,low,0.0
CUST004614,764,excellent,89.89,84.91,50.46,32.8,95.49,77.331,10.6,2,0,0,0,0,0,0,2,16461.14,0.0344,low,0.0
CUST004615,827,excellent,93.89,90.26,95.53,42.15,94.18,87.8998,0.85,14,0,0,0,0,0,0,6,314947.2,0.0492,low,0.0
CUST004616,850,excellent,93.99,87.87,88.6,92.51,98.42,91.6399,14.99,12,0,0,0,0,0,2,6,385538.2,0.7169,low,0.25
CUST004617,763,excellent,90.54,76.77,56.62,49.17,90.34,77.1629,10.12,2,0,0,0,0,0,0,0,35223.95,0.152,low,0.0
CUST004618,837,excellent,95.1,95.97,87.54,46.91,96.59,89.5584,1.31,10,0,0,0,0,0,1,7,44902.98,0.5305,low,0.125
CUST004619,773,excellent,94.27,56.78,87.78,60.7,95.59,78.826,34.41,13,0,0,0,0,0,0,5,44525.58,0.1016,low,0.0
CUST004620,749,good,89.52,86.03,30.65,34.94,96.31,74.8624,11.34,1,0,0,0,0,0,0,6,67730.13,0.0889,low,0.0
CUST004621,786,excellent,91.8,79.99,74.29,54.71,83.25,81.0652,11.58,7,1,0,0,0,0,2,7,87906.9,0.4777,low,0.2222
CUST004622,786,excellent,94.5,78.97,73.75,78.82,53.67,81.0773,13.11,8,3,0,0,0,0,2,3,46016.64,0.6416,low,0.4
CUST004623,812,excellent,95.66,88.07,83.86,38.86,88.85,85.2502,3.1,8,1,0,0,0,0,0,0,160774.38,0.1551,low,0.0
CUST004624,776,excellent,86.77,77.7,87.56,38.35,86.17,79.2635,13.56,14,1,0,0,0,0,0,7,403866.49,0.0415,low,0.0
CUST004625,810,excellent,85.91,97.75,88.78,45.83,77.45,85.0386,5.97,12,2,0,0,0,0,1,4,213072.09,0.8842,low,0.2
CUST004626,680,risky,49.2,80.14,71.8,31.43,80.8,63.2536,14.43,7,1,3,0,0,0,0,1,136523.21,0.0187,low,0.0
CUST004627,809,excellent,88.19,82.54,99.45,49.59,93.89,84.8937,11.22,10,0,0,0,0,0,0,4,83426.48,0.108,low,0.0
CUST004628,821,excellent,86.78,96.08,75.4,68.6,95.36,86.9055,7.64,8,0,0,0,0,0,1,1,1461066.29,0.7026,low,0.5
CUST004629,670,risky,16.96,96.31,94.15,75.57,61.4,61.6503,5.72,16,3,4,0,0,0,1,1,189982.35,1.2668,low,0.5
CUST004630,804,excellent,96.54,84.82,73.86,38.02,98.65,83.9828,13.98,7,0,0,0,0,0,0,7,228628.73,0.0782,low,0.0
CUST004631,835,excellent,85.21,99.73,99.76,54.75,90.58,89.239,1.8,10,0,0,0,0,0,1,7,79298.93,0.4263,low,0.125
CUST004632,772,excellent,98.53,92.65,16.81,43.02,94.97,78.6029,7.19,0,0,0,0,0,0,0,0,72415.18,0.1539,low,0.0
CUST004633,771,excellent,86.86,81.74,71.93,47.62,80.69,78.5451,10.77,7,1,0,0,0,0,0,5,337375.89,0.0826,low,0.0
CUST004634,823,excellent,91.5,94.35,92.93,36.91,91.31,87.0911,2.68,15,0,0,0,0,0,0,0,403450.33,0.0466,low,0.0
CUST004635,774,excellent,85.77,75.29,65.23,73.26,92.75,78.9924,14.85,5,0,0,0,0,0,1,7,23257.76,0.705,low,0.125
CUST004636,836,excellent,98.35,93.64,88.01,38.4,98.2,89.3759,8.17,12,0,0,0,0,0,0,4,40332.35,0.0842,low,0.0
CUST004637,823,excellent,99.43,93.64,50.8,74.05,92.18,87.1356,3.21,3,0,0,0,0,0,1,2,223533.48,0.6641,low,0.3333
CUST004638,788,excellent,86.16,99.74,58.21,34.75,90.69,81.353,1.97,4,1,0,0,0,0,0,1,8372.39,0.0535,low,0.0
CUST004639,803,excellent,92.48,98.45,52.52,41.92,99.41,83.9134,8.69,3,0,0,0,0,0,0,5,105482.71,0.0873,low,0.0
CUST004640,797,excellent,95.83,81.65,85.39,34.66,84.83,82.7927,14.59,18,1,0,0,0,0,0,2,187707.52,0.0261,low,0.0
CUST004641,807,excellent,89.55,97.13,65.94,45.51,95.45,84.4685,7.94,5,0,0,0,0,0,1,4,27085.98,0.7257,low,0.2
CUST004642,778,excellent,85.29,77.49,98.73,32.11,86.2,79.7393,11.38,17,1,0,0,0,0,0,5,97987.73,0.0427,low,0.0
CUST004643,849,excellent,95.71,98.81,90.13,62.86,85.05,91.4508,4.44,11,1,0,0,0,0,1,4,108278.54,0.6366,low,0.2
CUST004644,671,risky,12.43,98.3,99.11,78.51,62.94,61.8501,1.16,15,4,4,0,0,0,1,5,63631.89,2.121,moderate,0.1667
CUST004645,802,excellent,87.68,92.7,74.62,46.5,93.43,83.683,2.55,8,0,0,0,0,0,0,0,134538.76,0.0783,low,0.0
CUST004646,765,excellent,68.49,95.44,56.24,76.14,88.29,77.4819,6.92,3,1,1,0,0,0,1,4,400082.71,0.3463,low,0.2
CUST004647,782,excellent,79.79,90.66,74.49,49.53,90.07,80.2581,6.79,8,1,0,0,0,0,0,0,85272.77,0.1298,low,0.0
CUST004648,839,excellent,97.03,99.13,94.42,37.24,82.8,89.8658,1.09,13,1,0,0,0,0,0,3,111470.87,0.0517,low,0.0
CUST004649,698,risky,77.9,61.4,45.03,63.08,75.97,66.346,44.9,3,2,0,0,0,0,0,7,215099.57,0.034,low,0.0
CUST004650,777,excellent,91.94,99.28,32.14,44.68,82.23,79.4751,0.97,0,1,0,0,0,0,0,2,74569.44,0.1568,low,0.0
CUST004651,622,high_risk,27.19,88.18,67.26,30.34,44.96,53.5875,4.85,8,3,3,0,0,0,0,5,54600.97,0.0028,low,0.0
CUST004652,738,good,45.65,97.73,99.59,63.13,75.35,73.083,6.99,12,2,4,0,0,0,1,1,88348.14,1.219,low,0.5
CUST004653,795,excellent,93.37,96.49,53.72,32.28,95.2,82.4326,2.74,3,0,0,0,0,0,0,0,209003.48,0.0904,low,0.0
CUST004654,820,excellent,87.08,99.65,72.63,58.19,95.84,86.6708,3.24,6,0,0,0,0,0,1,2,213342.94,0.635,low,0.3333
CUST004655,801,excellent,85.47,96.46,73.56,42.81,93.74,83.538,9.06,7,0,0,0,0,0,0,3,133390.27,0.1173,low,0.0
CUST004656,843,excellent,99.19,92.69,78.08,72.16,90.28,90.4815,5.67,6,0,0,0,0,0,1,4,38724.84,0.6426,low,0.2
CUST004657,823,excellent,95.94,89.11,71.44,66.13,95.07,87.1474,5.41,5,0,0,0,0,0,1,2,133016.12,0.5568,low,0.3333
CUST004658,734,good,94.26,38.96,91.35,48.45,91.82,72.4058,55.8,16,0,0,0,0,0,0,1,129124.03,0.0969,low,0.0
CUST004659,789,excellent,89.48,78.01,80.88,54.55,91.74,81.4839,22.0,8,0,0,0,0,0,0,3,111916.97,0.1546,low,0.0
CUST004660,675,risky,47.34,78.61,84.29,61.33,46.4,62.5704,10.52,5,3,4,0,0,0,1,6,353473.92,1.045,low,0.1429
CUST004661,821,excellent,86.41,97.51,89.82,48.23,90.63,86.858,5.92,13,1,0,0,0,0,0,3,140297.85,0.028,low,0.0
CUST004662,803,excellent,91.54,81.87,96.53,35.26,92.51,83.8586,11.02,14,0,0,0,0,0,0,4,237082.63,0.1576,low,0.0
CUST004663,849,excellent,98.36,89.03,99.8,62.24,92.13,91.5412,14.24,14,0,0,0,0,0,1,4,48577.07,0.9838,low,0.2
CUST004664,817,excellent,99.7,92.25,71.99,32.64,96.08,86.2392,3.0,7,0,0,0,0,0,0,0,71537.61,0.0518,low,0.0
CUST004665,800,excellent,87.93,89.82,86.95,42.29,83.6,83.3508,2.92,15,1,0,0,0,0,0,5,127152.38,0.149,low,0.0
CUST004666,787,excellent,85.52,79.51,84.82,61.1,85.02,81.1217,12.04,5,1,0,0,0,0,1,3,245203.15,0.5747,low,0.25
CUST004667,837,excellent,94.09,90.54,94.19,53.65,98.96,89.4826,5.02,11,0,0,0,0,0,1,5,65458.71,0.6128,low,0.1667
CUST004668,817,excellent,89.7,90.95,74.75,78.34,85.15,86.2402,3.81,5,1,0,0,0,0,1,4,116909.63,0.5297,low,0.2
CUST004669,747,good,78.13,92.95,46.18,35.3,87.51,74.4387,6.97,1,1,0,0,0,0,0,2,28655.55,0.165,low,0.0
CUST004670,789,excellent,99.63,78.16,82.1,41.69,67.18,81.5205,11.44,5,2,0,0,0,0,0,4,201891.67,0.0922,low,0.0
CUST004671,824,excellent,94.51,88.3,99.76,34.43,93.11,87.2863,4.18,15,0,0,0,0,0,0,3,214216.09,0.0105,low,0.0
CUST004672,745,good,90.3,94.79,17.56,31.55,83.84,74.2165,0.99,0,1,0,0,0,0,0,0,17610.13,0.0329,low,0.0
CUST004673,728,good,53.7,90.51,86.88,31.77,91.98,71.3548,8.99,15,0,4,0,0,0,0,4,144771.08,0.1862,low,0.0
CUST004674,819,excellent,97.48,92.29,46.5,88.11,88.79,86.4694,5.41,1,1,0,0,0,0,2,6,82236.32,0.8088,low,0.25
CUST004675,816,excellent,99.82,80.34,97.71,32.58,90.22,85.9769,10.65,10,0,0,0,0,0,0,2,49948.31,0.1646,low,0.0
CUST004676,836,excellent,97.09,89.45,84.28,60.15,99.27,89.4023,1.49,8,0,0,0,0,0,1,1,86998.23,0.5689,low,0.5
CUST004677,812,excellent,98.67,85.56,71.18,60.85,83.99,85.3664,24.09,6,1,0,0,0,0,0,7,36480.37,0.1608,low,0.0
CUST004678,778,excellent,72.9,87.33,94.63,39.93,98.31,79.7324,10.3,16,0,0,0,0,0,0,1,72836.88,0.0075,low,0.0
CUST004679,812,excellent,98.39,90.69,66.65,38.14,99.49,85.4035,6.24,8,0,0,0,0,0,0,2,34170.73,0.1158,low,0.0
CUST004680,840,excellent,94.94,83.82,99.87,73.54,93.23,90.0315,11.24,19,0,0,0,0,0,1,7,585321.7,0.8281,low,0.125
CUST004681,756,excellent,55.94,99.74,85.54,45.85,90.17,75.9348,9.53,11,0,1,0,0,0,0,4,25813.58,0.1548,low,0.0
CUST004682,774,excellent,94.17,82.97,49.46,44.15,93.8,79.0638,11.63,4,0,0,0,0,0,0,4,64084.9,0.0136,low,0.0
CUST004683,839,excellent,91.63,94.38,86.66,77.5,87.49,89.885,5.72,20,1,0,0,0,0,2,5,286760.76,0.7773,low,0.2857
CUST004684,698,risky,53.3,88.26,80.91,40.4,49.71,66.2829,1.7,5,3,3,0,0,0,0,1,42289.28,0.2231,low,0.0
CUST004685,846,excellent,98.57,88.63,88.48,68.35,98.31,91.0255,12.53,10,0,0,0,0,0,1,0,75748.74,0.4717,low,0.5
CUST004686,761,excellent,85.26,90.3,49.05,41.17,83.49,76.7543,5.56,2,1,0,0,0,0,0,1,43538.93,0.1347,low,0.0
CUST004687,603,high_risk,5.17,78.22,91.38,37.19,78.78,50.5814,11.95,17,2,7,0,1,1,0,6,56922.44,0.2597,low,0.0
CUST004688,786,excellent,87.14,88.31,61.12,53.06,94.98,80.9653,4.74,3,0,0,0,0,0,1,7,112410.61,0.6514,low,0.125
CUST004689,807,excellent,85.82,94.76,99.45,45.58,65.82,84.5237,1.13,16,2,0,0,0,0,1,7,246545.02,0.3682,low,0.125
CUST004690,674,risky,63.23,42.31,98.41,64.49,72.82,62.3159,69.42,16,2,4,0,0,0,1,2,86449.15,1.2473,low,0.3333
CUST004691,659,risky,43.18,96.64,53.27,34.88,42.51,59.8372,4.85,3,4,3,0,0,0,0,0,291936.54,0.096,low,0.0
CUST004692,786,excellent,86.02,83.36,71.17,60.76,91.49,81.0151,10.95,5,0,0,0,0,0,1,5,48184.68,0.4207,low,0.1667
CUST004693,831,excellent,89.5,97.06,87.4,68.28,81.86,88.5672,2.46,13,1,0,0,0,0,1,6,128140.58,0.5661,low,0.1429
CUST004694,694,risky,43.29,83.77,79.61,35.48,98.16,65.5877,13.16,9,0,4,0,0,0,0,2,38094.85,0.0865,low,0.0
CUST004695,847,excellent,98.95,96.93,68.68,79.24,92.27,91.1632,6.9,5,0,0,0,0,0,1,6,27412.03,0.5655,low,0.1429
CUST004696,813,excellent,98.49,95.51,92.19,43.45,41.84,85.4826,6.21,16,3,0,0,0,0,0,1,103984.45,0.0853,low,0.0
CUST004697,767,excellent,86.16,90.67,49.33,43.3,87.45,77.8333,8.91,2,1,0,0,0,0,0,1,48617.97,0.0455,low,0.0
CUST004698,702,good,51.52,77.72,95.43,61.83,62.04,67.0495,10.4,12,3,4,0,0,0,1,0,55396.75,1.3969,low,0.5
CUST004699,622,high_risk,17.44,95.62,51.18,43.27,69.29,53.7237,9.36,4,2,8,1,0,1,0,4,368511.02,0.5872,low,0.0
CUST004700,702,good,43.31,91.26,85.74,60.37,65.44,66.9781,8.88,13,2,1,0,0,0,1,7,172796.09,1.0772,low,0.125
CUST004701,819,excellent,93.32,90.99,77.69,48.43,99.67,86.4229,6.12,7,0,0,0,0,0,0,4,85600.94,0.1129,low,0.0
CUST004702,805,excellent,78.8,95.12,93.73,54.72,85.68,84.2181,3.85,12,1,1,0,0,0,1,7,140259.03,0.6635,low,0.125
CUST004703,805,excellent,98.68,88.86,60.99,70.42,67.8,84.1661,21.2,2,2,0,0,0,0,1,6,68873.38,0.3899,low,0.1429
CUST004704,731,good,66.75,97.29,37.8,50.55,85.15,71.7886,7.41,1,1,0,0,0,0,1,1,72712.63,0.4622,low,0.5
CUST004705,815,excellent,86.74,83.48,88.92,73.09,98.31,85.8791,11.23,16,0,0,0,0,0,1,6,97250.01,0.8158,low,0.1429
CUST004706,705,good,49.72,93.47,55.62,49.28,88.04,67.5148,8.37,2,1,2,0,0,0,0,4,46542.35,0.0399,low,0.0
CUST004707,830,excellent,87.19,98.21,97.04,45.69,92.23,88.3289,4.39,15,0,0,0,0,0,0,7,59194.06,0.1663,low,0.0
CUST004708,817,excellent,85.59,96.41,78.22,56.53,98.82,86.1486,9.47,8,0,0,0,0,0,1,2,200522.95,0.5649,low,0.3333
CUST004709,685,risky,52.46,78.59,78.83,45.38,57.81,64.0833,11.64,7,3,3,0,0,0,0,5,27896.47,0.0214,low,0.0
CUST004710,796,excellent,98.44,89.11,67.32,30.22,83.35,82.6387,9.52,8,1,0,0,0,0,0,5,547974.98,0.1471,low,0.0
CUST004711,756,excellent,89.42,90.44,34.59,43.75,80.39,76.0331,2.96,0,1,0,0,0,0,0,5,268191.92,0.0169,low,0.0
CUST004712,836,excellent,91.07,99.32,99.13,36.26,90.99,89.265,4.0,10,0,0,0,0,0,0,2,186581.94,0.0281,low,0.0
CUST004713,697,risky,54.11,91.42,53.79,64.74,62.09,66.1171,5.92,3,4,3,0,0,0,1,4,175150.6,1.4099,low,0.2
CUST004714,780,excellent,87.13,86.16,75.02,41.8,82.78,80.053,13.36,8,1,0,0,0,0,0,0,280918.63,0.1118,low,0.0
CUST004715,784,excellent,99.86,76.72,57.12,45.57,95.21,80.6125,14.9,3,0,0,0,0,0,0,2,65665.4,0.0176,low,0.0
CUST004716,697,risky,27.81,97.22,89.91,47.75,90.0,66.162,6.9,12,0,3,0,0,0,0,2,94354.05,0.1786,low,0.0
CUST004717,840,excellent,85.28,92.86,99.86,77.77,95.35,89.9985,7.07,18,0,0,0,0,0,1,2,55242.49,0.838,low,0.3333
CUST004718,782,excellent,86.17,88.66,60.89,48.43,95.28,80.2602,12.89,3,0,0,0,0,0,1,2,94135.65,0.9114,low,0.3333
CUST004719,834,excellent,97.56,84.84,93.91,63.05,90.82,89.0701,11.59,11,0,0,0,0,0,1,1,39599.22,0.7531,low,0.5
CUST004720,841,excellent,97.12,89.8,93.87,58.77,92.25,90.1143,10.48,10,0,0,0,0,0,1,2,166191.34,0.4535,low,0.3333
CUST004721,799,excellent,93.49,95.41,49.21,44.21,99.46,83.0932,0.1,4,0,0,0,0,0,0,0,143989.73,0.1531,low,0.0
CUST004722,855,excellent,95.65,89.74,94.57,79.65,99.21,92.4707,7.16,17,0,0,0,0,0,1,3,53685.21,0.633,low,0.25
CUST004723,807,excellent,91.61,96.74,63.7,38.85,99.11,84.4362,7.87,4,0,0,0,0,0,0,2,353967.02,0.1304,low,0.0
CUST004724,772,excellent,94.38,88.16,47.83,31.12,88.97,78.6632,1.8,3,1,0,0,0,0,0,5,70364.03,0.1626,low,0.0
CUST004725,635,high_risk,12.34,99.06,77.52,41.17,60.42,55.8262,8.69,8,3,5,0,0,0,0,0,61246.21,0.1968,low,0.0
CUST004726,818,excellent,98.56,91.91,52.12,64.25,99.88,86.2973,3.11,2,0,0,0,0,0,1,2,67672.09,0.8228,low,0.3333
CUST004727,594,high_risk,23.3,80.73,64.39,42.34,27.78,49.0436,11.84,2,6,5,1,0,1,0,5,228441.3,0.3296,low,0.0
CUST004728,835,excellent,99.92,77.22,88.1,78.78,99.85,89.2132,12.12,10,0,0,0,0,0,1,6,292454.15,0.9416,low,0.1429
CUST004729,809,excellent,89.07,96.91,67.08,63.74,81.53,84.8353,2.15,8,1,0,0,0,0,1,0,203629.22,0.9846,low,0.5
CUST004730,774,excellent,89.18,95.04,43.25,33.22,94.75,79.0115,6.28,1,0,0,0,0,0,0,3,511755.42,0.1039,low,0.0
CUST004731,825,excellent,85.07,94.21,95.02,53.36,99.57,87.582,4.64,11,0,0,0,0,0,1,0,240112.39,0.6325,low,0.5
CUST004732,795,excellent,86.51,89.7,81.64,43.11,87.76,82.521,1.41,8,1,0,0,0,0,0,4,83701.88,0.0341,low,0.0
CUST004733,840,excellent,88.42,96.74,92.8,62.09,98.95,89.9925,1.75,14,0,0,0,0,0,1,7,81492.55,0.3597,low,0.125
CUST004734,746,good,60.89,90.41,87.59,47.34,80.49,74.3546,9.59,14,1,2,0,0,0,0,2,699424.66,0.1565,low,0.0
CUST004735,836,excellent,93.12,92.7,98.46,61.42,80.63,89.3765,4.86,11,1,0,0,0,0,1,6,156504.95,0.9122,low,0.1429
CUST004736,636,high_risk,22.76,88.19,87.69,67.21,26.77,55.9746,7.91,15,5,6,0,0,0,1,4,44834.28,2.2008,moderate,0.2
CUST004737,783,excellent,86.58,95.01,65.22,33.12,85.65,80.4655,1.3,7,1,0,0,0,0,0,5,187463.19,0.1218,low,0.0
CUST004738,777,excellent,87.0,92.2,50.37,40.33,97.46,79.4453,9.85,4,0,0,0,0,0,0,7,99666.22,0.1022,low,0.0
CUST004739,829,excellent,85.8,96.31,92.58,56.1,97.23,88.142,3.97,11,0,0,0,0,0,1,2,211782.02,0.5621,low,0.3333
CUST004740,739,good,58.57,91.45,92.76,30.22,82.24,73.0951,2.2,14,1,4,0,0,0,0,5,30879.39,0.1299,low,0.0
CUST004741,800,excellent,90.36,75.34,88.02,64.31,93.97,83.259,12.4,13,0,0,0,0,0,1,2,330361.47,0.5368,low,0.3333
CUST004742,779,excellent,87.71,93.24,52.39,34.1,99.52,79.8886,0.77,2,0,0,0,0,0,0,4,77907.94,0.0729,low,0.0
CUST004743,829,excellent,99.82,88.01,89.67,37.91,96.21,88.2026,14.31,20,0,0,0,0,0,0,5,14144.04,0.0539,low,0.0
CUST004744,783,excellent,94.69,84.55,57.04,42.99,91.96,80.5592,14.56,2,0,0,0,0,0,0,2,264557.41,0.0312,low,0.0
CUST004745,676,risky,21.68,95.87,95.15,75.58,55.58,62.7399,8.08,12,4,7,0,0,0,1,0,104166.45,1.1995,low,0.5
CUST004746,737,good,86.26,85.6,25.86,40.76,90.47,72.8741,10.08,0,0,0,0,0,0,0,0,160369.37,0.1288,low,0.0
CUST004747,856,excellent,95.96,97.57,91.34,71.42,89.38,92.6397,8.08,16,1,0,0,0,0,1,3,37749.08,0.9567,low,0.25
CUST004748,774,excellent,98.36,76.44,61.39,41.85,81.84,78.9354,11.94,3,1,0,0,0,0,0,4,92525.42,0.0107,low,0.0
CUST004749,820,excellent,96.65,95.76,67.18,48.54,91.98,86.6863,6.62,8,1,0,0,0,0,0,3,62871.99,0.0597,low,0.0
CUST004750,661,risky,23.64,94.09,90.81,44.94,55.13,60.1275,8.06,14,3,4,0,0,1,0,3,138345.01,0.3865,low,0.0
CUST004751,732,good,61.41,93.93,74.41,42.56,68.46,71.9357,0.06,7,2,2,0,0,0,0,0,83765.88,0.0143,low,0.0
CUST004752,642,high_risk,31.64,77.49,69.14,46.11,76.38,56.9431,14.84,6,2,4,0,0,0,0,5,77566.48,0.151,low,0.0
CUST004753,764,excellent,86.98,98.31,32.68,30.02,94.83,77.3231,5.53,1,0,0,0,0,0,0,3,171818.19,0.1159,low,0.0
CUST004754,540,high_risk,2.26,86.48,37.01,33.54,42.88,39.9287,14.04,1,5,2,1,1,1,0,2,240751.2,0.2791,low,0.0
CUST004755,576,high_risk,11.23,89.74,38.01,34.68,59.33,45.9545,10.27,1,4,2,1,1,1,0,4,154739.16,0.4481,low,0.0
CUST004756,706,good,68.05,53.33,98.26,49.1,82.48,67.7128,51.1,15,1,1,0,0,0,0,5,302222.77,0.0032,low,0.0
CUST004757,757,excellent,64.62,84.89,98.95,62.23,69.67,76.1172,12.01,15,2,3,0,0,0,1,3,266726.89,0.8736,low,0.25
CUST004758,820,excellent,93.81,89.99,81.71,50.13,96.32,86.7296,20.85,8,0,0,0,0,0,1,6,149978.54,0.8943,low,0.1429
CUST004759,792,excellent,87.53,88.31,77.28,39.14,92.84,81.9206,13.11,8,0,0,0,0,0,0,7,125075.4,0.1071,low,0.0
CUST004760,831,excellent,92.49,96.42,88.5,48.66,90.38,88.4747,3.56,11,0,0,0,0,0,0,5,69386.17,0.0414,low,0.0
CUST004761,563,high_risk,10.85,98.32,17.23,42.86,35.87,43.7501,5.54,0,6,8,0,0,1,0,3,129287.97,0.335,low,0.0
CUST004762,695,risky,44.63,89.05,83.29,30.22,79.72,65.8205,13.39,8,2,4,0,0,0,0,6,236941.21,0.1589,low,0.0
CUST004763,851,excellent,98.96,97.52,91.28,57.28,85.82,91.8959,3.93,10,1,0,0,0,0,1,7,67088.87,0.4232,low,0.125
CUST004764,707,good,60.37,93.24,62.08,37.92,56.02,67.8074,3.87,4,3,1,0,0,0,0,4,123396.45,0.1106,low,0.0
CUST004765,834,excellent,98.09,96.2,72.86,58.87,90.32,89.0375,6.14,8,0,0,0,0,0,1,4,108922.02,0.7182,low,0.2
CUST004766,713,good,51.72,97.43,86.48,31.13,53.66,68.783,7.48,11,3,1,0,0,0,0,3,33639.39,0.1085,low,0.0
CUST004767,727,good,71.1,81.1,49.85,59.79,84.63,71.1345,14.12,1,1,0,0,0,0,1,2,135226.96,0.9841,low,0.3333
CUST004768,785,excellent,85.0,76.17,88.62,56.59,92.89,80.8419,10.65,10,0,0,0,0,0,1,1,657050.79,0.5722,low,0.5
CUST004769,819,excellent,88.31,91.76,94.83,45.28,92.69,86.4581,9.01,10,0,0,0,0,0,0,5,52045.62,0.0921,low,0.0
CUST004770,768,excellent,97.42,91.9,11.77,49.6,96.64,78.057,1.87,0,0,0,0,0,0,0,6,242114.77,0.1371,low,0.0
CUST004771,678,risky,39.09,78.36,90.27,64.91,67.2,62.9401,14.09,12,2,4,0,0,0,1,4,231421.58,1.1674,low,0.2
CUST004772,815,excellent,98.98,68.23,95.37,68.2,95.44,85.7839,31.67,10,0,0,0,0,0,1,3,299935.88,0.8391,low,0.25
CUST004773,684,risky,40.95,93.34,86.08,44.47,43.47,64.041,9.31,12,3,3,0,0,0,0,7,241070.54,0.0096,low,0.0
CUST004774,775,excellent,90.49,87.45,55.96,41.28,87.18,79.1467,10.83,2,1,0,0,0,0,0,2,57626.87,0.009,low,0.0
CUST004775,829,excellent,94.9,85.31,94.56,62.25,90.04,88.2232,10.27,16,0,0,0,0,0,0,7,54947.04,0.047,low,0.0
CUST004776,775,excellent,72.82,88.05,95.27,47.86,81.24,79.1009,7.39,14,1,1,0,0,0,0,6,127078.13,0.1424,low,0.0
CUST004777,819,excellent,92.91,99.88,47.17,75.84,93.56,86.4952,2.13,3,0,0,0,0,0,1,1,134681.95,0.668,low,0.5
CUST004778,697,risky,57.4,78.0,67.65,40.83,84.42,66.1605,10.65,6,1,4,0,0,0,0,5,120725.79,0.1371,low,0.0
CUST004779,835,excellent,90.35,92.04,97.03,65.55,87.58,89.1016,3.67,12,1,0,0,0,0,1,3,22749.86,0.4334,low,0.25
CUST004780,842,excellent,89.12,98.29,93.34,60.02,95.82,90.2646,5.42,11,0,0,0,0,0,1,5,66983.14,0.8999,low,0.1667
CUST004781,752,excellent,64.62,93.78,97.87,38.06,61.5,75.3879,2.48,13,3,1,0,0,0,0,1,90228.37,0.0476,low,0.0
CUST004782,761,excellent,97.72,90.11,11.77,46.38,91.14,76.7527,1.8,0,0,0,0,0,0,0,7,126008.18,0.081,low,0.0
CUST004783,828,excellent,94.62,96.78,69.67,69.29,83.96,87.9269,9.42,8,1,0,0,0,0,1,3,77497.66,0.9468,low,0.25
CUST004784,803,excellent,99.43,99.53,46.53,30.14,91.22,83.7745,3.37,1,0,0,0,0,0,0,6,37232.28,0.0829,low,0.0
CUST004785,588,high_risk,28.79,79.87,46.53,43.85,25.22,47.9245,10.24,1,5,8,0,0,0,0,5,96876.18,0.2932,low,0.0
CUST004786,840,excellent,93.71,98.78,97.44,46.74,82.74,89.996,2.8,19,1,0,0,0,0,0,2,143693.66,0.0588,low,0.0
CUST004787,749,good,79.11,84.49,60.97,44.16,82.89,74.8887,11.6,2,1,1,0,0,0,0,0,28725.96,0.0259,low,0.0
CUST004788,802,excellent,89.05,94.15,85.13,46.11,68.65,83.6569,8.68,16,2,0,0,0,0,0,2,10164.4,0.0822,low,0.0
CUST004789,797,excellent,86.84,86.37,92.73,30.31,95.41,82.786,10.63,13,0,0,0,0,0,0,2,58308.92,0.1504,low,0.0
CUST004790,779,excellent,98.1,95.02,25.72,48.75,81.98,79.7695,8.54,0,1,0,0,0,0,0,0,90288.2,0.117,low,0.0
CUST004791,815,excellent,92.24,99.74,68.94,51.06,81.21,85.7744,4.46,7,1,0,0,0,0,1,2,170518.93,0.7591,low,0.3333
CUST004792,774,excellent,98.52,69.96,47.15,65.0,99.98,79.0399,37.14,1,0,0,0,0,0,0,5,79929.66,0.0809,low,0.0
CUST004793,809,excellent,92.26,97.25,59.83,44.17,99.09,84.7659,3.53,4,0,0,0,0,0,0,0,49592.35,0.1433,low,0.0
CUST004794,813,excellent,95.17,80.5,86.05,60.86,90.17,85.4704,28.57,11,0,0,0,0,0,1,4,37271.49,0.8329,low,0.2
CUST004795,836,excellent,97.83,93.75,84.76,48.1,94.96,89.387,1.32,8,0,0,0,0,0,0,1,125231.7,0.1641,low,0.0
CUST004796,796,excellent,85.62,95.24,74.01,46.59,83.44,82.6434,6.04,7,1,0,0,0,0,1,4,232238.95,0.8537,low,0.2
CUST004797,838,excellent,98.62,95.29,90.64,30.23,99.77,89.6982,0.19,17,0,0,0,0,0,0,5,103591.9,0.029,low,0.0
CUST004798,668,risky,52.76,91.44,42.52,41.36,49.71,61.3829,8.73,1,4,3,0,0,0,0,4,88726.34,0.0811,low,0.0
CUST004799,815,excellent,99.11,79.26,96.54,35.18,93.91,85.8576,12.25,15,0,0,0,0,0,0,6,110804.77,0.0255,low,0.0
CUST004800,796,excellent,90.15,94.25,65.74,33.86,95.48,82.6243,2.34,7,0,0,0,0,0,0,6,142831.48,0.0322,low,0.0
CUST004801,634,high_risk,28.54,90.57,83.19,34.05,26.58,55.7024,5.43,5,6,8,0,0,0,0,3,35345.81,0.5168,low,0.0
CUST004802,690,risky,58.47,87.25,75.06,42.92,27.4,64.9328,14.9,5,5,4,0,0,0,0,7,222293.3,0.0668,low,0.0
CUST004803,667,risky,44.19,89.29,69.33,44.35,40.59,61.1499,9.61,7,4,4,0,0,0,0,7,285641.19,0.0186,low,0.0
CUST004804,826,excellent,98.34,76.83,89.74,76.68,91.32,87.7308,11.35,14,1,0,0,0,0,2,6,14953.84,0.3934,low,0.25
CUST004805,819,excellent,88.4,93.25,95.73,35.94,96.01,86.4707,0.5,17,0,0,0,0,0,0,1,161486.38,0.1182,low,0.0
CUST004806,812,excellent,89.53,90.12,67.87,69.81,98.14,85.3474,7.77,6,0,0,0,0,0,1,3,686949.79,0.4858,low,0.25
CUST004807,591,high_risk,11.73,83.54,67.33,49.47,43.68,48.5809,11.89,7,3,3,1,1,1,0,7,212000.46,0.4304,low,0.0
CUST004808,800,excellent,88.67,83.26,76.93,63.15,93.87,83.2539,10.69,5,0,0,0,0,0,1,0,59984.67,0.4911,low,0.5
CUST004809,759,excellent,88.75,87.07,32.39,62.54,82.19,76.5166,13.59,0,1,0,0,0,0,2,2,33605.44,0.385,low,0.5
CUST004810,713,good,44.24,89.76,89.62,41.65,88.43,68.8615,1.59,11,1,3,0,0,0,0,4,141031.52,0.0754,low,0.0
CUST004811,793,excellent,88.73,86.9,71.03,66.51,77.04,82.1351,14.47,5,2,0,0,0,0,1,0,114317.48,0.7529,low,0.5
CUST004812,760,excellent,97.66,90.1,22.42,39.58,82.07,76.7376,4.83,0,1,0,0,0,0,0,4,310449.03,0.0041,low,0.0
CUST004813,802,excellent,98.78,95.01,55.89,30.62,91.83,83.704,3.61,3,1,0,0,0,0,0,3,43391.86,0.108,low,0.0
CUST004814,757,excellent,95.21,75.91,54.6,33.46,84.54,76.0902,11.44,3,1,0,0,0,0,0,6,73227.54,0.0239,low,0.0
CUST004815,678,risky,32.56,85.67,83.78,72.89,60.15,62.9685,12.45,7,3,1,0,0,0,1,0,356746.1,0.9758,low,0.5
CUST004816,790,excellent,90.87,81.18,89.05,30.69,91.47,81.7318,12.18,16,0,0,0,0,0,0,7,116790.4,0.1092,low,0.0
CUST004817,804,excellent,90.12,86.97,80.38,61.37,82.08,84.0356,12.31,5,1,0,0,0,0,1,4,525508.08,0.6409,low,0.2
CUST004818,780,excellent,86.31,90.43,88.5,47.09,46.44,79.9671,9.84,13,3,0,0,0,0,0,7,238161.61,0.1241,low,0.0
CUST004819,716,good,47.24,89.43,96.12,63.65,61.79,69.3269,5.12,15,3,3,0,0,0,1,4,148668.54,1.4369,low,0.2
CUST004820,765,excellent,76.54,89.53,65.47,48.41,92.34,77.5442,5.86,5,0,1,0,0,0,1,4,205470.19,0.8127,low,0.2
CUST004821,736,good,63.38,92.08,65.05,79.08,52.7,72.7429,3.85,7,3,1,0,0,0,1,7,259955.84,0.8814,low,0.125
CUST004822,760,excellent,94.89,89.11,17.07,44.39,96.95,76.6375,12.77,0,0,0,0,0,0,0,4,207538.53,0.1379,low,0.0
CUST004823,833,excellent,96.6,89.59,98.82,37.68,96.26,88.9021,9.46,19,0,0,0,0,0,0,0,231603.21,0.1593,low,0.0
CUST004824,819,excellent,89.33,90.6,94.12,39.98,99.15,86.4773,8.67,10,0,0,0,0,0,0,0,131465.93,0.1066,low,0.0
CUST004825,841,excellent,92.99,96.52,97.32,55.88,84.09,90.0956,1.7,19,1,0,0,0,0,1,1,440470.22,0.4777,low,0.5
CUST004826,834,excellent,92.14,88.36,88.73,79.04,90.68,89.039,9.19,15,0,0,0,0,0,1,6,254727.97,0.9823,low,0.1429
CUST004827,683,risky,52.38,92.8,35.17,65.05,68.24,63.7771,6.43,1,2,1,0,0,0,1,2,41723.59,1.353,low,0.3333
CUST004828,815,excellent,95.77,79.84,91.25,47.6,99.49,85.8674,14.93,14,0,0,0,0,0,0,0,79045.98,0.1357,low,0.0
CUST004829,788,excellent,97.4,75.39,94.73,36.92,67.78,81.3847,10.48,19,2,0,0,0,0,0,0,57757.97,0.044,low,0.0
CUST004830,815,excellent,87.21,93.43,82.13,62.81,87.44,85.8993,2.68,6,1,0,0,0,0,1,6,67114.38,0.6985,low,0.1429
CUST004831,823,excellent,94.18,97.99,76.9,33.64,98.51,87.1089,2.71,5,0,0,0,0,0,0,0,125843.56,0.1149,low,0.0
CUST004832,729,good,57.93,89.85,68.55,65.02,85.19,71.535,1.48,7,1,4,0,0,0,1,1,99970.47,1.1747,low,0.5
CUST004833,760,excellent,85.29,97.76,27.62,35.55,97.32,76.6102,3.33,0,0,0,0,0,0,0,7,317840.96,0.0418,low,0.0
CUST004834,783,excellent,86.15,76.34,75.92,62.0,99.17,80.5598,14.41,9,0,0,0,0,0,1,0,99027.33,0.564,low,0.5
CUST004835,842,excellent,97.64,92.37,96.89,45.17,93.21,90.2566,1.84,15,0,0,0,0,0,1,4,444009.1,0.6591,low,0.2
CUST004836,797,excellent,88.6,96.96,68.93,33.22,91.44,82.9041,5.98,6,1,0,0,0,0,0,7,60033.11,0.1584,low,0.0
CUST004837,804,excellent,94.6,99.88,54.39,30.57,96.47,83.9366,2.91,2,0,0,0,0,0,0,3,114786.7,0.0703,low,0.0
CUST004838,589,high_risk,12.27,82.92,89.51,31.29,24.99,48.2227,12.45,19,5,3,0,0,1,0,7,89525.0,0.3674,low,0.0
CUST004839,819,excellent,92.56,90.06,79.82,63.66,88.21,86.5756,5.19,8,1,0,0,0,0,1,2,243727.24,0.6797,low,0.3333
CUST004840,665,risky,41.66,98.33,31.81,49.53,70.47,60.8513,0.23,1,2,4,0,0,0,0,5,168039.03,0.2064,low,0.0
CUST004841,620,high_risk,12.93,94.69,82.6,42.51,37.81,53.3563,4.84,7,5,1,0,1,1,0,4,17977.08,0.2023,low,0.0
CUST004842,847,excellent,94.99,92.43,93.33,79.39,82.39,91.1522,8.75,10,1,0,0,0,0,1,7,157421.3,0.6989,low,0.125
CUST004843,678,risky,51.73,80.61,48.5,46.25,88.1,62.9974,14.42,1,1,1,0,0,0,0,0,55141.43,0.0642,low,0.0
CUST004844,819,excellent,95.41,88.93,86.1,37.33,97.9,86.5082,10.44,15,0,0,0,0,0,0,0,211224.85,0.1434,low,0.0
CUST004845,776,excellent,88.61,93.66,32.21,71.08,83.45,79.3975,2.56,1,1,0,0,0,0,1,0,57075.91,0.7175,low,0.5
CUST004846,695,risky,50.57,78.41,94.68,31.57,72.99,65.8811,11.73,10,2,3,0,0,0,0,1,116173.76,0.0118,low,0.0
CUST004847,670,risky,44.47,90.41,45.54,35.57,85.98,61.671,2.5,4,1,1,0,0,0,0,2,341232.16,0.0545,low,0.0
CUST004848,719,good,57.07,88.92,58.59,77.95,76.15,69.8486,7.85,4,2,2,0,0,0,1,3,65621.89,1.4166,low,0.25
CUST004849,853,excellent,95.99,98.96,96.47,59.13,84.5,92.115,6.8,18,1,0,0,0,0,1,4,348264.61,0.6898,low,0.2
CUST004850,660,risky,32.38,94.37,61.26,31.04,80.08,59.9445,2.91,3,1,2,0,0,0,0,6,132435.4,0.1189,low,0.0
CUST004851,816,excellent,96.63,95.31,61.96,42.75,99.65,85.9462,0.14,2,0,0,0,0,0,0,5,39390.69,0.1602,low,0.0
CUST004852,784,excellent,73.43,91.29,86.5,54.94,91.18,80.6752,6.12,14,0,0,0,0,0,1,0,357626.72,0.9238,low,0.5
CUST004853,803,excellent,93.91,91.39,59.34,48.97,96.93,83.7768,8.79,2,0,0,0,0,0,0,5,96875.07,0.1019,low,0.0
CUST004854,776,excellent,91.09,98.36,32.5,36.42,94.47,79.3532,9.05,1,0,0,0,0,0,0,3,244078.15,0.04,low,0.0
CUST004855,600,high_risk,19.62,85.68,69.39,46.44,24.29,50.0529,12.82,8,5,8,1,0,1,0,0,127711.48,0.3094,low,0.0
CUST004856,797,excellent,87.16,89.11,84.38,30.44,99.39,82.8787,3.03,5,0,0,0,0,0,0,7,101687.74,0.1048,low,0.0
CUST004857,819,excellent,85.66,87.81,93.56,72.07,89.27,86.4891,12.05,19,1,0,0,0,0,1,0,81363.89,0.9967,low,0.5
CUST004858,854,excellent,89.3,99.1,92.9,77.01,97.09,92.3308,6.47,14,0,0,0,0,0,1,0,91483.39,0.845,low,0.5
CUST004859,839,excellent,91.77,93.08,97.57,59.68,91.32,89.7799,4.83,15,0,0,0,0,0,1,1,120197.12,0.3786,low,0.5
CUST004860,799,excellent,86.03,91.28,84.74,33.97,96.25,83.2263,0.69,5,0,0,0,0,0,0,2,50891.64,0.094,low,0.0
CUST004861,790,excellent,86.89,88.96,71.22,41.81,96.56,81.6214,14.95,9,0,0,0,0,0,0,0,50250.06,0.0703,low,0.0
CUST004862,868,excellent,98.74,99.03,94.19,76.05,87.07,94.7118,2.71,18,1,0,0,0,0,1,5,725295.23,0.7806,low,0.1667
CUST004863,780,excellent,85.55,80.36,81.86,37.58,99.4,80.0279,14.79,6,0,0,0,0,0,0,5,445058.15,0.0706,low,0.0
CUST004864,617,high_risk,15.2,83.82,96.23,30.5,48.76,52.8248,13.46,14,4,5,0,0,0,0,7,158287.28,0.1955,low,0.0
CUST004865,822,excellent,90.34,88.71,92.9,58.66,90.05,87.038,9.72,16,1,0,0,0,0,1,7,213182.34,0.956,low,0.125
CUST004866,767,excellent,97.97,83.65,34.63,39.8,91.98,77.7585,14.76,0,0,0,0,0,0,0,0,714226.16,0.0345,low,0.0
CUST004867,804,excellent,90.57,85.05,91.33,38.8,92.37,84.0325,11.12,12,0,0,0,0,0,0,0,37721.29,0.1156,low,0.0
CUST004868,846,excellent,99.12,89.6,92.56,60.51,95.49,91.0564,7.18,17,0,0,0,0,0,1,0,148221.43,0.7565,low,0.5
CUST004869,584,high_risk,13.68,88.66,69.6,37.11,17.76,47.3129,6.18,8,7,7,0,0,1,0,4,571904.19,0.5461,low,0.0
CUST004870,740,good,85.02,70.47,47.62,62.78,90.09,73.3259,30.12,3,1,0,0,0,0,1,5,91660.03,0.8591,low,0.1667
CUST004871,823,excellent,98.66,88.03,97.35,45.14,71.22,87.1781,4.72,20,2,0,0,0,0,0,0,52271.11,0.1053,low,0.0
CUST004872,768,excellent,87.31,89.2,60.35,48.65,67.61,77.9966,2.3,4,2,0,0,0,0,1,2,65049.77,0.5963,low,0.3333
CUST004873,593,high_risk,4.1,75.47,95.46,44.96,59.79,48.869,13.11,12,3,4,1,1,1,0,6,25536.23,0.4439,low,0.0
CUST004874,735,good,74.09,80.33,53.56,47.6,97.21,72.5461,11.21,4,0,0,0,0,0,0,6,90647.76,0.0373,low,0.0
CUST004875,637,high_risk,14.92,92.9,73.48,79.19,51.93,56.2264,7.2,8,3,6,0,0,0,1,5,154842.13,2.2461,moderate,0.1667
CUST004876,811,excellent,94.41,97.78,56.44,48.66,94.45,85.1578,8.02,3,0,0,0,0,0,0,3,93058.07,0.0507,low,0.0
CUST004877,823,excellent,87.17,92.93,99.64,47.03,90.64,87.101,1.54,14,0,0,0,0,0,0,1,414386.47,0.1593,low,0.0
CUST004878,828,excellent,94.0,88.9,93.77,53.1,91.07,88.0537,5.53,15,0,0,0,0,0,1,5,117872.84,0.6035,low,0.1667
CUST004879,802,excellent,96.17,80.18,89.05,35.36,91.23,83.7312,11.76,10,1,0,0,0,0,0,7,112935.9,0.1471,low,0.0
CUST004880,827,excellent,94.19,89.24,81.34,68.06,90.55,87.799,11.96,9,1,0,0,0,0,1,5,214640.27,0.3378,low,0.1667
CUST004881,815,excellent,96.57,95.57,67.27,41.26,91.59,85.8454,5.62,7,0,0,0,0,0,0,3,221354.08,0.0673,low,0.0
CUST004882,835,excellent,92.59,83.45,93.58,79.29,98.1,89.2174,14.01,11,0,0,0,0,0,1,4,149239.49,0.5266,low,0.2
CUST004883,730,good,57.09,89.99,94.58,49.42,55.17,71.6227,0.33,19,3,3,0,0,0,0,0,308400.63,0.0628,low,0.0
CUST004884,811,excellent,89.77,88.35,73.09,71.03,91.95,85.1867,7.54,5,1,0,0,0,0,1,2,56135.46,0.5773,low,0.3333
CUST004885,806,excellent,88.86,97.45,70.95,43.67,90.44,84.3899,1.95,8,0,0,0,0,0,0,1,87002.41,0.1645,low,0.0
CUST004886,795,excellent,90.34,97.37,46.78,47.04,99.87,82.5394,4.15,3,0,0,0,0,0,1,6,322864.97,0.629,low,0.1429
CUST004887,785,excellent,98.95,81.71,49.32,49.33,93.15,80.7921,10.95,1,0,0,0,0,0,0,1,141874.73,0.1228,low,0.0
CUST004888,848,excellent,93.6,98.76,87.56,63.1,94.47,91.2783,9.51,13,0,0,0,0,0,1,7,107304.07,0.6006,low,0.125
CUST004889,812,excellent,86.57,86.48,82.43,75.32,92.55,85.3953,10.31,7,0,0,0,0,0,1,5,217979.95,0.4184,low,0.1667
CUST004890,831,excellent,89.16,92.78,95.68,62.08,89.66,88.565,1.52,13,1,0,0,0,0,1,7,35596.72,0.6606,low,0.125
CUST004891,600,high_risk,1.91,94.21,79.88,37.43,53.09,49.9642,1.24,7,3,7,0,1,1,0,6,450961.06,0.2138,low,0.0
CUST004892,834,excellent,95.63,94.44,87.91,47.85,92.85,89.0585,8.88,16,0,0,0,0,0,0,4,92237.92,0.1487,low,0.0
CUST004893,646,high_risk,27.6,85.96,78.36,64.7,50.05,57.6753,10.19,7,4,5,0,0,0,1,1,87510.51,1.9759,moderate,0.5
CUST004894,852,excellent,90.58,97.8,87.84,77.67,99.67,91.9518,2.86,17,0,0,0,0,0,1,7,35499.59,0.6755,low,0.125
CUST004895,769,excellent,75.17,98.51,56.47,47.45,90.92,78.1683,6.98,3,0,1,0,0,0,1,6,69634.93,0.8619,low,0.1429
CUST004896,808,excellent,98.2,90.75,71.61,36.6,86.0,84.5994,2.26,7,1,0,0,0,0,0,2,44416.03,0.1604,low,0.0
CUST004897,765,excellent,56.37,95.94,97.95,69.28,83.51,77.4848,6.3,11,1,2,0,0,0,1,3,93309.54,1.3478,low,0.25
CUST004898,833,excellent,98.96,93.08,72.22,77.85,77.27,88.9039,5.87,8,2,0,0,0,0,2,0,119534.51,0.8371,low,0.6667
CUST004899,749,good,92.95,87.24,12.28,51.77,90.57,74.7805,10.11,0,0,0,0,0,0,1,3,258960.08,0.8881,low,0.25
CUST004900,729,good,88.51,47.34,61.01,79.25,91.85,71.4395,54.7,4,0,0,0,0,0,1,2,39343.71,0.3785,low,0.3333
CUST004901,816,excellent,96.23,85.16,96.85,36.99,85.89,86.0463,14.82,13,1,0,0,0,0,0,3,24615.16,0.1282,low,0.0
CUST004902,765,excellent,86.19,75.54,76.02,46.34,86.33,77.4982,12.35,5,1,0,0,0,0,0,7,80941.16,0.0417,low,0.0
CUST004903,831,excellent,89.93,92.23,95.69,59.26,90.7,88.4934,5.48,14,1,0,0,0,0,1,0,200932.83,0.3931,low,0.5
CUST004904,839,excellent,90.74,97.25,81.51,69.66,97.74,89.9018,2.54,8,0,0,0,0,0,1,4,151928.19,0.7571,low,0.2
CUST004905,721,good,64.34,92.95,50.91,34.0,86.59,70.0978,5.1,2,1,2,0,0,0,0,1,47034.71,0.045,low,0.0
CUST004906,816,excellent,95.37,80.87,98.53,44.55,91.2,85.996,14.17,12,0,0,0,0,0,0,2,218490.3,0.1573,low,0.0
CUST004907,829,excellent,91.71,95.74,72.77,66.31,98.63,88.2275,9.59,8,0,0,0,0,0,1,3,507563.95,0.9304,low,0.25
CUST004908,786,excellent,88.73,75.63,93.53,38.85,93.36,80.9953,11.82,15,0,0,0,0,0,0,1,164181.06,0.1488,low,0.0
CUST004909,716,good,61.8,88.71,42.18,77.92,69.63,69.3239,14.47,1,2,3,0,0,0,1,0,254030.09,0.9402,low,0.5
CUST004910,805,excellent,91.25,84.68,87.21,37.77,98.92,84.0929,10.35,15,0,0,0,0,0,0,3,53038.14,0.0732,low,0.0
CUST004911,816,excellent,94.04,90.74,60.95,77.13,90.7,86.0597,6.53,3,0,0,0,0,0,1,2,154492.31,0.8437,low,0.3333
CUST004912,813,excellent,89.74,81.68,84.04,77.52,92.9,85.5623,10.25,6,0,0,0,0,0,1,0,83481.97,0.7427,low,0.5
CUST004913,828,excellent,91.48,86.61,96.34,69.26,85.51,87.9308,14.83,19,1,0,0,0,0,1,7,89168.3,0.3771,low,0.125
CUST004914,704,good,40.53,88.51,97.51,30.3,88.87,67.2832,2.4,13,1,1,0,0,0,0,5,20189.69,0.2111,low,0.0
CUST004915,828,excellent,92.51,95.75,72.39,63.34,96.42,87.9363,3.95,7,0,0,0,0,0,1,2,183876.1,0.8239,low,0.3333
CUST004916,831,excellent,91.14,97.73,95.99,41.84,87.11,88.512,8.52,12,1,0,0,0,0,0,3,82957.72,0.0169,low,0.0
CUST004917,768,excellent,85.87,75.73,79.31,34.3,98.2,77.9208,13.36,5,0,0,0,0,0,0,3,430922.31,0.0734,low,0.0
CUST004918,622,high_risk,17.15,90.06,95.31,39.56,23.93,53.667,3.07,12,5,7,1,0,1,0,0,37247.36,0.6095,low,0.0
CUST004919,805,excellent,85.02,86.26,96.15,47.43,93.27,84.1273,11.78,12,0,0,0,0,0,0,7,50946.41,0.1243,low,0.0
CUST004920,638,high_risk,26.9,98.26,32.58,36.43,89.34,56.3573,4.99,0,1,3,0,0,0,0,2,62250.06,0.03,low,0.0
CUST004921,737,good,68.13,77.38,84.8,35.29,95.82,72.8915,14.49,8,0,1,0,0,0,0,7,102672.96,0.0835,low,0.0
CUST004922,632,high_risk,29.36,90.5,51.1,74.55,37.06,55.2527,8.13,2,5,4,0,0,0,1,7,67629.71,2.1812,moderate,0.125
CUST004923,854,excellent,98.33,99.94,93.58,63.77,75.5,92.3623,3.8,14,2,0,0,0,0,1,5,85910.47,0.6848,low,0.1667
CUST004924,795,excellent,89.06,83.86,85.09,50.24,83.46,82.4626,10.6,17,1,0,0,0,0,0,4,77801.58,0.126,low,0.0
CUST004925,758,excellent,87.49,90.59,43.16,45.91,74.96,76.3588,0.58,1,2,0,0,0,0,0,0,70354.08,0.1521,low,0.0
CUST004926,844,excellent,93.25,89.39,91.27,78.21,96.88,90.6536,11.47,13,0,0,0,0,0,1,6,83286.89,0.4226,low,0.1429
CUST004927,808,excellent,88.84,83.2,93.02,48.33,97.99,84.642,11.91,15,0,0,0,0,0,0,7,102761.16,0.0975,low,0.0
CUST004928,826,excellent,99.46,79.15,91.29,64.03,90.25,87.6781,11.49,12,0,0,0,0,0,1,6,33696.1,0.3866,low,0.1429
CUST004929,706,good,64.66,79.1,76.22,33.93,64.89,67.6765,10.59,5,3,4,0,0,0,0,1,49352.3,0.016,low,0.0
CUST004930,561,high_risk,5.43,89.07,42.32,43.17,42.2,43.5047,5.7,1,5,3,1,1,1,0,3,41949.99,0.5265,low,0.0
CUST004931,830,excellent,96.7,99.61,76.77,43.02,87.8,88.3236,5.05,9,1,0,0,0,0,0,0,7129.77,0.0328,low,0.0
CUST004932,816,excellent,87.33,98.21,82.13,45.04,91.35,85.9872,7.6,9,1,0,0,0,0,0,4,56527.04,0.0447,low,0.0
CUST004933,781,excellent,93.76,79.07,48.4,73.82,89.12,80.0915,11.51,3,1,0,0,0,0,1,7,86950.57,0.5784,low,0.125
CUST004934,745,good,75.51,92.19,56.36,31.44,85.16,74.1974,5.12,2,1,1,0,0,0,0,3,40286.56,0.0765,low,0.0
CUST004935,832,excellent,97.86,84.0,96.06,49.94,97.4,88.594,12.27,15,0,0,0,0,0,0,2,107090.71,0.0606,low,0.0
CUST004936,752,excellent,75.55,81.07,78.65,44.97,83.31,75.3896,10.3,9,1,1,0,0,0,0,7,91880.04,0.0135,low,0.0
CUST004937,823,excellent,93.51,99.6,69.92,43.22,96.99,87.1201,4.61,8,0,0,0,0,0,0,6,181939.39,0.0602,low,0.0
CUST004938,691,risky,41.11,78.86,99.86,63.75,68.27,65.2271,14.14,15,2,4,0,0,0,1,7,448025.81,1.1082,low,0.125
CUST004939,788,excellent,87.91,99.96,58.26,38.18,81.02,81.4148,9.28,3,1,0,0,0,0,0,1,80934.48,0.0651,low,0.0
CUST004940,837,excellent,96.45,88.2,76.78,78.45,99.76,89.5569,0.94,6,0,0,0,0,0,1,6,88719.09,0.8793,low,0.1429
CUST004941,843,excellent,94.04,99.88,87.49,48.68,95.78,90.4472,7.56,10,0,0,0,0,0,0,0,8316.45,0.0565,low,0.0
CUST004942,822,excellent,93.56,88.3,78.37,69.88,90.67,87.0461,7.94,5,0,0,0,0,0,1,3,101703.92,0.6187,low,0.25
CUST004943,759,excellent,87.14,96.18,39.02,34.81,77.59,76.4475,2.15,1,2,0,0,0,0,0,4,51798.3,0.1133,low,0.0
CUST004944,784,excellent,85.85,91.17,44.57,66.71,98.43,80.5995,3.08,1,0,0,0,0,0,1,3,373106.94,0.9546,low,0.25
CUST004945,760,excellent,73.81,94.97,61.05,42.38,89.86,76.7037,6.54,4,1,0,0,0,0,0,0,655118.72,0.1523,low,0.0
CUST004946,670,risky,42.21,77.34,79.4,39.17,79.45,61.7495,11.07,6,2,1,0,0,0,0,3,67957.31,0.1701,low,0.0
CUST004947,610,high_risk,22.18,82.83,85.08,41.05,22.18,51.6996,10.57,13,6,6,0,0,1,0,0,113021.76,0.5785,low,0.0
CUST004948,636,high_risk,13.73,98.37,98.13,32.68,37.71,56.0752,7.27,13,5,5,1,0,1,0,6,263277.13,0.4525,low,0.0
CUST004949,787,excellent,85.14,80.73,95.7,34.91,92.78,81.1425,10.35,12,0,0,0,0,0,0,4,62719.65,0.029,low,0.0
CUST004950,693,risky,61.51,88.94,47.02,30.1,72.1,65.4816,10.1,1,2,3,0,0,0,0,0,78502.22,0.1318,low,0.0
CUST004951,819,excellent,99.58,92.14,69.98,47.25,87.03,86.4187,0.52,5,1,0,0,0,0,1,1,147878.6,0.8392,low,0.5
CUST004952,746,good,96.39,81.45,33.25,41.2,70.08,74.288,12.9,0,2,0,0,0,0,0,6,631264.55,0.1659,low,0.0
CUST004953,829,excellent,93.31,99.61,63.75,63.94,97.34,88.2333,6.18,3,0,0,0,0,0,1,0,428507.28,0.9787,low,0.5
CUST004954,839,excellent,88.56,94.93,93.74,76.52,86.48,89.8359,2.5,10,1,0,0,0,0,1,6,94740.15,0.454,low,0.1429
CUST004955,814,excellent,99.5,89.13,78.88,34.73,88.45,85.7125,7.43,9,1,0,0,0,0,0,5,113537.4,0.1485,low,0.0
CUST004956,657,risky,42.83,86.82,51.77,39.6,68.19,59.5798,10.35,3,2,4,0,0,0,0,4,112402.51,0.1053,low,0.0
CUST004957,796,excellent,86.15,92.75,74.61,38.96,95.67,82.6289,1.6,8,0,0,0,0,0,0,1,703198.31,0.0728,low,0.0
CUST004958,735,good,85.09,88.13,15.07,47.42,92.12,72.4337,2.48,0,0,0,0,0,0,0,0,227452.87,0.038,low,0.0
CUST004959,825,excellent,95.91,90.3,88.98,52.08,82.73,87.4863,0.73,14,1,0,0,0,0,1,7,309268.88,0.9317,low,0.125
CUST004960,789,excellent,92.89,88.0,69.11,30.37,91.9,81.506,7.33,8,1,0,0,0,0,0,7,82664.11,0.0242,low,0.0
CUST004961,696,risky,44.91,94.8,62.36,47.86,76.74,65.9734,3.67,3,2,3,0,0,0,0,3,152900.32,0.0458,low,0.0
CUST004962,791,excellent,90.08,92.47,61.04,48.77,84.94,81.7965,1.9,2,1,0,0,0,0,1,2,100144.4,0.8846,low,0.3333
CUST004963,725,good,69.09,78.34,74.28,34.78,85.97,70.9014,14.47,8,1,1,0,0,0,0,5,71213.12,0.1485,low,0.0
CUST004964,605,high_risk,16.42,92.95,53.3,64.66,36.73,50.7668,0.83,2,5,6,0,0,0,1,0,101623.35,2.2343,moderate,0.5
CUST004965,816,excellent,89.02,88.5,87.01,77.77,74.83,86.0216,6.5,13,2,0,0,0,0,1,7,56271.94,0.8914,low,0.125
CUST004966,784,excellent,87.46,82.02,51.52,81.21,96.68,80.7333,10.57,3,0,0,0,0,0,2,5,22792.83,0.8354,low,0.2857
CUST004967,633,high_risk,28.98,86.74,58.6,36.34,69.89,55.5763,12.94,2,2,2,0,0,0,0,6,67151.62,0.2277,low,0.0
CUST004968,688,risky,50.41,64.47,84.25,50.34,99.63,64.6193,34.75,8,0,4,0,0,0,0,1,87297.52,0.0793,low,0.0
CUST004969,856,excellent,97.58,91.91,87.77,79.21,99.24,92.7354,6.65,10,0,0,0,0,0,1,5,143163.2,0.6633,low,0.1667
CUST004970,669,risky,29.92,93.1,77.24,35.57,79.07,61.4523,5.98,6,2,2,0,0,0,0,7,261895.26,0.1091,low,0.0
CUST004971,653,risky,27.33,88.76,74.26,45.98,68.57,58.7873,4.0,9,2,6,0,0,1,0,0,102892.74,0.3264,low,0.0
CUST004972,795,excellent,97.37,98.26,28.05,47.93,99.4,82.497,4.08,0,0,0,0,0,0,1,5,30111.19,0.5479,low,0.1667
CUST004973,816,excellent,96.8,88.74,67.99,69.94,82.77,85.9704,1.77,9,1,0,0,0,0,1,5,158219.01,0.6216,low,0.1667
CUST004974,630,high_risk,18.34,76.72,96.99,64.39,55.74,54.9956,10.66,17,4,7,0,0,0,1,3,45943.4,1.5784,moderate,0.25
CUST004975,810,excellent,97.9,76.46,85.21,74.73,75.38,84.9939,14.55,17,2,0,0,0,0,1,6,75936.22,0.7256,low,0.1429
CUST004976,740,good,93.26,89.52,16.51,30.55,82.86,73.3116,14.27,0,1,0,0,0,0,0,2,244598.05,0.0014,low,0.0
CUST004977,822,excellent,97.87,96.94,62.54,49.35,94.13,87.0652,1.06,3,0,0,0,0,0,0,0,12605.2,0.0798,low,0.0
CUST004978,808,excellent,79.51,98.69,94.99,43.85,85.5,84.6185,3.22,11,1,0,0,0,0,0,6,39537.98,0.0208,low,0.0
CUST004979,754,excellent,85.54,85.62,54.38,35.32,83.04,75.6192,13.95,2,1,0,0,0,0,0,6,100195.46,0.1616,low,0.0
CUST004980,800,excellent,94.09,81.22,78.7,42.49,99.44,83.2943,11.25,9,0,0,0,0,0,0,3,215638.82,0.1114,low,0.0
CUST004981,570,high_risk,7.68,86.33,57.67,38.03,40.03,45.0439,10.71,4,4,8,1,1,1,0,4,43877.83,0.5748,low,0.0
CUST004982,792,excellent,85.84,97.91,66.75,41.76,84.05,82.008,7.75,8,1,0,0,0,0,0,1,61164.19,0.0,low,0.0
CUST004983,728,good,62.09,91.39,87.6,44.3,46.75,71.3945,4.17,18,3,1,0,0,0,0,7,470843.63,0.2154,low,0.0
CUST004984,862,excellent,99.68,94.49,89.19,89.17,80.98,93.6275,9.68,10,1,0,0,0,0,2,1,49943.85,0.6118,low,0.6667
CUST004985,797,excellent,85.24,99.07,52.21,87.48,66.67,82.8004,5.62,3,2,0,0,0,0,2,4,2229691.57,0.825,low,0.3333
CUST004986,843,excellent,93.23,99.21,93.96,62.84,76.9,90.4624,9.87,15,2,0,0,0,0,1,7,111203.83,0.932,low,0.125
CUST004987,793,excellent,94.91,80.37,84.26,31.6,90.19,82.1466,14.66,6,1,0,0,0,0,0,7,115277.33,0.1249,low,0.0
CUST004988,797,excellent,99.71,89.24,45.06,47.4,97.17,82.8879,2.14,1,0,0,0,0,0,0,6,106900.91,0.0583,low,0.0
CUST004989,739,good,57.6,89.88,73.04,68.53,81.87,73.1199,14.7,8,1,4,0,0,0,2,2,50971.97,0.6938,low,0.5
CUST004990,813,excellent,86.63,99.79,87.56,36.39,85.15,85.5443,3.36,15,1,0,0,0,0,0,7,79423.67,0.033,low,0.0
CUST004991,671,risky,42.83,89.31,83.78,31.32,42.99,61.781,1.55,7,3,2,0,0,0,0,5,64527.67,0.019,low,0.0
CUST004992,815,excellent,95.4,98.7,58.12,42.3,98.27,85.7725,5.83,4,0,0,0,0,0,0,5,24501.4,0.0769,low,0.0
CUST004993,683,risky,47.61,90.62,82.63,31.68,44.74,63.8859,5.12,6,4,1,0,0,0,0,2,153652.66,0.2375,low,0.0
CUST004994,773,excellent,85.44,97.49,47.35,44.09,81.72,78.833,3.72,2,1,0,0,0,0,0,1,98064.47,0.0185,low,0.0
CUST004995,596,high_risk,7.26,95.58,60.88,47.57,43.13,49.416,5.48,2,5,2,1,1,1,0,4,191326.35,0.4286,low,0.0
CUST004996,826,excellent,94.08,82.16,91.19,71.21,92.77,87.6549,10.62,17,0,0,0,0,0,1,1,20750.81,0.8547,low,0.5
CUST004997,803,excellent,95.6,85.06,85.7,37.94,81.35,83.762,10.99,10,1,0,0,0,0,0,1,178637.23,0.0654,low,0.0
CUST004998,810,excellent,89.56,88.65,87.99,47.78,90.47,84.9641,2.91,12,0,0,0,0,0,0,7,38052.94,0.0792,low,0.0
CUST004999,784,excellent,73.11,96.51,85.01,43.42,90.95,80.728,2.56,14,0,1,0,0,0,0,7,67616.7,0.0691,low,0.0
CUST005000,805,excellent,96.04,94.9,63.89,44.58,81.09,84.2356,2.55,3,1,0,0,0,0,0,2,26764.57,0.0133,low,0.0
CUST005001,712,good,44.13,90.57,92.78,37.68,82.91,68.593,8.71,15,1,3,0,0,0,0,6,84696.86,0.1582,low,0.0
CUST005002,808,excellent,92.97,84.89,91.64,33.84,95.97,84.7322,14.84,18,0,0,0,0,0,0,0,76891.99,0.0904,low,0.0
CUST005003,778,excellent,95.74,95.81,31.26,30.48,96.97,79.6885,2.43,1,0,0,0,0,0,0,1,219014.68,0.0338,low,0.0
CUST005004,832,excellent,91.21,96.18,99.25,36.15,93.77,88.6561,4.15,20,0,0,0,0,0,0,1,76935.22,0.1658,low,0.0
CUST005005,754,excellent,90.23,75.27,57.09,38.21,91.69,75.7121,11.07,3,0,0,0,0,0,0,3,30486.8,0.1417,low,0.0
CUST005006,742,good,85.71,91.75,11.89,48.47,95.89,73.7433,6.78,0,0,0,0,0,0,0,4,39300.15,0.118,low,0.0
CUST005007,821,excellent,89.4,85.5,98.44,63.83,87.14,86.8041,10.28,20,1,0,0,0,0,1,6,224516.61,0.6431,low,0.1429
CUST005008,758,excellent,94.92,84.04,29.43,43.37,92.23,76.4095,11.39,0,0,0,0,0,0,0,4,342755.33,0.135,low,0.0
CUST005009,828,excellent,95.12,92.52,73.9,60.65,98.75,88.0714,1.61,6,0,0,0,0,0,1,5,74156.04,0.7494,low,0.1667
CUST005010,710,good,53.76,98.62,47.62,37.49,89.89,68.2825,1.53,1,1,1,0,0,0,0,5,99593.51,0.2228,low,0.0
CUST005011,664,risky,45.33,81.45,77.96,33.94,53.51,60.7405,13.7,6,3,4,0,0,0,0,2,170708.85,0.2297,low,0.0
CUST005012,671,risky,15.24,93.3,95.27,73.83,78.85,61.88,8.24,17,2,6,0,0,0,1,4,257997.11,1.2982,low,0.2
CUST005013,594,high_risk,22.78,83.99,50.87,33.83,48.91,49.0767,11.23,3,3,5,0,0,1,0,1,62165.66,0.5891,low,0.0
CUST005014,738,good,96.9,79.74,11.2,41.76,92.48,72.9385,10.67,0,0,0,0,0,0,0,6,99326.66,0.107,low,0.0
CUST005015,789,excellent,94.05,80.56,73.8,41.61,91.98,81.5155,12.26,8,0,0,0,0,0,0,1,38092.76,0.0136,low,0.0
CUST005016,783,excellent,88.16,93.65,48.63,45.17,96.59,80.4194,4.38,1,0,0,0,0,0,0,7,170586.58,0.0792,low,0.0
CUST005017,753,excellent,74.35,94.81,66.0,45.14,65.95,75.476,2.61,8,2,1,0,0,0,1,4,177366.38,0.4595,low,0.2
CUST005018,765,excellent,91.79,92.84,41.15,43.75,69.28,77.4503,0.02,1,2,0,0,0,0,0,2,128728.83,0.0577,low,0.0
CUST005019,777,excellent,94.9,88.88,40.44,45.73,90.54,79.5704,0.33,1,1,0,0,0,0,0,6,134690.55,0.1225,low,0.0
CUST005020,764,excellent,87.27,81.98,49.21,55.21,93.25,77.3668,13.37,3,0,0,0,0,0,1,1,35587.31,0.6469,low,0.5
CUST005021,770,excellent,69.29,82.42,84.75,70.41,95.81,78.3115,12.43,9,0,1,0,0,0,1,4,91324.63,0.6324,low,0.2
CUST005022,808,excellent,89.59,86.96,83.18,62.05,84.91,84.6144,11.49,8,1,0,0,0,0,1,6,154137.09,0.3592,low,0.1429
CUST005023,864,excellent,97.81,99.23,95.5,58.44,98.34,94.0063,6.8,17,0,0,0,0,0,1,6,73268.09,0.863,low,0.1429
CUST005024,771,excellent,86.1,79.98,69.45,47.64,91.7,78.4799,10.46,8,0,0,0,0,0,0,3,64795.45,0.1388,low,0.0
CUST005025,661,risky,17.92,98.26,90.6,60.02,59.05,60.2493,2.95,16,3,5,0,0,0,1,3,190316.31,2.2927,moderate,0.25
CUST005026,819,excellent,96.5,96.34,65.21,57.57,82.48,86.4625,9.27,8,1,0,0,0,0,1,5,91147.13,0.918,low,0.1667
CUST005027,821,excellent,99.74,77.18,95.87,46.32,97.88,86.8635,13.0,16,0,0,0,0,0,0,0,60590.97,0.1244,low,0.0
CUST005028,773,excellent,88.86,82.19,69.08,37.51,90.35,78.9047,11.45,5,1,0,0,0,0,0,1,221522.58,0.0521,low,0.0
CUST005029,787,excellent,93.69,93.4,59.23,70.15,44.29,81.1421,4.37,2,3,0,0,0,0,1,4,46088.26,0.7351,low,0.2
CUST005030,829,excellent,95.82,96.03,78.04,46.43,95.33,88.2276,3.63,5,0,0,0,0,0,0,0,164003.36,0.1433,low,0.0
CUST005031,711,good,44.36,93.78,77.01,42.49,89.79,68.4391,3.4,5,1,2,0,0,0,0,2,72505.82,0.2099,low,0.0
CUST005032,624,high_risk,28.17,79.66,77.12,49.86,36.87,53.9971,10.09,8,6,4,0,0,0,0,3,119194.22,0.5569,low,0.0
CUST005033,656,risky,23.3,92.23,78.94,65.33,60.56,59.2529,8.35,7,4,5,1,0,0,1,6,44461.29,1.3026,low,0.1429
CUST005034,793,excellent,86.0,88.05,68.6,62.12,91.4,82.1566,0.42,6,0,0,0,0,0,1,2,54589.88,0.8629,low,0.3333
CUST005035,599,high_risk,1.54,97.61,61.66,48.36,59.55,49.8629,6.61,3,3,3,1,1,1,0,5,241251.74,0.2402,low,0.0
CUST005036,716,good,48.4,93.94,92.95,37.49,65.71,69.386,5.53,15,2,4,0,0,0,0,3,49818.21,0.1049,low,0.0
CUST005037,681,risky,38.38,84.65,74.9,77.11,67.27,63.4998,12.0,5,2,1,0,0,0,1,6,27473.0,1.3821,low,0.1429
CUST005038,798,excellent,85.73,95.26,50.36,78.33,90.95,83.0668,4.98,3,0,0,0,0,0,1,1,29958.15,0.4143,low,0.5
CUST005039,821,excellent,94.27,92.98,69.92,55.84,98.55,86.8171,2.01,9,0,0,0,0,0,1,2,2138870.05,0.5367,low,0.3333
CUST005040,787,excellent,87.23,88.02,71.43,42.75,91.63,81.0893,0.56,9,0,0,0,0,0,0,2,183051.03,0.068,low,0.0
CUST005041,822,excellent,90.41,94.19,95.38,39.49,87.89,86.9444,9.64,14,1,0,0,0,0,0,3,258313.71,0.1475,low,0.0
CUST005042,741,good,99.56,49.65,59.16,57.04,91.85,73.5024,53.03,3,0,0,0,0,0,0,5,129625.5,0.1131,low,0.0
CUST005043,823,excellent,98.62,88.46,87.16,32.59,98.17,87.2055,4.49,17,0,0,0,0,0,0,2,26212.34,0.1457,low,0.0
CUST005044,827,excellent,94.48,98.21,82.99,38.69,90.28,87.8785,1.8,7,1,0,0,0,0,0,2,51047.57,0.1661,low,0.0
CUST005045,776,excellent,88.76,87.1,66.46,34.59,87.51,79.3725,11.37,7,1,0,0,0,0,0,3,287787.84,0.01,low,0.0
CUST005046,747,good,63.03,91.48,80.2,42.19,88.2,74.5741,2.46,7,1,3,0,0,0,0,7,125127.01,0.0921,low,0.0
CUST005047,709,good,45.35,94.92,86.95,44.7,63.73,68.2329,6.87,13,4,3,0,0,0,0,3,59664.44,0.0302,low,0.0
CUST005048,814,excellent,99.41,97.98,54.37,36.37,97.29,85.7095,2.87,4,0,0,0,0,0,0,5,75802.97,0.0196,low,0.0
CUST005049,754,excellent,63.39,90.68,85.32,61.89,82.21,75.5994,8.49,11,1,3,0,0,0,1,2,113024.72,1.1895,low,0.3333
CUST005050,759,excellent,90.71,94.19,31.96,35.47,80.67,76.4172,9.93,1,1,0,0,0,0,0,7,147495.11,0.1013,low,0.0
CUST005051,642,high_risk,35.72,75.91,66.51,45.62,71.32,56.947,12.13,6,2,1,0,0,0,0,0,124303.24,0.2498,low,0.0
CUST005052,689,risky,49.46,88.34,74.49,38.15,60.45,64.8447,0.48,5,4,1,0,0,0,0,2,75727.92,0.2499,low,0.0
CUST005053,840,excellent,90.65,98.58,91.04,66.63,83.2,89.9383,1.77,19,1,0,0,0,0,1,1,55076.27,0.3974,low,0.5
CUST005054,830,excellent,99.98,91.16,75.8,53.97,91.78,88.2852,4.35,7,0,0,0,0,0,1,1,105953.75,0.4686,low,0.5
CUST005055,871,excellent,99.01,98.82,96.83,67.14,96.94,95.2318,3.55,12,0,0,0,0,0,1,0,192909.17,0.9447,low,0.5
CUST005056,669,risky,55.1,91.98,17.45,42.63,77.92,61.552,1.36,0,2,2,0,0,0,0,1,152150.8,0.2107,low,0.0
CUST005057,760,excellent,92.93,88.92,12.87,77.62,77.23,76.6163,8.51,0,2,0,0,0,0,1,6,60888.2,0.6243,low,0.1429
CUST005058,851,excellent,97.04,89.87,96.82,79.05,84.74,91.8252,4.46,18,1,0,0,0,0,1,5,191063.34,0.8221,low,0.1667
CUST005059,807,excellent,96.59,88.65,73.47,40.68,90.88,84.5766,7.06,7,0,0,0,0,0,0,2,283439.17,0.0744,low,0.0
CUST005060,833,excellent,89.44,96.02,86.36,60.66,96.98,88.8267,9.57,11,0,0,0,0,0,1,3,95576.73,0.48,low,0.25
CUST005061,605,high_risk,12.48,87.84,77.6,47.56,36.47,50.7638,11.9,6,5,4,0,0,1,0,5,244301.58,0.633,low,0.0
CUST005062,833,excellent,99.53,94.41,61.95,66.85,97.51,88.8885,9.57,3,0,0,0,0,0,1,5,754335.27,0.3985,low,0.1667
CUST005063,629,high_risk,19.77,89.12,70.19,74.36,41.5,54.767,14.32,6,3,4,1,0,0,1,6,168258.9,2.0458,moderate,0.1429
CUST005064,818,excellent,88.77,88.77,92.44,61.69,86.18,86.3516,2.99,11,1,0,0,0,0,1,1,133251.1,0.5587,low,0.5
CUST005065,612,high_risk,14.29,88.95,73.13,30.56,63.6,52.0736,1.58,8,3,5,1,0,1,0,1,62135.1,0.4288,low,0.0
CUST005066,793,excellent,85.14,89.81,75.03,50.4,91.79,82.2126,2.78,6,0,0,0,0,0,1,5,37243.25,0.5937,low,0.1667
CUST005067,655,risky,40.87,99.13,35.61,42.69,55.82,59.2396,6.01,1,3,2,0,0,0,0,4,15527.22,0.2439,low,0.0
CUST005068,629,high_risk,26.7,96.37,37.69,33.81,74.88,54.7781,4.32,1,2,1,0,0,0,0,0,135278.14,0.1172,low,0.0
CUST005069,827,excellent,87.63,91.03,91.32,66.69,95.39,87.8861,5.05,19,0,0,0,0,0,1,1,330213.48,0.3781,low,0.5
CUST005070,833,excellent,97.01,99.03,58.91,74.63,88.06,88.7688,9.0,4,1,0,0,0,0,1,2,102431.73,0.9972,low,0.3333
CUST005071,768,excellent,78.2,86.88,66.16,54.93,91.21,77.9724,19.4,6,0,1,0,0,0,0,1,165199.06,0.0975,low,0.0
CUST005072,800,excellent,92.47,80.53,93.52,46.09,81.73,83.3308,13.38,10,1,0,0,0,0,0,7,45973.5,0.0409,low,0.0
CUST005073,796,excellent,90.36,92.69,47.84,77.61,82.72,82.6425,0.05,1,1,0,0,0,0,1,7,220109.95,0.6018,low,0.125
CUST005074,737,good,77.05,81.26,76.27,31.89,68.14,72.79,14.0,9,2,0,0,0,0,0,7,266722.16,0.0413,low,0.0
CUST005075,721,good,55.62,88.88,76.16,48.88,77.8,70.2214,4.52,6,2,4,0,0,0,0,6,27053.82,0.0937,low,0.0
CUST005076,740,good,57.68,88.17,86.3,68.73,79.41,73.3992,5.23,16,2,3,0,0,0,1,7,136036.39,1.3296,low,0.125
CUST005077,833,excellent,96.58,99.67,96.87,31.82,74.78,88.8944,2.21,10,2,0,0,0,0,0,2,226937.47,0.063,low,0.0
CUST005078,656,risky,27.64,90.23,94.81,39.51,43.61,59.2779,1.42,13,5,7,0,0,1,0,0,246082.65,0.2991,low,0.0
CUST005079,779,excellent,96.04,93.7,26.45,49.76,92.43,79.9121,9.33,0,0,0,0,0,0,0,7,44840.61,0.1178,low,0.0
CUST005080,819,excellent,98.02,96.66,58.57,47.91,95.53,86.4373,4.81,2,0,0,0,0,0,0,1,118733.43,0.12,low,0.0
CUST005081,844,excellent,90.64,95.32,91.02,94.22,73.01,90.6965,8.11,13,2,0,0,0,0,2,7,102243.37,0.9772,low,0.2222
CUST005082,809,excellent,93.31,97.78,70.18,50.84,71.68,84.7711,7.08,5,2,0,0,0,0,1,0,71659.76,0.4444,low,0.5
CUST005083,759,excellent,57.15,96.79,94.13,38.1,95.21,76.4931,9.1,15,0,4,0,0,0,0,5,872816.64,0.1182,low,0.0
CUST005084,824,excellent,86.28,92.71,77.74,77.13,99.28,87.3109,2.58,8,0,0,0,0,0,1,5,88898.85,0.6563,low,0.1667
CUST005085,654,risky,38.35,77.43,81.75,58.19,42.43,58.9747,19.18,5,3,2,0,0,0,0,5,1388745.3,0.2037,low,0.0
CUST005086,675,risky,45.01,77.79,86.06,68.39,47.41,62.5819,11.67,10,4,1,0,0,0,1,3,274940.05,1.1272,low,0.25
CUST005087,803,excellent,93.47,89.21,74.84,34.25,97.68,83.8969,2.76,9,0,0,0,0,0,0,5,73639.32,0.0376,low,0.0
CUST005088,777,excellent,86.72,96.93,77.85,36.94,46.9,79.4933,4.09,8,3,0,0,0,0,0,3,354640.05,0.067,low,0.0
CUST005089,634,high_risk,14.49,92.6,91.96,47.94,41.63,55.601,2.08,14,3,7,0,0,1,0,6,327082.2,0.5356,low,0.0
CUST005090,792,excellent,89.67,88.94,70.6,43.58,90.59,82.0722,8.43,8,0,0,0,0,0,0,2,157810.41,0.1182,low,0.0
CUST005091,713,good,47.89,98.6,75.54,40.77,71.6,68.9114,3.23,8,2,3,0,0,0,0,1,143991.85,0.2038,low,0.0
CUST005092,794,excellent,87.49,98.65,70.44,34.62,81.21,82.3636,6.25,6,1,0,0,0,0,0,7,147329.24,0.0518,low,0.0
CUST005093,718,good,44.54,89.91,98.56,32.04,91.48,69.6959,13.47,16,1,2,0,0,0,0,5,53226.7,0.0108,low,0.0
CUST005094,829,excellent,87.32,93.06,88.59,64.7,99.02,88.1389,0.38,12,0,0,0,0,0,1,6,133881.43,0.7906,low,0.1429
CUST005095,786,excellent,89.4,82.09,89.02,31.54,86.51,81.076,15.0,12,1,0,0,0,0,0,4,106344.92,0.0307,low,0.0
CUST005096,863,excellent,97.35,92.64,98.73,90.11,82.1,93.893,8.66,11,1,0,0,0,0,2,4,21039.02,0.506,low,0.3333
CUST005097,836,excellent,94.47,89.16,90.02,67.21,92.69,89.3045,13.87,19,0,0,0,0,0,1,0,361663.56,0.6566,low,0.5
CUST005098,725,good,55.22,81.8,99.18,39.34,80.92,70.7706,10.21,20,1,3,0,0,0,0,5,780320.64,0.0227,low,0.0
CUST005099,816,excellent,94.71,93.04,82.14,42.63,83.34,85.9804,9.98,8,1,0,0,0,0,0,5,33755.89,0.0978,low,0.0
CUST005100,657,risky,29.96,95.38,90.47,43.93,24.36,59.5027,5.08,13,6,3,0,0,1,0,1,184677.99,0.6225,low,0.0
CUST005101,816,excellent,91.65,94.09,78.37,68.42,71.49,86.0537,7.2,8,2,0,0,0,0,1,2,121417.57,0.7447,low,0.3333
CUST005102,795,excellent,88.07,78.6,90.75,45.28,99.12,82.4548,20.08,14,0,0,0,0,0,0,3,152747.31,0.0669,low,0.0
CUST005103,754,excellent,87.14,88.06,32.22,43.05,95.59,75.6151,7.91,0,0,0,0,0,0,0,4,557287.71,0.1566,low,0.0
CUST005104,789,excellent,88.6,78.1,86.21,45.21,95.9,81.4818,10.05,15,0,0,0,0,0,0,1,52035.76,0.0612,low,0.0
CUST005105,603,high_risk,7.25,85.12,74.78,64.19,57.65,50.4746,13.66,6,3,4,1,0,0,1,0,59122.34,2.0969,moderate,0.5
CUST005106,830,excellent,96.61,98.74,73.16,42.49,96.43,88.3042,3.95,5,0,0,0,0,0,0,0,96601.57,0.0006,low,0.0
CUST005107,669,risky,25.19,89.86,91.21,42.91,77.43,61.4896,6.18,10,2,4,0,0,0,0,0,105840.02,0.0816,low,0.0
CUST005108,823,excellent,91.61,95.77,88.42,33.97,96.3,87.0866,4.9,14,0,0,0,0,0,0,6,45111.74,0.1441,low,0.0
CUST005109,692,risky,38.6,91.1,86.01,41.05,74.73,65.3164,2.07,14,2,1,0,0,0,0,3,28701.37,0.0455,low,0.0
CUST005110,815,excellent,96.49,88.56,69.09,68.56,82.6,85.8169,5.98,5,1,0,0,0,0,1,3,80736.93,0.9365,low,0.25
CUST005111,831,excellent,94.94,89.12,87.37,58.49,95.51,88.4697,3.14,10,0,0,0,0,0,1,6,30225.53,0.7317,low,0.1429
CUST005112,789,excellent,89.92,92.69,52.68,45.65,96.85,81.4306,8.18,4,0,0,0,0,0,0,5,672541.99,0.0021,low,0.0
CUST005113,773,excellent,96.57,95.98,28.2,45.92,73.37,78.7532,3.89,0,2,0,0,0,0,0,4,491199.58,0.0747,low,0.0
CUST005114,820,excellent,92.69,95.97,72.63,49.02,95.58,86.5867,8.17,5,0,0,0,0,0,0,1,59737.03,0.0418,low,0.0
CUST005115,788,excellent,85.74,96.48,64.46,38.06,89.45,81.3718,4.11,4,1,0,0,0,0,0,2,255353.37,0.0461,low,0.0
CUST005116,796,excellent,85.87,85.92,95.12,32.97,93.2,82.7162,12.12,20,0,0,0,0,0,0,7,543110.36,0.0455,low,0.0
CUST005117,685,risky,57.57,77.98,52.9,47.97,79.74,64.2493,11.91,4,2,1,0,0,0,0,7,70990.64,0.137,low,0.0
CUST005118,778,excellent,94.78,93.66,35.79,31.28,98.64,79.6327,1.36,1,0,0,0,0,0,0,3,128924.33,0.0469,low,0.0
CUST005119,784,excellent,90.38,95.39,39.93,56.71,87.86,80.6991,1.01,1,1,0,0,0,0,1,1,161665.48,0.3905,low,0.5
CUST005120,712,good,58.18,91.68,65.57,72.04,47.27,68.6326,3.4,5,4,1,0,0,0,1,1,229652.75,1.3521,low,0.5
CUST005121,815,excellent,95.2,96.79,75.54,30.25,91.47,85.8604,3.32,8,0,0,0,0,0,0,5,11398.02,0.1448,low,0.0
CUST005122,841,excellent,93.69,91.93,96.31,58.62,94.2,90.1005,3.29,14,0,0,0,0,0,1,4,79749.86,0.3339,low,0.2
CUST005123,630,high_risk,11.2,88.96,72.69,46.44,89.17,55.072,5.58,8,1,5,0,0,1,0,6,186813.3,0.41,low,0.0
CUST005124,760,excellent,85.99,95.5,27.89,47.82,88.89,76.6039,6.11,0,1,0,0,0,0,0,3,38504.4,0.0186,low,0.0
CUST005125,842,excellent,96.58,96.07,96.57,47.96,84.67,90.3717,8.53,12,1,0,0,0,0,1,1,52845.34,0.7793,low,0.5
CUST005126,663,risky,56.41,83.32,31.38,33.44,77.49,60.5411,10.12,0,2,3,0,0,0,0,6,200755.37,0.1248,low,0.0
CUST005127,830,excellent,99.79,98.91,66.02,42.54,95.89,88.3447,4.22,6,0,0,0,0,0,0,1,241380.78,0.1465,low,0.0
CUST005128,624,high_risk,44.49,75.02,18.05,42.96,89.94,54.0733,10.11,0,1,2,0,0,0,0,5,205704.8,0.1915,low,0.0
CUST005129,623,high_risk,21.76,90.07,85.22,38.43,24.98,53.7624,6.36,15,6,6,1,0,0,0,2,146879.95,0.2289,low,0.0
CUST005130,658,risky,58.08,94.69,22.78,30.15,45.45,59.7083,8.4,0,3,2,0,0,0,0,6,181606.06,0.0468,low,0.0
CUST005131,751,excellent,66.46,81.5,89.13,48.94,92.7,75.2413,11.52,14,0,0,0,0,0,1,2,67639.96,0.8611,low,0.3333
CUST005132,753,excellent,89.39,95.91,18.39,36.69,90.04,75.4907,1.86,0,1,0,0,0,0,0,7,57038.9,0.1083,low,0.0
CUST005133,784,excellent,94.15,91.91,50.88,34.97,90.05,80.6575,4.14,2,0,0,0,0,0,0,0,83245.01,0.0257,low,0.0
CUST005134,805,excellent,86.45,97.66,60.73,64.61,90.79,84.2038,0.11,3,0,0,0,0,0,1,0,121379.12,0.7094,low,0.5
CUST005135,776,excellent,86.44,61.04,94.98,76.95,87.56,79.2647,30.14,13,1,0,0,0,0,1,5,419687.65,0.8655,low,0.1667
CUST005136,810,excellent,85.99,89.95,89.4,63.36,81.31,84.9586,4.88,15,1,0,0,0,0,1,1,301734.23,0.8401,low,0.5
CUST005137,833,excellent,93.82,93.37,82.25,68.33,88.48,88.8684,4.73,8,1,0,0,0,0,1,1,95593.41,0.4144,low,0.5
CUST005138,840,excellent,89.59,94.3,87.05,79.82,92.38,89.9241,9.19,20,0,0,0,0,0,1,4,76819.61,0.6991,low,0.2
CUST005139,755,excellent,69.56,86.05,85.31,35.71,92.41,75.7706,11.57,11,0,0,0,0,0,0,2,556580.21,0.0628,low,0.0
CUST005140,857,excellent,93.37,99.74,94.92,61.11,98.84,92.835,0.09,15,0,0,0,0,0,1,2,54115.24,0.6709,low,0.3333
CUST005141,811,excellent,94.98,95.9,72.65,36.52,86.1,85.1726,1.37,6,1,0,0,0,0,0,6,560935.53,0.1278,low,0.0
CUST005142,779,excellent,98.92,83.33,46.52,33.74,97.96,79.769,13.54,2,0,0,0,0,0,0,4,38497.19,0.145,low,0.0
CUST005143,818,excellent,86.8,99.67,83.53,41.37,94.24,86.3739,9.31,5,0,0,0,0,0,0,1,23257.54,0.0411,low,0.0
CUST005144,777,excellent,94.42,78.31,45.31,75.44,86.46,79.5241,10.57,4,1,0,0,0,0,1,0,24686.85,0.9149,low,0.5
CUST005145,787,excellent,89.34,85.97,54.29,65.04,94.83,81.1898,16.15,3,0,0,0,0,0,1,7,61563.83,0.34,low,0.125
CUST005146,814,excellent,85.1,98.56,90.76,41.99,84.41,85.606,0.97,20,1,0,0,0,0,0,6,199902.51,0.1238,low,0.0
CUST005147,636,high_risk,21.96,95.6,71.92,43.27,45.54,56.0368,9.6,7,4,3,0,0,1,0,4,43623.82,0.5379,low,0.0
CUST005148,790,excellent,99.61,89.54,53.06,32.69,87.49,81.701,8.84,2,1,0,0,0,0,0,3,57836.16,0.0543,low,0.0
CUST005149,836,excellent,90.92,99.22,90.54,48.88,93.35,89.3916,1.62,11,0,0,0,0,0,0,0,11666.17,0.1076,low,0.0
CUST005150,798,excellent,90.16,84.06,90.3,31.45,94.71,82.9327,11.76,14,0,0,0,0,0,0,1,84596.59,0.0986,low,0.0
CUST005151,827,excellent,95.01,89.23,75.11,68.8,95.91,87.7592,9.72,9,0,0,0,0,0,1,6,15282.7,0.6403,low,0.1429
CUST005152,616,high_risk,12.62,92.1,67.85,33.28,71.27,52.6801,8.2,9,2,3,0,0,1,0,4,88495.62,0.4062,low,0.0
CUST005153,764,excellent,96.88,75.79,26.0,69.7,98.28,77.341,11.21,0,0,0,0,0,0,1,1,164444.7,0.7526,low,0.5
CUST005154,699,risky,74.18,80.93,12.84,47.38,96.59,66.5644,10.06,0,0,1,0,0,0,0,4,86415.52,0.0486,low,0.0
CUST005155,781,excellent,93.28,94.07,34.45,49.53,92.54,80.2427,9.05,0,0,0,0,0,0,0,1,184551.42,0.0696,low,0.0
CUST005156,743,good,96.63,85.06,11.42,38.49,88.65,73.7644,14.35,0,1,0,0,0,0,0,7,167873.0,0.0042,low,0.0
CUST005157,809,excellent,96.15,88.17,74.46,41.42,93.69,84.7829,10.77,8,0,0,0,0,0,0,3,116380.38,0.0853,low,0.0
CUST005158,819,excellent,93.74,90.06,88.39,65.31,68.39,86.4538,4.66,13,2,0,0,0,0,1,7,184343.7,0.4904,low,0.125
CUST005159,801,excellent,90.64,88.84,90.84,35.17,80.62,83.5825,5.69,13,1,0,0,0,0,0,4,87640.57,0.1287,low,0.0
CUST005160,807,excellent,75.88,92.38,95.86,63.47,95.54,84.5503,4.88,12,0,1,0,0,0,1,5,20210.85,0.3445,low,0.1667
CUST005161,803,excellent,91.24,92.71,67.57,47.35,92.06,83.8219,9.94,6,0,0,0,0,0,1,7,27519.16,0.4879,low,0.125
CUST005162,825,excellent,95.75,88.09,99.48,34.09,92.6,87.5323,9.21,13,0,0,0,0,0,0,6,72714.75,0.0518,low,0.0
CUST005163,794,excellent,93.95,86.74,64.8,41.83,95.37,82.3435,10.83,4,0,0,0,0,0,0,4,159191.81,0.1632,low,0.0
CUST005164,624,high_risk,25.26,92.82,45.14,41.3,63.57,53.9433,9.06,4,3,4,0,0,0,0,1,353770.4,0.0762,low,0.0
CUST005165,807,excellent,88.85,90.38,87.07,45.89,85.75,84.4391,1.12,12,1,0,0,0,0,0,6,267899.54,0.0138,low,0.0
CUST005166,791,excellent,90.21,90.28,68.98,30.5,98.18,81.8734,4.68,8,0,0,0,0,0,0,4,102934.67,0.0466,low,0.0
CUST005167,727,good,91.31,64.2,31.71,55.39,95.95,71.1082,34.92,1,0,0,0,0,0,0,2,67716.42,0.0008,low,0.0
CUST005168,817,excellent,90.76,94.83,91.36,34.65,88.27,86.2118,4.81,11,1,0,0,0,0,0,4,196254.45,0.04,low,0.0
CUST005169,774,excellent,88.03,96.32,34.85,46.82,94.5,79.0652,0.88,0,0,0,0,0,0,0,1,91136.99,0.0022,low,0.0
CUST005170,769,excellent,98.26,89.84,45.56,34.22,65.2,78.1185,12.08,1,2,0,0,0,0,0,2,166423.41,0.0334,low,0.0
CUST005171,695,risky,62.53,76.92,88.81,37.3,37.76,65.7909,13.14,15,5,4,0,0,0,0,5,120093.27,0.0615,low,0.0
CUST005172,824,excellent,95.49,90.89,98.45,37.51,81.24,87.3324,3.77,16,1,0,0,0,0,0,4,60333.12,0.0884,low,0.0
CUST005173,875,excellent,98.76,96.73,91.16,90.59,94.6,95.7782,8.64,20,0,0,0,0,0,2,2,101482.91,0.4189,low,0.5
CUST005174,788,excellent,93.27,92.6,65.08,44.5,67.68,81.4041,8.92,9,2,0,0,0,0,0,5,102782.01,0.0177,low,0.0
CUST005175,784,excellent,95.78,66.55,76.25,76.09,80.82,80.6141,49.65,6,1,0,0,0,0,1,0,28433.67,0.7382,low,0.5
CUST005176,796,excellent,85.65,88.83,89.2,45.88,80.63,82.6562,13.22,13,1,0,0,0,0,0,2,708582.52,0.0756,low,0.0
CUST005177,793,excellent,96.47,87.57,48.86,56.36,91.81,82.1824,26.34,3,0,0,0,0,0,0,3,60862.43,0.001,low,0.0
CUST005178,797,excellent,99.13,98.29,35.01,47.5,86.14,82.7986,4.13,1,1,0,0,0,0,0,6,32475.12,0.0994,low,0.0
CUST005179,778,excellent,91.47,97.12,54.93,33.83,69.24,79.695,3.14,2,2,0,0,0,0,0,6,64651.4,0.0414,low,0.0
CUST005180,695,risky,40.88,98.8,67.24,35.32,82.52,65.8167,5.98,7,1,3,0,0,0,0,6,101514.59,0.1496,low,0.0
CUST005181,753,excellent,63.88,93.44,96.84,35.08,69.96,75.4191,9.79,16,2,4,0,0,0,0,7,35920.5,0.1064,low,0.0
CUST005182,832,excellent,90.73,98.59,90.21,49.99,87.33,88.5944,1.93,13,1,0,0,0,0,0,6,126495.05,0.1131,low,0.0
CUST005183,821,excellent,97.77,79.29,95.62,58.09,87.17,86.8743,21.13,18,1,0,0,0,0,0,6,76763.08,0.0651,low,0.0
CUST005184,752,excellent,66.32,88.16,82.38,44.57,89.14,75.3884,11.95,8,1,0,0,0,0,0,2,76271.8,0.0942,low,0.0
CUST005185,765,excellent,66.58,92.38,82.54,46.6,93.84,77.4431,4.69,9,0,0,0,0,0,0,3,368727.14,0.0275,low,0.0
CUST005186,812,excellent,85.48,97.64,94.23,39.72,80.88,85.4057,4.93,10,1,0,0,0,0,0,5,49706.01,0.1391,low,0.0
CUST005187,792,excellent,87.58,88.23,75.78,47.71,87.46,82.0074,11.38,6,1,0,0,0,0,1,4,116402.11,0.9351,low,0.2
CUST005188,805,excellent,98.77,66.21,97.57,52.75,97.62,84.1056,34.05,18,0,0,0,0,0,1,5,146704.17,0.3775,low,0.1667
CUST005189,716,good,99.34,50.32,35.02,49.92,92.99,69.4099,59.64,1,0,0,0,0,0,0,5,155480.91,0.019,low,0.0
CUST005190,823,excellent,85.86,97.15,80.34,62.05,96.92,87.1472,1.76,9,0,0,0,0,0,1,4,366355.68,0.5582,low,0.2
CUST005191,794,excellent,91.32,79.52,89.59,41.03,90.47,82.4052,12.29,17,0,0,0,0,0,0,6,114752.82,0.0394,low,0.0
CUST005192,786,excellent,89.23,86.97,47.98,75.5,88.68,80.9355,12.57,1,1,0,0,0,0,2,1,35914.29,0.8217,low,0.6667
CUST005193,649,high_risk,45.04,94.38,32.27,36.33,56.32,58.1843,4.81,0,4,3,0,0,0,0,1,110202.28,0.1583,low,0.0
CUST005194,817,excellent,93.9,96.19,83.02,35.66,83.61,86.1035,4.24,8,1,0,0,0,0,0,4,34368.11,0.1657,low,0.0
CUST005195,825,excellent,98.06,88.39,56.52,83.5,98.62,87.5288,1.33,3,0,0,0,0,0,2,0,40876.0,0.9467,low,0.6667
CUST005196,616,high_risk,22.77,96.25,46.1,62.48,37.43,52.7482,9.11,4,5,5,1,0,0,1,1,606817.35,1.6635,moderate,0.5
CUST005197,748,good,77.44,97.92,34.86,49.27,80.69,74.7053,5.54,1,1,0,0,0,0,1,7,132802.46,0.3897,low,0.125
CUST005198,642,high_risk,50.69,75.67,41.59,32.27,70.41,56.9483,13.79,1,2,1,0,0,0,0,3,89924.15,0.0464,low,0.0
CUST005199,707,good,52.79,88.47,63.21,44.72,88.74,67.8447,7.82,3,1,1,0,0,0,0,7,250940.29,0.0193,low,0.0
CUST005200,810,excellent,86.19,91.42,89.71,54.36,84.39,84.9239,9.58,11,1,0,0,0,0,1,5,129718.55,0.6118,low,0.1667
CUST005201,856,excellent,98.94,96.96,99.9,48.86,90.09,92.599,9.09,11,0,0,0,0,0,0,3,126746.11,0.0777,low,0.0
CUST005202,844,excellent,96.3,93.34,78.45,87.15,85.32,90.7223,3.59,8,1,0,0,0,0,2,2,64544.43,0.8853,low,0.5
CUST005203,744,good,86.81,75.18,58.93,34.07,87.91,73.9742,14.95,2,1,0,0,0,0,0,4,56619.28,0.1194,low,0.0
CUST005204,775,excellent,70.71,93.1,91.41,44.35,83.66,79.1896,7.2,13,1,0,0,0,0,0,0,70946.32,0.1152,low,0.0
CUST005205,863,excellent,96.81,96.44,99.98,61.64,98.86,93.8618,2.56,10,0,0,0,0,0,1,1,50569.14,0.7571,low,0.5
CUST005206,816,excellent,92.89,86.3,79.84,60.22,96.53,86.0525,12.98,9,0,0,0,0,0,1,5,61099.62,0.3443,low,0.1667
CUST005207,759,excellent,68.55,95.58,57.66,60.45,90.74,76.4351,0.67,2,0,1,0,0,0,1,2,31797.57,0.8757,low,0.3333
CUST005208,759,excellent,55.11,99.76,94.9,74.22,65.85,76.4579,2.53,14,2,4,0,0,0,1,6,116757.61,1.2247,low,0.1429
CUST005209,661,risky,40.3,79.58,65.62,61.16,71.62,60.099,13.61,5,2,2,0,0,0,1,0,213966.86,1.3978,low,0.5
CUST005210,800,excellent,77.38,90.33,97.62,45.26,98.99,83.2524,5.47,14,0,1,0,0,0,0,0,33597.97,0.0474,low,0.0
CUST005211,788,excellent,66.71,92.5,86.57,83.29,90.03,81.4149,6.21,16,0,0,0,0,0,2,5,117883.83,0.6028,low,0.2857
CUST005212,776,excellent,93.57,92.82,31.59,44.01,95.76,79.3106,3.64,1,0,0,0,0,0,0,1,50970.66,0.01,low,0.0
CUST005213,844,excellent,99.4,93.1,88.94,60.9,85.72,90.7231,0.89,20,1,0,0,0,0,1,7,60573.35,0.5688,low,0.125
CUST005214,812,excellent,96.52,84.4,80.53,74.78,67.48,85.4076,13.7,8,2,0,0,0,0,1,0,90700.05,0.3358,low,0.5
CUST005215,851,excellent,98.66,91.98,98.73,63.49,85.65,91.8511,3.45,16,1,0,0,0,0,1,6,207585.88,0.9956,low,0.1429
CUST005216,807,excellent,97.0,86.85,72.36,39.95,96.81,84.5356,12.73,7,0,0,0,0,0,0,3,453836.26,0.1164,low,0.0
CUST005217,793,excellent,85.49,78.44,84.66,67.27,92.37,82.1178,14.21,8,0,0,0,0,0,1,5,99771.74,0.9014,low,0.1667
CUST005218,817,excellent,98.61,97.12,63.73,45.68,84.45,86.2198,1.77,2,1,0,0,0,0,0,6,92729.12,0.1486,low,0.0
CUST005219,826,excellent,89.97,93.3,98.09,38.99,96.26,87.7173,2.63,17,0,0,0,0,0,0,1,264849.88,0.0413,low,0.0
CUST005220,803,excellent,95.88,83.2,54.59,78.42,93.04,83.8516,12.27,4,0,0,0,0,0,1,3,38405.58,0.4498,low,0.25
CUST005221,827,excellent,99.74,82.67,88.05,66.43,82.82,87.8447,13.23,10,1,0,0,0,0,1,7,773080.94,0.8815,low,0.125
CUST005222,692,risky,49.51,90.07,85.18,33.81,48.67,65.3759,1.15,10,3,4,0,0,0,0,6,374442.77,0.0517,low,0.0
CUST005223,734,good,85.81,85.53,26.03,35.19,91.93,72.3099,12.78,0,0,0,0,0,0,0,1,81912.06,0.1015,low,0.0
CUST005224,753,excellent,78.95,95.44,53.62,31.16,81.16,75.5392,7.22,2,1,0,0,0,0,0,3,110294.65,0.1273,low,0.0
CUST005225,828,excellent,99.76,88.59,81.38,61.84,80.86,87.9682,8.25,7,1,0,0,0,0,1,1,56893.07,0.6362,low,0.5
CUST005226,800,excellent,91.09,92.08,70.37,42.7,90.26,83.3586,9.26,5,0,0,0,0,0,0,7,127483.61,0.1046,low,0.0
CUST005227,744,good,60.42,97.14,93.86,31.61,63.89,73.9182,0.18,11,4,3,0,0,0,0,4,75174.38,0.2477,low,0.0
CUST005228,759,excellent,85.65,75.31,78.87,31.18,89.04,76.4224,10.47,5,1,0,0,0,0,0,3,113935.45,0.1638,low,0.0
CUST005229,752,excellent,87.74,83.84,45.17,33.45,94.23,75.4042,11.59,2,0,0,0,0,0,0,5,127965.3,0.0719,low,0.0
CUST005230,638,high_risk,10.11,95.85,82.13,74.0,53.32,56.3481,1.12,7,4,3,0,0,0,1,5,48825.02,1.5298,moderate,0.1667
CUST005231,798,excellent,87.72,89.75,89.53,31.65,87.46,82.9653,8.4,15,1,0,0,0,0,0,3,738690.39,0.152,low,0.0
CUST005232,783,excellent,89.09,77.55,91.94,39.34,83.94,80.5666,11.67,12,1,0,0,0,0,0,7,37847.21,0.0456,low,0.0
CUST005233,794,excellent,95.7,84.14,63.13,52.46,88.18,82.271,28.95,4,1,0,0,0,0,0,6,66283.03,0.0049,low,0.0
CUST005234,756,excellent,96.16,84.86,30.29,37.07,87.0,76.0676,12.15,1,1,0,0,0,0,0,4,34406.2,0.0906,low,0.0
CUST005235,805,excellent,95.99,98.17,54.68,48.85,81.03,84.2399,0.78,3,1,0,0,0,0,1,2,77387.97,0.3341,low,0.3333
CUST005236,774,excellent,89.34,94.55,48.26,30.78,91.22,79.0743,6.69,2,0,0,0,0,0,0,0,32163.24,0.1444,low,0.0
CUST005237,757,excellent,71.42,79.71,67.75,76.72,93.53,76.0971,24.22,5,0,0,0,0,0,2,1,96209.72,0.7754,low,0.6667
CUST005238,770,excellent,76.25,86.43,75.85,48.31,94.62,78.2878,10.57,7,0,0,0,0,0,1,0,226851.54,0.5312,low,0.5
CUST005239,657,risky,13.12,88.71,88.5,64.73,95.51,59.5044,2.87,10,0,5,0,0,0,1,0,38498.23,2.2444,moderate,0.5
CUST005240,800,excellent,72.6,92.51,86.83,75.94,96.04,83.3844,0.31,10,0,1,0,0,0,1,4,117791.97,0.5347,low,0.2
CUST005241,725,good,55.62,96.63,95.48,40.05,40.11,70.7951,0.24,19,3,4,0,0,0,0,3,105928.01,0.0593,low,0.0
CUST005242,719,good,65.13,76.63,75.87,50.53,75.93,69.8127,25.26,8,2,1,0,0,0,0,4,123907.06,0.0496,low,0.0
CUST005243,867,excellent,98.9,96.8,94.81,71.96,94.4,94.5139,4.21,19,0,0,0,0,0,1,6,33652.64,0.4709,low,0.1429
CUST005244,845,excellent,96.83,98.17,95.45,36.86,95.7,90.916,6.4,12,0,0,0,0,0,0,5,264513.4,0.1133,low,0.0
CUST005245,771,excellent,98.27,82.1,45.79,42.7,83.77,78.5398,11.75,1,1,0,0,0,0,0,4,147188.34,0.0719,low,0.0
CUST005246,792,excellent,92.42,87.97,46.77,67.11,94.71,81.9329,10.51,3,0,0,0,0,0,1,4,158431.98,0.878,low,0.2
CUST005247,568,high_risk,23.28,81.59,39.55,41.48,19.57,44.6627,13.81,1,8,3,0,0,1,0,0,50614.04,0.6546,low,0.0
CUST005248,820,excellent,85.36,94.39,90.17,57.11,91.74,86.603,3.68,15,0,0,0,0,0,1,7,36675.0,0.756,low,0.125
CUST005249,857,excellent,99.46,94.53,85.91,70.25,98.01,92.8845,2.71,19,0,0,0,0,0,1,5,133559.37,0.5417,low,0.1667
CUST005250,799,excellent,97.86,94.02,49.04,45.14,87.76,83.1033,1.07,1,1,0,0,0,0,0,6,139818.04,0.1191,low,0.0
CUST005251,714,good,85.73,79.6,30.33,34.41,71.75,69.0521,14.98,1,2,0,0,0,0,0,1,34746.69,0.1423,low,0.0
CUST005252,746,good,93.42,99.04,21.79,36.27,50.85,74.3908,4.18,0,3,0,0,0,0,0,0,124444.37,0.1238,low,0.0
CUST005253,777,excellent,98.94,78.9,35.11,66.36,93.77,79.5772,23.09,1,0,0,0,0,0,1,4,78144.4,0.8943,low,0.2
CUST005254,791,excellent,96.48,79.02,75.29,39.41,90.5,81.7594,11.72,7,1,0,0,0,0,0,0,36281.37,0.0698,low,0.0
CUST005255,647,high_risk,20.18,99.85,86.56,42.22,35.58,57.7836,0.16,19,6,7,0,0,1,0,5,137776.93,0.4086,low,0.0
CUST005256,624,high_risk,59.88,46.33,74.11,69.37,21.6,54.0714,53.82,8,5,1,0,0,0,1,6,36933.81,1.4345,low,0.1429
CUST005257,812,excellent,95.34,78.2,90.52,51.6,98.4,85.4088,29.75,14,0,0,0,0,0,0,7,60316.64,0.1379,low,0.0
CUST005258,793,excellent,85.38,93.87,63.62,48.6,97.39,82.1877,7.44,2,0,0,0,0,0,1,6,188215.65,0.5865,low,0.1429
CUST005259,818,excellent,96.61,81.41,96.2,39.12,96.82,86.2606,10.37,14,0,0,0,0,0,0,4,17996.4,0.0728,low,0.0
CUST005260,597,high_risk,15.09,88.95,73.94,37.15,27.54,49.5262,10.0,8,5,7,0,0,1,0,5,123392.7,0.437,low,0.0
CUST005261,720,good,41.72,95.07,83.33,66.23,87.34,69.9777,1.54,8,1,2,0,0,0,1,0,331376.16,1.3455,low,0.5
CUST005262,817,excellent,96.84,89.76,68.14,57.89,92.86,86.1179,3.31,9,0,0,0,0,0,1,0,53706.21,0.6736,low,0.5
CUST005263,789,excellent,99.6,97.32,49.94,31.44,67.63,81.4542,4.76,1,2,0,0,0,0,0,4,162158.85,0.0826,low,0.0
CUST005264,789,excellent,92.95,82.36,85.19,33.22,82.36,81.5767,10.91,19,1,0,0,0,0,0,7,484565.45,0.1523,low,0.0
CUST005265,790,excellent,91.71,85.24,67.65,48.46,90.16,81.6801,11.01,7,0,0,0,0,0,0,4,72773.0,0.0237,low,0.0
CUST005266,838,excellent,97.31,97.46,89.1,39.13,90.7,89.6439,8.1,11,0,0,0,0,0,0,0,27334.09,0.1554,low,0.0
CUST005267,809,excellent,96.79,91.56,54.27,61.79,91.32,84.7972,1.71,3,0,0,0,0,0,1,5,101798.23,0.725,low,0.1667
CUST005268,816,excellent,88.03,97.66,77.69,46.52,96.68,86.0803,6.59,8,0,0,0,0,0,0,6,81724.64,0.0031,low,0.0
CUST005269,626,high_risk,16.25,93.39,56.4,77.28,53.69,54.2596,1.83,2,3,6,0,0,0,1,4,143507.28,1.7548,moderate,0.2
CUST005270,853,excellent,91.88,99.81,97.07,60.49,95.26,92.2391,6.21,10,0,0,0,0,0,1,2,38236.52,0.4456,low,0.3333
CUST005271,845,excellent,99.44,98.54,89.02,43.9,86.85,90.7928,2.91,14,1,0,0,0,0,0,2,88582.06,0.0445,low,0.0
CUST005272,685,risky,43.65,82.45,75.41,38.58,89.03,64.0859,14.69,7,1,1,0,0,0,0,4,116155.99,0.114,low,0.0
CUST005273,842,excellent,97.92,94.22,96.97,33.72,99.08,90.3626,1.41,11,0,0,0,0,0,0,1,36825.91,0.1566,low,0.0
CUST005274,826,excellent,98.74,94.25,71.72,40.79,99.86,87.6545,4.95,9,0,0,0,0,0,0,7,35548.25,0.0681,low,0.0
CUST005275,649,high_risk,35.93,96.43,31.36,39.16,80.51,58.1746,7.77,0,1,3,0,0,0,0,3,201575.8,0.1901,low,0.0
CUST005276,780,excellent,87.62,95.23,34.54,62.16,94.0,80.0305,0.1,1,0,0,0,0,0,1,2,5867.54,0.7846,low,0.3333
CUST005277,793,excellent,85.03,80.4,98.01,48.62,86.99,82.1454,11.55,15,1,0,0,0,0,0,5,2160063.42,0.0215,low,0.0
CUST005278,821,excellent,90.11,95.68,74.1,55.6,98.71,86.7882,4.17,8,0,0,0,0,0,1,0,343246.94,0.5473,low,0.5
CUST005279,729,good,58.19,84.59,87.69,35.46,89.91,71.4372,14.75,10,1,1,0,0,0,0,5,33204.74,0.1386,low,0.0
CUST005280,651,risky,40.29,87.61,63.96,41.9,43.54,58.5242,13.23,2,3,2,0,0,0,0,6,23442.06,0.1122,low,0.0
CUST005281,795,excellent,86.34,85.31,88.38,55.05,79.53,82.5271,12.29,16,2,0,0,0,0,1,6,98505.43,0.6854,low,0.1429
CUST005282,703,good,45.45,90.03,80.0,39.87,82.42,67.1456,3.23,8,1,1,0,0,0,0,2,56513.0,0.1623,low,0.0
CUST005283,746,good,61.04,93.32,88.81,41.17,75.56,74.3574,7.21,13,2,3,0,0,0,0,1,58635.64,0.2243,low,0.0
CUST005284,686,risky,47.11,88.87,95.48,46.07,21.99,64.2783,10.0,13,6,2,0,0,0,0,6,125490.53,0.1671,low,0.0
CUST005285,763,excellent,89.21,91.64,36.55,32.95,97.03,77.1956,7.46,1,0,0,0,0,0,0,5,184300.31,0.0652,low,0.0
CUST005286,797,excellent,85.36,90.66,73.99,49.09,97.15,82.7973,0.71,6,0,0,0,0,0,1,4,26540.74,0.356,low,0.2
CUST005287,813,excellent,92.54,88.73,88.17,42.3,90.45,85.5101,9.48,19,0,0,0,0,0,0,0,34807.43,0.0657,low,0.0
CUST005288,827,excellent,88.8,92.05,86.27,68.87,93.46,87.8697,1.76,11,0,0,0,0,0,1,0,117638.28,0.6934,low,0.5
CUST005289,828,excellent,87.83,88.91,95.85,63.04,98.51,87.9433,12.32,15,0,0,0,0,0,1,0,161119.64,0.3863,low,0.5
CUST005290,844,excellent,99.41,98.84,89.13,36.8,91.7,90.6661,0.41,10,0,0,0,0,0,0,5,153244.1,0.1391,low,0.0
CUST005291,708,good,59.05,80.81,93.95,43.61,46.4,68.0033,14.97,17,3,2,0,0,0,0,2,53492.57,0.0936,low,0.0
CUST005292,700,good,38.84,91.48,97.17,48.24,61.7,66.6085,5.11,13,3,4,0,0,0,0,1,10990.67,0.1673,low,0.0
CUST005293,793,excellent,96.18,95.52,45.44,31.39,99.26,82.1996,0.45,1,0,0,0,0,0,0,5,87546.02,0.0279,low,0.0
CUST005294,862,excellent,97.77,94.99,91.93,78.42,93.25,93.6736,9.11,19,0,0,0,0,0,1,4,111564.42,0.5376,low,0.2
CUST005295,789,excellent,85.91,91.14,51.88,68.02,95.43,81.5369,7.96,4,0,0,0,0,0,1,5,83216.74,0.6916,low,0.1667
CUST005296,819,excellent,91.09,77.34,97.32,77.71,90.96,86.5475,10.91,14,0,0,0,0,0,2,5,284863.95,0.8674,low,0.2857
CUST005297,787,excellent,88.24,95.02,61.3,36.06,90.02,81.1944,2.56,2,0,0,0,0,0,0,6,61503.85,0.0834,low,0.0
CUST005298,769,excellent,78.78,94.98,65.2,32.95,90.77,78.2193,5.83,7,0,1,0,0,0,0,0,141111.16,0.0451,low,0.0
CUST005299,824,excellent,94.74,93.92,67.5,88.9,70.28,87.3771,2.45,7,2,0,0,0,0,2,0,299557.18,0.7769,low,0.6667
CUST005300,813,excellent,99.12,89.53,77.63,35.36,88.39,85.5703,6.11,7,1,0,0,0,0,0,7,204587.82,0.1393,low,0.0
CUST005301,812,excellent,97.24,88.84,46.51,78.29,98.15,85.3041,4.7,4,0,0,0,0,0,1,6,85547.94,0.9597,low,0.1429
CUST005302,782,excellent,88.04,81.56,75.9,50.49,86.61,80.3786,12.65,8,1,0,0,0,0,1,4,215988.4,0.7912,low,0.2
CUST005303,775,excellent,87.55,91.82,56.27,44.43,81.58,79.2315,0.53,3,1,0,0,0,0,0,1,124817.32,0.0774,low,0.0
CUST005304,643,high_risk,20.41,99.65,89.17,38.54,28.6,57.1285,4.27,13,5,8,0,0,1,0,2,415526.78,0.4862,low,0.0
CUST005305,816,excellent,93.46,91.65,78.27,61.02,80.04,86.0535,2.17,7,1,0,0,0,0,1,4,22395.84,0.6439,low,0.2
CUST005306,789,excellent,87.01,99.8,59.59,41.16,80.05,81.4533,5.37,2,1,0,0,0,0,0,4,21595.75,0.0542,low,0.0
CUST005307,714,good,47.57,92.19,97.92,33.04,66.23,68.9211,3.02,16,2,2,0,0,0,0,5,195997.47,0.2437,low,0.0
CUST005308,587,high_risk,0.3,96.49,47.63,33.66,82.82,47.8464,8.13,3,1,5,0,1,1,0,0,90585.48,0.5717,low,0.0
CUST005309,852,excellent,97.11,96.93,84.87,74.83,86.69,91.9506,5.53,8,1,0,0,0,0,1,6,72018.58,0.7713,low,0.1429
CUST005310,802,excellent,99.43,80.46,76.65,50.67,81.54,83.6578,11.82,5,1,0,0,0,0,1,3,44238.59,0.3591,low,0.25
CUST005311,816,excellent,95.74,91.06,63.89,88.99,66.81,85.9912,6.52,3,2,0,0,0,0,2,6,83015.47,0.8141,low,0.25
CUST005312,808,excellent,99.54,84.17,66.32,58.22,87.63,84.6229,13.43,5,1,0,0,0,0,1,6,139163.7,0.7665,low,0.1429
CUST005313,798,excellent,93.34,82.61,82.77,36.54,95.26,83.0473,14.02,8,0,0,0,0,0,0,0,881490.77,0.1175,low,0.0
CUST005314,841,excellent,93.21,98.15,86.17,61.7,89.71,90.1332,6.84,18,1,0,0,0,0,1,2,75669.35,0.4226,low,0.3333
CUST005315,808,excellent,90.76,97.3,74.25,36.16,89.2,84.6302,4.78,5,1,0,0,0,0,0,2,172062.87,0.0147,low,0.0
CUST005316,808,excellent,99.81,79.36,64.46,70.18,92.99,84.7273,12.4,2,0,0,0,0,0,1,7,98351.42,0.5461,low,0.125
CUST005317,850,excellent,98.2,98.23,89.14,48.07,96.88,91.7046,7.12,13,0,0,0,0,0,1,1,36228.95,0.761,low,0.5
CUST005318,825,excellent,93.73,97.35,93.21,32.13,82.37,87.4404,7.76,11,1,0,0,0,0,0,5,75840.33,0.0043,low,0.0
CUST005319,758,excellent,95.75,89.2,11.31,45.49,97.54,76.2712,5.47,0,0,0,0,0,0,0,7,125791.23,0.1473,low,0.0
CUST005320,771,excellent,85.54,95.68,48.42,44.69,81.88,78.5629,9.83,2,1,0,0,0,0,0,4,219429.97,0.1092,low,0.0
CUST005321,794,excellent,97.78,77.13,80.11,32.26,98.04,82.4087,11.34,5,0,0,0,0,0,0,4,11551.68,0.1184,low,0.0
CUST005322,636,high_risk,14.16,97.29,77.08,32.2,70.53,55.9784,4.44,6,2,4,1,0,1,0,7,34311.11,0.5794,low,0.0
CUST005323,767,excellent,96.49,97.13,14.41,37.31,90.52,77.8567,1.0,0,0,0,0,0,0,0,7,55227.08,0.079,low,0.0
CUST005324,780,excellent,87.2,79.94,92.07,33.7,83.53,80.0357,14.78,10,1,0,0,0,0,0,4,61649.07,0.0981,low,0.0
CUST005325,675,risky,60.6,98.62,15.6,35.46,57.95,62.4745,9.61,0,3,3,0,0,0,0,2,167265.37,0.1621,low,0.0
CUST005326,826,excellent,99.89,78.91,81.52,73.41,95.41,87.7476,11.91,8,0,0,0,0,0,1,6,48122.99,0.981,low,0.1429
CUST005327,564,high_risk,11.24,77.74,73.96,34.93,21.99,44.044,12.4,8,6,6,0,0,0,0,2,365941.85,0.663,low,0.0
CUST005328,793,excellent,98.4,80.33,74.53,39.11,85.62,82.1912,10.38,9,1,0,0,0,0,0,4,905596.16,0.1287,low,0.0
CUST005329,823,excellent,94.16,96.29,79.54,40.9,92.78,87.1402,6.94,5,0,0,0,0,0,0,5,86886.18,0.158,low,0.0
CUST005330,815,excellent,89.2,96.64,88.11,30.31,93.47,85.8075,7.71,19,0,0,0,0,0,0,3,361205.86,0.0325,low,0.0
CUST005331,712,good,54.33,89.96,72.28,49.41,69.62,68.7496,3.44,5,2,2,0,0,0,0,0,127194.85,0.1806,low,0.0
CUST005332,538,high_risk,13.96,77.54,14.78,61.36,42.1,39.7119,14.33,0,3,5,1,0,0,1,6,228866.51,1.3183,low,0.1429
CUST005333,761,excellent,52.58,99.2,90.02,69.99,91.84,76.8466,3.49,17,1,4,0,0,0,1,3,57470.68,1.2106,low,0.25
CUST005334,773,excellent,97.33,74.11,48.03,58.33,94.42,78.7782,47.55,4,0,0,0,0,0,1,1,49373.38,0.9866,low,0.5
CUST005335,669,risky,17.78,99.18,80.53,71.0,73.73,61.529,0.5,6,2,8,0,0,0,1,6,121391.99,1.4828,low,0.1429
CUST005336,777,excellent,87.95,93.94,49.37,35.93,94.68,79.4355,1.18,1,0,0,0,0,0,0,4,64035.39,0.0222,low,0.0
CUST005337,752,excellent,88.74,79.45,20.32,77.1,97.15,75.3662,11.54,0,0,0,0,0,0,1,3,177014.06,0.6429,low,0.25
CUST005338,609,high_risk,29.41,92.65,11.24,62.99,65.0,51.5741,2.51,0,4,3,0,0,0,1,0,21129.36,1.635,moderate,0.5
CUST005339,823,excellent,87.92,96.6,91.57,46.04,90.9,87.1824,3.91,16,0,0,0,0,0,0,5,51793.72,0.0278,low,0.0
CUST005340,817,excellent,99.3,88.95,49.26,79.94,92.85,86.1081,0.52,4,0,0,0,0,0,1,5,42918.69,0.6022,low,0.1667
CUST005341,793,excellent,86.96,95.79,71.87,33.29,88.24,82.1058,4.72,7,1,0,0,0,0,0,1,101788.93,0.1352,low,0.0
CUST005342,831,excellent,85.0,97.28,89.54,76.86,83.69,88.4223,0.85,11,1,0,0,0,0,1,5,160599.29,0.5602,low,0.1667
CUST005343,851,excellent,96.77,99.71,81.69,61.65,96.01,91.8,9.04,7,0,0,0,0,0,1,4,163872.24,0.6948,low,0.2
CUST005344,785,excellent,88.07,92.32,60.32,33.16,99.01,80.7849,7.9,2,0,0,0,0,0,0,1,16521.59,0.0707,low,0.0
CUST005345,833,excellent,88.11,99.53,94.33,42.3,97.76,88.8528,9.49,10,0,0,0,0,0,0,7,113217.18,0.1626,low,0.0
CUST005346,814,excellent,87.07,94.02,79.09,56.12,94.63,85.6204,5.91,9,0,0,0,0,0,1,1,97795.71,0.4138,low,0.5
CUST005347,805,excellent,86.32,91.81,72.98,63.68,91.21,84.1911,0.59,5,0,0,0,0,0,1,3,68149.01,0.4287,low,0.25
CUST005348,799,excellent,92.44,78.92,81.8,66.65,82.83,83.2485,11.04,8,1,0,0,0,0,1,1,247983.51,0.8183,low,0.5
CUST005349,826,excellent,92.85,99.11,77.61,47.37,91.01,87.7102,1.26,7,1,0,0,0,0,1,0,119168.13,0.3393,low,0.5
CUST005350,766,excellent,94.6,95.28,11.05,58.09,84.48,77.6078,3.8,0,1,0,0,0,0,1,6,262730.3,0.6843,low,0.1429
CUST005351,752,excellent,73.11,89.49,45.94,63.23,97.37,75.3849,5.89,2,0,1,0,0,0,1,0,90170.5,0.8897,low,0.5
CUST005352,831,excellent,98.22,82.38,97.0,61.41,87.83,88.566,10.96,11,1,0,0,0,0,1,0,39389.96,0.3865,low,0.5
CUST005353,830,excellent,95.32,97.81,86.5,45.82,80.47,88.3087,4.4,13,1,0,0,0,0,1,2,171716.27,0.5808,low,0.3333
CUST005354,619,high_risk,9.58,84.28,70.11,49.33,91.18,53.2041,11.51,9,1,8,0,1,1,0,1,137647.13,0.3413,low,0.0
CUST005355,716,good,73.73,77.08,47.19,43.34,90.15,69.3577,14.99,1,1,0,0,0,0,0,1,148337.65,0.0579,low,0.0
CUST005356,818,excellent,96.07,99.42,62.55,35.52,99.0,86.2872,9.1,2,0,0,0,0,0,0,5,196594.49,0.0563,low,0.0
CUST005357,775,excellent,92.23,88.43,67.07,49.79,52.87,79.1371,14.61,7,3,0,0,0,0,0,2,126496.19,0.0967,low,0.0
CUST005358,788,excellent,92.19,78.96,84.64,48.06,78.19,81.2767,13.57,8,2,0,0,0,0,1,5,44513.99,0.4624,low,0.1667
CUST005359,841,excellent,94.22,96.16,98.15,42.69,93.57,90.1742,5.99,14,0,0,0,0,0,0,2,155708.62,0.0027,low,0.0
CUST005360,635,high_risk,8.55,95.83,88.46,46.92,61.31,55.8325,8.18,10,3,5,0,1,1,0,5,117327.48,0.1723,low,0.0
CUST005361,818,excellent,91.93,93.06,91.4,42.26,83.17,86.3504,7.19,10,1,0,0,0,0,0,2,1298324.18,0.0644,low,0.0
CUST005362,843,excellent,95.9,97.17,98.44,31.38,99.2,90.5399,4.38,12,0,0,0,0,0,0,0,290221.76,0.1325,low,0.0
CUST005363,662,risky,60.12,90.28,22.52,34.01,53.64,60.2689,7.57,0,3,3,0,0,0,0,5,97362.8,0.1714,low,0.0
CUST005364,821,excellent,99.65,91.14,69.43,45.95,96.18,86.8456,6.54,6,0,0,0,0,0,0,7,386317.98,0.1214,low,0.0
CUST005365,761,excellent,87.71,85.82,49.48,35.38,94.34,76.8382,14.08,2,0,0,0,0,0,0,5,26251.67,0.1086,low,0.0
CUST005366,799,excellent,89.75,89.56,66.24,54.05,95.66,83.1892,5.37,6,0,0,0,0,0,1,4,16777.82,0.3883,low,0.2
CUST005367,834,excellent,96.66,97.49,64.95,67.05,95.48,89.0754,2.57,2,0,0,0,0,0,1,6,251507.61,0.9407,low,0.1429
CUST005368,803,excellent,90.69,77.7,91.61,60.88,89.07,83.7895,11.57,11,1,0,0,0,0,1,6,124844.25,0.5252,low,0.1429
CUST005369,828,excellent,97.3,98.86,79.36,33.67,90.35,88.0196,4.2,5,1,0,0,0,0,0,6,152006.07,0.1013,low,0.0
CUST005370,836,excellent,98.51,92.05,99.68,32.36,90.5,89.3319,4.84,12,0,0,0,0,0,0,2,430585.55,0.1317,low,0.0
CUST005371,679,risky,49.76,96.52,56.88,33.75,48.83,63.1644,8.19,3,3,4,0,0,0,0,1,97326.22,0.1802,low,0.0
CUST005372,807,excellent,88.22,83.88,84.91,60.48,96.98,84.523,11.36,8,0,0,0,0,0,1,1,215721.3,0.5464,low,0.5
CUST005373,836,excellent,92.02,90.02,89.82,75.27,90.81,89.2948,7.56,20,0,0,0,0,0,1,7,33959.06,0.4962,low,0.125
CUST005374,582,high_risk,11.58,78.12,56.32,60.67,59.18,46.9203,12.24,3,3,4,0,0,0,1,4,313567.16,1.3055,low,0.2
CUST005375,729,good,44.82,94.88,99.48,35.13,89.39,71.5238,7.72,11,1,4,0,0,0,0,7,135348.22,0.0234,low,0.0
CUST005376,784,excellent,70.74,96.26,94.16,43.81,84.63,80.6076,9.8,14,1,1,0,0,0,0,1,105992.13,0.0527,low,0.0
CUST005377,764,excellent,95.18,92.79,13.81,49.81,91.81,77.3834,3.98,0,0,0,0,0,0,0,0,61534.84,0.1449,low,0.0
CUST005378,783,excellent,85.32,90.82,88.95,31.56,68.88,80.4944,8.42,19,2,0,0,0,0,0,4,241328.28,0.1195,low,0.0
CUST005379,744,good,91.28,88.75,14.95,38.07,93.79,74.0032,14.0,0,0,0,0,0,0,0,3,16223.9,0.0405,low,0.0
CUST005380,717,good,55.62,88.12,81.53,49.96,63.86,69.5166,1.31,7,3,3,0,0,0,0,4,229801.33,0.2141,low,0.0
CUST005381,758,excellent,60.57,94.87,96.28,44.63,76.92,76.2586,1.57,13,2,4,0,0,0,0,2,72355.49,0.2323,low,0.0
CUST005382,815,excellent,87.19,98.25,84.9,63.94,66.93,85.8132,1.6,6,2,0,0,0,0,1,0,29356.96,0.3719,low,0.5
CUST005383,738,good,61.3,79.7,98.33,61.6,67.71,73.0457,21.27,14,2,1,0,0,0,0,6,361901.88,0.1299,low,0.0
CUST005384,773,excellent,85.85,77.19,85.15,39.97,88.33,78.8076,10.35,12,1,0,0,0,0,0,0,235855.66,0.0311,low,0.0
CUST005385,771,excellent,90.19,90.84,46.51,37.42,90.02,78.5393,6.98,3,1,0,0,0,0,0,2,181462.73,0.1336,low,0.0
CUST005386,808,excellent,94.23,93.32,77.73,30.23,89.69,84.6264,2.39,5,1,0,0,0,0,0,4,32577.69,0.1222,low,0.0
CUST005387,729,good,49.63,90.76,88.43,37.78,97.94,71.4348,8.71,13,0,3,0,0,0,0,5,11904.32,0.2295,low,0.0
CUST005388,828,excellent,91.04,97.59,90.23,45.06,88.73,88.0542,4.01,15,1,0,0,0,0,0,1,112759.05,0.0076,low,0.0
CUST005389,758,excellent,75.44,88.57,53.22,74.97,78.65,76.3211,10.14,3,2,1,0,0,0,1,6,69575.56,0.9941,low,0.1429
CUST005390,771,excellent,92.91,87.61,52.89,39.14,78.34,78.4834,10.38,2,2,0,0,0,0,0,7,110741.98,0.0506,low,0.0
CUST005391,636,high_risk,41.38,82.73,43.72,33.76,68.2,56.0567,12.62,1,2,2,0,0,0,0,5,56007.74,0.0272,low,0.0
CUST005392,824,excellent,95.31,84.51,83.75,62.06,98.38,87.3171,13.72,8,0,0,0,0,0,1,1,22953.14,0.5976,low,0.5
CUST005393,797,excellent,99.64,58.68,98.12,64.04,91.71,82.7724,32.81,19,0,0,0,0,0,1,7,155176.75,0.8867,low,0.125
CUST005394,703,good,54.56,81.81,66.56,63.06,82.0,67.1273,10.52,6,1,4,0,0,0,1,7,61481.59,1.1101,low,0.125
CUST005395,761,excellent,87.36,70.22,69.25,58.31,89.07,76.7701,44.17,8,1,0,0,0,0,0,7,91853.68,0.0672,low,0.0
CUST005396,-1,no_history,95.23,94.56,22.13,49.6,90.31,79.0092,6.08,0,0,0,0,0,0,1,4,348784.14,0.7664,low,0.2
CUST005397,784,excellent,97.33,82.02,62.52,43.07,83.26,80.682,10.42,2,1,0,0,0,0,0,3,199596.76,0.1274,low,0.0
CUST005398,688,risky,36.63,85.29,84.36,46.63,89.35,64.6579,12.8,5,1,3,0,0,0,0,7,151064.19,0.1324,low,0.0
CUST005399,806,excellent,90.54,93.95,81.8,53.42,68.04,84.2904,9.86,8,2,0,0,0,0,1,3,244958.86,0.5294,low,0.25
CUST005400,693,risky,56.86,93.55,58.44,34.27,52.84,65.4422,3.92,3,3,4,0,0,0,0,6,54329.18,0.1008,low,0.0
CUST005401,807,excellent,93.51,85.7,88.33,62.2,66.08,84.5142,14.9,14,2,0,0,0,0,1,4,43915.3,0.5968,low,0.2
CUST005402,637,high_risk,29.16,89.6,58.2,60.65,53.4,56.2224,6.82,3,3,7,0,0,0,1,5,198056.82,1.5246,moderate,0.1667
CUST005403,810,excellent,86.52,95.56,86.72,33.79,96.48,84.9855,2.05,13,0,0,0,0,0,0,5,65613.86,0.1121,low,0.0
CUST005404,822,excellent,99.31,91.73,88.21,32.79,82.51,87.0404,5.05,17,1,0,0,0,0,0,6,101403.49,0.146,low,0.0
CUST005405,750,excellent,53.85,91.21,98.45,65.4,84.99,75.0172,0.7,11,1,2,0,0,0,1,4,60753.35,1.4273,low,0.2
CUST005406,806,excellent,90.22,90.71,76.85,51.09,89.7,84.3985,8.8,6,1,0,0,0,0,1,7,365130.76,0.599,low,0.125
CUST005407,801,excellent,97.23,91.16,45.76,69.55,83.4,83.5399,9.57,2,1,0,0,0,0,1,6,21937.76,0.8287,low,0.1429
CUST005408,785,excellent,78.03,89.99,84.84,39.31,98.04,80.7706,10.52,9,0,0,0,0,0,0,6,61364.87,0.0071,low,0.0
CUST005409,762,excellent,92.85,84.93,35.74,46.86,90.05,77.0296,10.67,1,0,0,0,0,0,0,6,80906.39,0.0102,low,0.0
CUST005410,788,excellent,99.59,79.54,45.49,73.37,84.39,81.3174,24.95,4,1,0,0,0,0,1,4,48248.34,0.8095,low,0.2
CUST005411,662,risky,23.01,96.4,97.49,32.11,55.11,60.3206,6.14,10,3,8,0,0,1,0,5,107816.22,0.3238,low,0.0
CUST005412,806,excellent,91.42,89.54,92.96,37.52,78.01,84.3547,2.2,14,2,0,0,0,0,0,4,317338.66,0.0441,low,0.0
CUST005413,810,excellent,91.76,98.15,50.79,73.85,84.58,85.0249,8.11,2,1,0,0,0,0,1,1,365764.3,0.6071,low,0.5
CUST005414,822,excellent,90.25,83.83,98.12,60.33,95.57,87.0438,13.66,17,0,0,0,0,0,1,3,44112.59,0.5008,low,0.25
CUST005415,819,excellent,96.37,89.41,87.69,31.46,96.18,86.4705,3.81,12,0,0,0,0,0,0,2,536201.79,0.0307,low,0.0
CUST005416,733,good,94.46,79.07,18.62,37.88,88.03,72.1652,13.1,0,1,0,0,0,0,0,3,139820.13,0.145,low,0.0
CUST005417,772,excellent,91.27,75.82,86.62,42.51,66.49,78.5836,11.05,19,2,0,0,0,0,0,0,68914.76,0.0074,low,0.0
CUST005418,734,good,48.98,92.37,98.53,45.43,81.37,72.3125,3.87,14,1,1,0,0,0,0,5,76494.57,0.0176,low,0.0
CUST005419,726,good,44.06,90.22,91.11,49.99,98.74,71.026,2.32,14,0,4,0,0,0,0,0,147678.96,0.0671,low,0.0
CUST005420,645,high_risk,32.7,94.99,34.79,47.36,76.85,57.5827,2.53,0,2,1,0,0,0,0,0,79819.55,0.0435,low,0.0
CUST005421,827,excellent,90.38,94.21,70.82,81.8,92.01,87.9002,6.77,6,0,0,0,0,0,2,0,69639.7,0.911,low,0.6667
CUST005422,790,excellent,89.64,81.26,81.6,45.31,90.89,81.6111,11.81,7,0,0,0,0,0,1,6,65692.46,0.6742,low,0.1429
CUST005423,722,good,89.86,76.31,17.93,47.89,84.57,70.2775,29.75,0,1,0,0,0,0,0,6,13934.57,0.1134,low,0.0
CUST005424,785,excellent,90.92,91.75,59.64,38.49,86.74,80.8174,5.55,4,1,0,0,0,0,0,1,130488.28,0.0169,low,0.0
CUST005425,615,high_risk,23.99,77.68,72.75,43.21,56.27,52.5612,14.74,8,3,4,0,0,1,0,1,37340.1,0.194,low,0.0
CUST005426,627,high_risk,7.07,88.95,97.23,66.06,51.79,54.5311,0.57,17,3,4,1,0,0,1,1,464113.38,2.0667,moderate,0.5
CUST005427,555,high_risk,14.62,82.1,17.89,45.32,55.3,42.4942,10.29,0,3,4,0,1,1,0,6,414118.64,0.5302,low,0.0
CUST005428,733,good,91.27,79.84,13.87,44.1,98.6,72.2457,14.54,0,0,0,0,0,0,0,6,65054.22,0.0161,low,0.0
CUST005429,712,good,65.48,97.5,23.05,34.15,96.56,68.6993,8.79,0,0,1,0,0,0,0,5,105737.98,0.1456,low,0.0
CUST005430,798,excellent,85.33,99.74,70.92,31.38,94.82,83.0485,8.65,7,0,0,0,0,0,0,7,46839.86,0.0863,low,0.0
CUST005431,772,excellent,94.58,79.26,52.42,68.22,71.01,78.6685,12.54,4,2,0,0,0,0,1,3,12333.87,0.3586,low,0.25
CUST005432,718,good,86.67,75.58,31.45,34.91,84.24,69.6434,14.49,0,1,0,0,0,0,0,5,37975.84,0.0085,low,0.0
CUST005433,651,risky,49.67,61.71,62.68,51.84,80.1,58.4938,37.74,4,1,4,0,0,0,0,2,18419.94,0.1172,low,0.0
CUST005434,837,excellent,99.01,92.45,94.76,49.84,79.41,89.5252,1.07,20,2,0,0,0,0,0,7,26324.17,0.0555,low,0.0
CUST005435,790,excellent,97.88,95.86,36.35,35.67,96.83,81.7166,8.99,1,0,0,0,0,0,0,0,22901.94,0.0728,low,0.0
CUST005436,685,risky,40.06,96.91,47.49,41.43,97.61,64.1204,8.14,3,0,1,0,0,0,0,5,28726.57,0.1432,low,0.0
CUST005437,780,excellent,85.95,93.7,70.25,33.37,80.07,80.0724,8.7,5,1,0,0,0,0,0,5,61556.16,0.1302,low,0.0
CUST005438,819,excellent,96.57,89.41,90.2,30.13,92.89,86.4543,9.97,14,0,0,0,0,0,0,4,144748.83,0.0384,low,0.0
CUST005439,826,excellent,91.37,90.19,72.74,81.29,96.06,87.6791,9.92,8,0,0,0,0,0,2,7,166767.0,0.4346,low,0.2222
CUST005440,561,high_risk,2.41,76.89,95.15,33.21,20.13,43.5156,11.25,20,5,2,1,1,1,0,4,176667.12,0.49,low,0.0
CUST005441,634,high_risk,50.07,79.02,10.53,30.21,98.09,55.6426,11.33,0,0,1,0,0,0,0,2,297929.89,0.009,low,0.0
CUST005442,609,high_risk,13.13,82.15,57.07,49.89,86.57,51.4461,13.96,3,1,5,0,0,1,0,5,171505.84,0.2364,low,0.0
CUST005443,773,excellent,94.37,78.43,69.63,45.17,73.91,78.9101,13.23,7,2,0,0,0,0,1,1,135792.38,0.9987,low,0.5
CUST005444,751,excellent,75.31,89.4,38.8,71.45,90.45,75.1898,10.49,1,0,1,0,0,0,1,0,324032.03,0.9834,low,0.5
CUST005445,748,good,90.18,77.39,38.95,41.47,98.65,74.6328,14.78,1,0,0,0,0,0,0,4,154140.06,0.0714,low,0.0
CUST005446,769,excellent,89.52,89.79,31.73,60.19,91.65,78.2113,9.99,1,0,0,0,0,0,1,2,109308.24,0.9405,low,0.3333
CUST005447,769,excellent,95.78,77.64,66.55,30.59,83.15,78.171,10.6,8,1,0,0,0,0,0,0,363944.33,0.0508,low,0.0
CUST005448,689,risky,43.93,97.9,47.89,36.33,92.65,64.8285,0.98,3,0,3,0,0,0,0,6,47191.53,0.1349,low,0.0
CUST005449,796,excellent,85.7,95.88,68.96,45.58,90.34,82.6923,7.43,5,0,0,0,0,0,0,5,64827.16,0.0653,low,0.0
CUST005450,791,excellent,86.73,84.88,82.25,40.05,97.29,81.8909,12.0,5,0,0,0,0,0,0,1,48780.91,0.006,low,0.0
CUST005451,793,excellent,99.3,96.31,32.48,42.81,93.88,82.1898,10.0,1,0,0,0,0,0,0,5,231259.42,0.0097,low,0.0
CUST005452,762,excellent,74.85,88.38,48.29,73.98,96.5,77.0057,1.29,3,0,0,0,0,0,1,2,66748.91,0.9784,low,0.3333
CUST005453,836,excellent,96.63,93.47,100.0,31.56,92.77,89.2959,6.06,12,0,0,0,0,0,0,6,21657.09,0.1566,low,0.0
CUST005454,834,excellent,86.79,94.65,96.25,67.15,91.53,89.0779,0.45,20,1,0,0,0,0,1,0,429181.1,0.7392,low,0.5
CUST005455,691,risky,41.58,97.66,65.16,49.04,65.74,65.1013,1.57,6,2,2,0,0,0,0,7,52536.84,0.1841,low,0.0
CUST005456,794,excellent,99.97,79.11,66.86,39.79,96.23,82.3537,11.14,7,0,0,0,0,0,0,7,178280.1,0.1208,low,0.0
CUST005457,808,excellent,85.85,86.19,97.79,46.79,93.99,84.65,27.71,18,0,0,0,0,0,0,5,256765.93,0.0505,low,0.0
CUST005458,813,excellent,88.45,84.04,88.91,64.01,95.91,85.4988,13.36,12,0,0,0,0,0,1,5,167205.19,0.9472,low,0.1667
CUST005459,768,excellent,85.35,79.39,55.74,59.8,98.86,77.9173,11.17,4,0,0,0,0,0,1,0,52651.03,0.875,low,0.5
CUST005460,762,excellent,60.86,93.74,77.95,60.98,97.11,76.9239,6.07,9,0,4,0,0,0,1,0,13771.59,0.763,low,0.5
CUST005461,-1,no_history,91.43,92.94,33.02,44.17,81.11,77.3631,9.14,0,1,0,0,0,0,0,0,89863.76,0.1408,low,0.0
CUST005462,788,excellent,97.71,92.21,43.28,35.99,94.59,81.4128,4.18,1,0,0,0,0,0,0,6,217965.65,0.1087,low,0.0
CUST005463,863,excellent,99.52,91.13,89.65,86.93,94.69,93.7817,6.91,11,0,0,0,0,0,2,0,147537.74,0.5874,low,0.6667
CUST005464,806,excellent,95.45,90.66,76.54,45.51,77.14,84.3514,2.41,7,2,0,0,0,0,0,5,157346.77,0.1156,low,0.0
CUST005465,789,excellent,86.1,79.22,74.43,78.06,85.83,81.4544,10.54,6,1,0,0,0,0,1,4,196332.63,0.4737,low,0.2
CUST005466,821,excellent,98.03,97.92,47.87,73.1,86.33,86.8106,0.65,3,1,0,0,0,0,1,0,81742.92,0.8754,low,0.5
CUST005467,761,excellent,60.48,96.98,91.84,42.75,85.93,76.9061,4.72,20,1,2,0,0,0,0,2,152497.5,0.2375,low,0.0
CUST005468,745,good,87.1,75.58,49.4,54.96,80.45,74.1109,14.91,2,1,0,0,0,0,1,1,97605.26,0.8722,low,0.5
CUST005469,807,excellent,85.45,96.22,87.75,41.71,83.98,84.5033,6.49,12,1,0,0,0,0,0,3,27208.18,0.016,low,0.0
CUST005470,825,excellent,94.59,88.21,90.87,57.62,85.9,87.5496,1.8,17,1,0,0,0,0,1,4,39964.84,0.4969,low,0.2
CUST005471,803,excellent,96.14,95.84,52.99,37.63,97.28,83.8383,0.2,3,0,0,0,0,0,0,6,73286.49,0.0314,low,0.0
CUST005472,816,excellent,95.08,82.01,73.53,79.1,91.4,85.9597,11.76,7,0,0,0,0,0,1,5,162677.38,0.6668,low,0.1667
CUST005473,816,excellent,85.08,88.63,85.46,71.01,96.68,85.9534,6.28,10,0,0,0,0,0,1,4,141558.19,0.5733,low,0.2
CUST005474,820,excellent,97.32,86.98,78.05,47.99,99.79,86.6434,12.3,5,0,0,0,0,0,1,3,226260.51,0.9871,low,0.25
CUST005475,583,high_risk,7.7,93.45,47.69,44.72,48.64,47.2203,1.55,4,4,4,0,1,1,0,4,53755.13,0.2547,low,0.0
CUST005476,837,excellent,89.84,90.75,94.29,71.25,95.35,89.4731,8.25,13,0,0,0,0,0,1,2,21768.76,0.7414,low,0.3333
CUST005477,776,excellent,92.36,55.08,92.1,67.76,98.89,79.3316,37.68,17,0,0,0,0,0,1,2,106865.82,0.6495,low,0.3333
CUST005478,839,excellent,98.09,99.6,66.18,64.48,92.76,89.8617,3.66,9,0,0,0,0,0,1,5,35364.63,0.8835,low,0.1667
CUST005479,767,excellent,88.23,71.4,78.0,61.49,76.89,77.8393,36.91,6,2,0,0,0,0,0,4,43837.04,0.083,low,0.0
CUST005480,829,excellent,92.36,97.39,66.0,70.06,96.56,88.1039,9.79,9,0,0,0,0,0,1,6,247570.86,0.4644,low,0.1429
CUST005481,816,excellent,92.61,89.66,80.97,45.29,99.67,85.9539,3.37,7,0,0,0,0,0,1,6,223810.06,0.9791,low,0.1429
CUST005482,791,excellent,88.33,75.51,87.27,55.6,95.92,81.8119,11.76,11,0,0,0,0,0,1,0,78101.36,0.7468,low,0.5
CUST005483,807,excellent,94.72,86.78,83.02,39.41,89.58,84.5392,12.81,8,1,0,0,0,0,0,6,228088.74,0.136,low,0.0
CUST005484,783,excellent,89.01,77.59,80.21,59.93,80.98,80.553,10.44,5,1,0,0,0,0,2,0,42451.39,0.547,low,0.6667
CUST005485,819,excellent,91.73,84.67,95.97,49.87,96.07,86.4974,11.89,14,0,0,0,0,0,1,1,27063.4,0.8758,low,0.5
CUST005486,804,excellent,79.01,88.75,94.78,63.76,91.72,84.0456,14.46,13,0,1,0,0,0,1,3,10453.14,0.395,low,0.25
CUST005487,754,excellent,62.92,97.76,80.02,75.55,56.76,75.5836,0.31,6,3,1,0,0,0,1,6,109077.34,1.4253,low,0.1429
CUST005488,808,excellent,88.54,93.16,71.85,59.36,90.48,84.6957,1.88,5,0,0,0,0,0,1,3,112942.54,0.678,low,0.25
CUST005489,693,risky,43.84,82.81,76.92,47.39,90.66,65.5291,14.4,7,0,3,0,0,0,0,5,11736.67,0.2449,low,0.0
CUST005490,686,risky,40.77,90.87,67.34,71.67,55.55,64.3547,4.68,6,3,1,0,0,0,1,7,58021.52,0.7862,low,0.125
CUST005491,770,excellent,89.33,90.89,40.53,43.65,94.25,78.4045,6.87,1,0,0,0,0,0,0,6,29563.26,0.0545,low,0.0
CUST005492,682,risky,44.89,97.57,36.72,33.93,97.59,63.6435,0.75,1,0,3,0,0,0,0,3,161865.6,0.0456,low,0.0
CUST005493,779,excellent,94.91,89.19,47.41,46.74,80.96,79.8573,7.05,2,1,0,0,0,0,0,0,360767.33,0.1095,low,0.0
CUST005494,819,excellent,88.51,91.23,94.56,40.83,99.4,86.5557,2.03,17,0,0,0,0,0,0,1,79609.54,0.055,low,0.0
CUST005495,805,excellent,91.5,96.4,59.82,56.47,85.53,84.1185,8.58,2,1,0,0,0,0,1,5,159027.88,0.6014,low,0.1667
CUST005496,705,good,59.95,81.75,81.68,30.5,66.35,67.4447,11.96,8,2,3,0,0,0,0,1,10325.66,0.2286,low,0.0
CUST005497,820,excellent,93.55,89.69,91.16,48.43,85.49,86.7166,2.9,12,1,0,0,0,0,0,7,84168.13,0.1253,low,0.0
CUST005498,793,excellent,92.05,91.43,54.96,47.87,95.61,82.238,7.77,3,0,0,0,0,0,0,6,275817.16,0.0325,low,0.0
CUST005499,833,excellent,87.14,91.9,96.6,64.88,98.21,88.8673,8.14,11,0,0,0,0,0,1,2,293954.8,0.6953,low,0.3333
CUST005500,804,excellent,93.34,75.49,90.21,57.76,93.96,84.0213,14.16,14,0,0,0,0,0,1,0,31093.24,0.5118,low,0.5
CUST005501,837,excellent,99.35,94.34,75.27,61.57,89.14,89.4348,9.73,7,1,0,0,0,0,1,4,130823.27,0.827,low,0.2
CUST005502,855,excellent,95.82,91.62,94.78,76.6,96.32,92.5342,8.5,15,0,0,0,0,0,2,1,42782.24,0.6693,low,0.6667
CUST005503,812,excellent,98.24,89.53,75.94,34.35,92.32,85.3009,10.76,8,0,0,0,0,0,0,4,78853.83,0.1148,low,0.0
CUST005504,815,excellent,98.33,95.91,67.86,31.45,93.98,85.9096,6.68,5,0,0,0,0,0,0,2,43550.27,0.154,low,0.0
CUST005505,821,excellent,77.97,97.43,97.15,62.84,94.69,86.8439,8.47,18,0,1,0,0,0,1,7,73226.16,0.8805,low,0.125
CUST005506,660,risky,23.58,94.19,74.79,35.38,88.09,60.0774,8.99,6,1,3,0,0,1,0,4,336706.39,0.2121,low,0.0
CUST005507,741,good,73.43,92.49,41.48,48.42,89.09,73.4179,1.74,1,1,0,0,0,0,0,7,85272.59,0.1163,low,0.0
CUST005508,637,high_risk,41.54,92.53,32.29,42.6,47.42,56.1432,7.36,1,3,4,0,0,0,0,1,269220.69,0.164,low,0.0
CUST005509,810,excellent,92.56,84.59,77.21,63.27,92.5,84.9319,17.49,7,0,0,0,0,0,0,0,72578.89,0.0892,low,0.0
CUST005510,836,excellent,99.26,75.6,99.85,79.29,90.06,89.3316,12.98,18,0,0,0,0,0,1,7,47698.32,0.6907,low,0.125
CUST005511,818,excellent,88.94,88.71,86.22,63.1,92.84,86.2703,13.57,10,0,0,0,0,0,1,0,20190.87,0.8537,low,0.5
CUST005512,838,excellent,91.61,96.14,99.05,42.89,96.89,89.7415,9.79,12,0,0,0,0,0,0,1,106292.37,0.1038,low,0.0
CUST005513,783,excellent,99.41,67.95,51.03,78.21,99.2,80.5723,35.69,2,0,0,0,0,0,1,3,132820.37,0.8443,low,0.25
CUST005514,726,good,62.75,99.07,42.03,48.61,81.06,70.9551,7.87,1,1,3,0,0,0,0,2,90174.42,0.1561,low,0.0
CUST005515,792,excellent,87.17,86.92,81.01,50.07,82.91,82.0336,11.14,8,1,0,0,0,0,1,3,369517.35,0.9147,low,0.25
CUST005516,789,excellent,93.54,85.77,45.4,62.67,99.07,81.4545,12.87,3,0,0,0,0,0,1,6,356501.87,0.3723,low,0.1429
CUST005517,811,excellent,96.1,76.08,89.71,69.74,83.56,85.2464,10.98,15,1,0,0,0,0,2,5,70174.04,0.5822,low,0.2857
CUST005518,813,excellent,94.65,88.46,80.57,37.38,99.62,85.4499,14.11,7,0,0,0,0,0,0,1,5840.54,0.0456,low,0.0
CUST005519,808,excellent,97.4,97.72,50.03,71.68,66.58,84.736,0.67,4,2,0,0,0,0,1,5,86789.6,0.3627,low,0.1667
CUST005520,840,excellent,88.43,96.27,95.5,62.26,95.64,89.9453,8.93,19,0,0,0,0,0,1,5,11481.65,0.6315,low,0.1667
CUST005521,848,excellent,92.42,98.5,96.24,51.49,97.94,91.2752,3.21,11,0,0,0,0,0,1,4,155979.05,0.6575,low,0.2
CUST005522,828,excellent,86.1,93.25,93.91,63.28,94.28,87.9541,0.33,10,0,0,0,0,0,1,3,250824.95,0.9224,low,0.25
CUST005523,791,excellent,85.96,84.22,62.71,79.92,90.71,81.8215,13.68,4,1,0,0,0,0,1,4,70900.98,0.8771,low,0.2
CUST005524,771,excellent,99.4,78.75,45.42,34.42,98.66,78.5336,14.5,4,0,0,0,0,0,0,4,262838.35,0.0591,low,0.0
CUST005525,717,good,73.18,84.61,31.31,48.19,90.05,69.5183,14.24,0,0,0,0,0,0,0,2,47586.03,0.0893,low,0.0
CUST005526,805,excellent,89.24,91.08,92.7,41.86,75.1,84.1579,4.08,17,2,0,0,0,0,0,1,43494.64,0.1002,low,0.0
CUST005527,825,excellent,92.14,91.96,89.61,52.02,90.01,87.4816,8.47,11,0,0,0,0,0,0,1,13505.22,0.023,low,0.0
CUST005528,782,excellent,99.36,67.6,63.76,59.22,97.94,80.3358,39.31,4,0,0,0,0,0,1,6,97170.24,0.7739,low,0.1429
CUST005529,850,excellent,95.52,95.57,87.0,74.01,91.05,91.6573,1.94,18,0,0,0,0,0,2,5,123318.29,0.814,low,0.2857
CUST005530,768,excellent,78.92,91.53,64.69,34.56,97.01,77.9432,1.22,2,0,0,0,0,0,0,1,113656.86,0.0732,low,0.0
CUST005531,806,excellent,90.63,87.87,68.64,62.36,97.99,84.4116,12.39,8,0,0,0,0,0,1,4,178684.91,0.542,low,0.2
CUST005532,706,good,40.51,94.96,78.8,40.1,91.79,67.6763,4.31,5,1,2,0,0,0,0,3,38773.99,0.1139,low,0.0
CUST005533,814,excellent,90.44,91.5,71.98,72.75,84.5,85.6255,3.61,9,1,0,0,0,0,1,5,103726.33,0.8098,low,0.1667
CUST005534,792,excellent,91.17,89.63,75.07,48.79,71.15,82.0542,5.97,6,2,0,0,0,0,1,1,73280.88,0.3844,low,0.5
CUST005535,840,excellent,92.19,98.93,99.17,49.71,82.16,90.0074,6.77,14,1,0,0,0,0,1,6,140474.58,0.863,low,0.1429
CUST005536,684,risky,44.6,99.91,37.5,30.5,98.2,64.076,7.13,1,0,3,0,0,0,0,1,106982.09,0.093,low,0.0
CUST005537,576,high_risk,6.63,94.57,32.45,42.99,60.72,45.93,3.82,1,4,1,1,1,1,0,1,43823.32,0.3422,low,0.0
CUST005538,708,good,61.32,77.8,75.55,47.29,71.46,68.0107,14.85,9,2,4,0,0,0,0,3,116009.12,0.1226,low,0.0
CUST005539,857,excellent,98.38,97.41,96.79,47.44,99.25,92.8439,5.27,20,0,0,0,0,0,0,2,84054.72,0.0551,low,0.0
CUST005540,773,excellent,93.75,84.24,44.48,43.85,97.73,78.9148,13.54,1,0,0,0,0,0,0,2,267785.34,0.0997,low,0.0
CUST005541,618,high_risk,29.48,78.72,45.24,44.99,78.23,53.0407,11.59,4,2,4,0,0,1,0,7,317474.38,0.6558,low,0.0
CUST005542,699,risky,65.8,89.27,10.88,53.97,96.94,66.5352,10.22,0,0,0,0,0,0,0,1,284503.37,0.6308,low,0.0
CUST005543,784,excellent,87.35,89.38,59.87,42.59,99.86,80.6118,12.71,2,0,0,0,0,0,0,1,24006.59,0.0932,low,0.0
CUST005544,845,excellent,99.17,99.22,81.4,48.41,93.71,90.8991,3.65,6,0,0,0,0,0,0,5,90842.56,0.0848,low,0.0
CUST005545,842,excellent,98.57,91.24,99.32,48.63,87.63,90.3922,0.77,13,1,0,0,0,0,1,6,220119.4,0.9952,low,0.1429
CUST005546,824,excellent,88.0,96.04,80.71,62.8,94.16,87.4146,1.9,7,0,0,0,0,0,1,4,142079.09,0.6787,low,0.2
CUST005547,812,excellent,97.77,96.85,64.01,47.43,76.7,85.2912,9.81,3,2,0,0,0,0,0,4,33848.96,0.0148,low,0.0
CUST005548,849,excellent,96.22,87.83,99.36,73.23,91.68,91.4204,13.65,18,0,0,0,0,0,1,0,71537.36,0.4156,low,0.5
CUST005549,756,excellent,63.28,97.29,94.28,44.7,60.02,75.9479,2.02,14,3,4,0,0,0,0,5,75121.01,0.1557,low,0.0
CUST005550,792,excellent,85.28,83.41,86.21,49.01,92.36,81.939,11.81,12,0,0,0,0,0,0,4,89496.3,0.1267,low,0.0
CUST005551,826,excellent,97.72,94.99,50.54,77.08,96.95,87.6854,6.5,2,0,0,0,0,0,2,3,131486.47,0.338,low,0.4
CUST005552,810,excellent,88.57,86.21,91.39,50.32,94.35,85.0385,12.94,10,0,0,0,0,0,1,2,372664.13,0.8769,low,0.3333
CUST005553,814,excellent,99.12,79.42,89.6,60.26,76.7,85.6557,11.68,14,2,0,0,0,0,1,5,109531.79,0.8921,low,0.1667
CUST005554,653,risky,39.0,94.76,26.08,35.77,92.2,58.7862,5.78,0,0,4,0,0,0,0,5,138150.96,0.2481,low,0.0
CUST005555,814,excellent,96.97,89.26,68.23,65.72,80.72,85.597,10.67,6,1,0,0,0,0,1,7,434704.3,0.971,low,0.125
CUST005556,582,high_risk,13.02,84.64,45.55,38.92,62.63,46.9383,14.26,2,3,3,0,1,1,0,5,605834.39,0.5278,low,0.0
CUST005557,759,excellent,91.63,87.71,25.92,47.95,94.4,76.5081,13.4,0,0,0,0,0,0,0,6,141930.17,0.1534,low,0.0
CUST005558,741,good,62.17,90.38,87.73,36.81,77.79,73.4946,9.09,11,2,3,0,0,0,0,4,41755.31,0.2109,low,0.0
CUST005559,815,excellent,90.78,96.31,90.83,32.6,82.03,85.7552,5.34,11,1,0,0,0,0,0,2,187908.12,0.1326,low,0.0
CUST005560,760,excellent,55.1,97.78,97.5,43.46,91.36,76.7268,1.66,13,0,3,0,0,0,0,6,138194.64,0.2108,low,0.0
CUST005561,785,excellent,92.05,80.34,66.74,48.14,97.35,80.8814,14.36,8,0,0,0,0,0,2,3,94970.82,0.9039,low,0.4
CUST005562,815,excellent,90.08,86.12,83.9,62.04,97.06,85.8597,14.72,5,0,0,0,0,0,1,1,40517.66,0.391,low,0.5
CUST005563,800,excellent,97.55,89.45,46.89,60.99,91.74,83.2827,21.77,1,1,0,0,0,0,1,5,49494.29,0.4192,low,0.1667
CUST005564,807,excellent,86.83,89.94,84.8,52.63,92.16,84.571,6.22,8,0,0,0,0,0,1,2,842285.32,0.5016,low,0.3333
CUST005565,815,excellent,93.1,85.99,83.59,50.71,97.71,85.7632,10.96,9,0,0,0,0,0,1,0,321257.63,0.5171,low,0.5
CUST005566,778,excellent,95.6,60.5,95.22,54.51,83.11,79.6544,45.72,16,1,0,0,0,0,1,2,41376.62,0.8924,low,0.3333
CUST005567,780,excellent,92.37,84.35,59.41,42.2,92.84,80.0497,13.52,4,0,0,0,0,0,0,2,42750.88,0.1563,low,0.0
CUST005568,825,excellent,93.15,89.69,93.0,48.01,92.21,87.4783,3.44,11,0,0,0,0,0,0,3,106866.8,0.1423,low,0.0
CUST005569,798,excellent,91.36,79.7,78.7,61.44,90.96,82.9293,11.16,9,0,0,0,0,0,1,1,176766.56,0.627,low,0.5
CUST005570,642,high_risk,11.13,96.03,89.91,75.57,41.97,56.9442,2.55,10,4,8,0,0,0,1,4,493541.73,1.5528,moderate,0.2
CUST005571,843,excellent,99.28,98.95,86.95,38.75,91.14,90.4653,0.13,20,0,0,0,0,0,0,1,54578.39,0.0442,low,0.0
CUST005572,804,excellent,93.1,91.38,70.11,51.35,83.13,83.9628,3.31,5,1,0,0,0,0,1,6,62031.96,0.8165,low,0.1429
CUST005573,804,excellent,97.19,84.1,82.19,30.36,93.79,83.9916,14.93,8,0,0,0,0,0,0,3,23847.76,0.1095,low,0.0
CUST005574,828,excellent,98.87,88.13,92.79,48.14,82.09,87.9871,0.24,17,1,0,0,0,0,0,1,340355.98,0.0336,low,0.0
CUST005575,812,excellent,96.98,94.89,46.01,66.74,94.08,85.3936,8.0,4,0,0,0,0,0,1,6,367687.62,0.8934,low,0.1429
CUST005576,783,excellent,99.44,92.93,26.0,46.56,93.06,80.5449,8.92,0,0,0,0,0,0,1,0,28490.27,0.9932,low,0.5
CUST005577,795,excellent,88.17,85.1,76.64,51.7,95.18,82.5756,11.7,8,0,0,0,0,0,1,0,34763.02,0.8762,low,0.5
CUST005578,707,good,44.79,95.27,81.1,36.79,76.96,67.8,9.23,7,2,3,0,0,0,0,3,186180.55,0.1814,low,0.0
CUST005579,812,excellent,99.11,96.6,46.72,47.92,98.63,85.3326,8.84,2,0,0,0,0,0,0,1,155992.01,0.0297,low,0.0
CUST005580,590,high_risk,14.7,89.83,22.47,61.42,77.02,48.308,11.94,0,2,3,1,0,0,1,0,89723.7,2.2863,moderate,0.5
CUST005581,635,high_risk,21.63,77.7,94.04,44.74,63.79,55.8408,13.7,13,3,3,0,0,1,0,4,59561.43,0.4154,low,0.0
CUST005582,623,high_risk,17.75,95.44,69.26,40.58,45.27,53.8191,7.29,8,4,5,0,0,1,0,7,238347.17,0.1694,low,0.0
CUST005583,618,high_risk,5.46,94.0,98.87,40.0,40.58,52.9991,4.34,13,4,4,1,1,1,0,1,75451.56,0.2859,low,0.0
CUST005584,579,high_risk,5.78,81.28,68.28,33.6,64.1,46.4175,11.11,5,4,3,1,1,1,0,5,526567.5,0.594,low,0.0
CUST005585,708,good,68.67,94.99,17.73,30.9,97.23,68.0035,1.9,0,0,0,0,0,0,0,7,96590.68,0.0606,low,0.0
CUST005586,626,high_risk,19.86,90.6,58.09,31.8,82.96,54.3216,7.92,2,1,8,0,0,1,0,3,55975.38,0.19,low,0.0
CUST005587,828,excellent,93.28,79.45,92.37,86.14,90.62,88.0151,13.57,16,0,0,0,0,0,2,7,50289.05,0.9506,low,0.2222
CUST005588,829,excellent,91.14,92.49,84.29,66.97,91.15,88.1001,9.68,5,0,0,0,0,0,1,3,76364.52,0.7456,low,0.25
CUST005589,784,excellent,85.87,81.6,85.44,48.45,85.33,80.7265,11.65,19,1,0,0,0,0,1,0,97176.32,0.6611,low,0.5
CUST005590,709,good,37.02,95.37,83.84,48.83,91.5,68.1738,7.65,8,1,4,0,0,0,0,7,32349.78,0.0799,low,0.0
CUST005591,785,excellent,76.06,89.72,88.55,52.88,86.69,80.7748,13.15,10,1,1,0,0,0,1,7,29333.16,0.3729,low,0.125
CUST005592,741,good,94.99,48.06,57.87,73.95,97.09,73.4484,52.86,4,0,0,0,0,0,1,4,34756.84,0.8211,low,0.2
CUST005593,828,excellent,99.42,85.37,98.28,41.43,87.06,87.9978,10.37,15,1,0,0,0,0,0,6,54619.11,0.0536,low,0.0
CUST005594,806,excellent,93.16,92.76,64.64,49.8,91.4,84.2503,2.7,3,0,0,0,0,0,0,4,130382.88,0.1374,low,0.0
CUST005595,551,high_risk,11.73,90.63,23.76,49.37,20.34,41.8282,7.57,0,5,4,1,1,1,0,6,54837.77,0.572,low,0.0
CUST005596,728,good,54.84,86.3,92.71,41.56,81.3,71.274,10.93,20,1,4,0,0,0,0,7,166990.23,0.1184,low,0.0
CUST005597,679,risky,52.37,95.82,35.63,46.0,62.25,63.242,2.62,1,3,1,0,0,0,0,4,49165.27,0.1372,low,0.0
CUST005598,832,excellent,94.4,97.71,82.96,40.3,98.62,88.6901,1.67,8,0,0,0,0,0,0,4,370687.34,0.0246,low,0.0
CUST005599,685,risky,30.61,86.72,88.29,49.93,91.75,64.1421,13.14,11,1,1,0,0,0,0,1,27595.91,0.2488,low,0.0
CUST005600,775,excellent,68.38,97.93,80.95,43.93,93.74,79.2224,1.89,6,0,1,0,0,0,0,4,29936.33,0.1126,low,0.0
CUST005601,747,good,56.43,97.97,98.3,38.9,66.55,74.4299,9.9,10,2,4,0,0,0,0,5,156716.38,0.2344,low,0.0
CUST005602,793,excellent,88.43,85.19,66.12,60.89,96.96,82.2124,23.96,6,0,0,0,0,0,1,6,134156.7,0.4433,low,0.1429
CUST005603,777,excellent,90.66,77.77,67.23,44.95,98.12,79.4542,11.24,5,0,0,0,0,0,0,4,17800.64,0.1419,low,0.0
CUST005604,845,excellent,98.4,95.82,91.2,47.18,92.29,90.8131,1.2,18,0,0,0,0,0,0,2,31992.87,0.1358,low,0.0
CUST005605,828,excellent,97.91,98.17,48.45,76.66,92.97,87.949,6.21,4,0,0,0,0,0,1,6,517554.64,0.5686,low,0.1429
CUST005606,782,excellent,89.94,84.0,51.0,78.04,82.47,80.3816,14.79,4,1,0,0,0,0,1,7,163511.98,0.551,low,0.125
CUST005607,796,excellent,98.97,63.08,88.29,74.6,84.67,82.7359,40.64,13,1,0,0,0,0,2,5,71750.36,0.4654,low,0.2857
CUST005608,816,excellent,94.44,81.24,85.69,58.66,98.0,85.9468,11.47,12,0,0,0,0,0,1,4,246407.72,0.7746,low,0.2
CUST005609,847,excellent,97.85,92.17,79.33,77.06,96.42,91.1454,8.25,7,0,0,0,0,0,1,3,280259.19,0.5101,low,0.25
CUST005610,821,excellent,99.43,99.3,57.26,45.35,91.88,86.9022,9.11,2,0,0,0,0,0,1,6,971198.75,0.464,low,0.1429
CUST005611,680,risky,35.52,89.21,80.72,41.57,79.42,63.4,12.54,5,2,4,0,0,0,0,5,52546.52,0.167,low,0.0
CUST005612,814,excellent,91.03,92.35,78.36,46.46,96.53,85.617,3.39,8,0,0,0,0,0,0,4,71072.01,0.0722,low,0.0
CUST005613,824,excellent,87.39,99.16,92.52,39.58,91.54,87.3255,7.31,15,1,0,0,0,0,0,7,189710.84,0.0851,low,0.0
CUST005614,777,excellent,85.14,84.32,73.35,45.77,87.72,79.4464,11.56,7,1,0,0,0,0,1,3,21417.6,0.8883,low,0.25
CUST005615,811,excellent,69.63,99.18,97.09,77.12,87.31,85.1314,2.73,15,1,1,0,0,0,1,4,54606.23,0.4354,low,0.2
CUST005616,772,excellent,75.56,87.36,80.99,46.54,91.49,78.6058,12.12,5,0,0,0,0,0,0,5,174408.88,0.0894,low,0.0
CUST005617,832,excellent,99.58,94.33,77.58,44.19,93.81,88.5874,5.37,5,0,0,0,0,0,0,0,37569.36,0.0645,low,0.0
CUST005618,731,good,74.82,80.57,45.44,48.16,98.34,71.8217,14.78,4,0,0,0,0,0,1,5,204373.74,0.4427,low,0.1667
CUST005619,843,excellent,92.32,96.74,97.0,46.69,99.59,90.5085,3.47,12,0,0,0,0,0,1,4,132526.15,0.9806,low,0.2
CUST005620,767,excellent,93.92,79.04,51.3,44.08,91.57,77.8434,14.16,2,0,0,0,0,0,0,1,68321.69,0.0945,low,0.0
CUST005621,739,good,77.37,97.21,32.41,32.51,88.47,73.2003,6.22,1,1,1,0,0,0,0,0,33975.88,0.1025,low,0.0
CUST005622,685,risky,41.84,78.09,92.82,44.96,76.01,64.0912,11.25,10,2,2,0,0,0,0,2,54552.14,0.1791,low,0.0
CUST005623,657,risky,62.49,79.69,16.46,41.4,70.29,59.417,13.64,0,2,4,0,0,0,0,2,141870.51,0.0759,low,0.0
CUST005624,813,excellent,92.97,89.55,74.77,62.32,86.12,85.4647,10.19,8,1,0,0,0,0,0,7,86455.74,0.1444,low,0.0
CUST005625,614,high_risk,20.44,88.01,89.51,32.51,20.43,52.2771,10.48,13,6,8,0,0,1,0,4,186573.38,0.3025,low,0.0
CUST005626,784,excellent,87.31,79.17,90.43,44.08,83.49,80.6298,13.41,16,1,0,0,0,0,0,7,29568.1,0.0259,low,0.0
CUST005627,780,excellent,85.05,89.21,60.92,49.93,93.54,80.015,6.18,2,0,0,0,0,0,0,5,218501.25,0.1109,low,0.0
CUST005628,773,excellent,77.67,80.11,94.06,40.94,94.26,78.8443,12.67,18,0,0,0,0,0,0,7,31185.19,0.1212,low,0.0
CUST005629,754,excellent,72.4,75.85,88.8,47.29,95.21,75.6655,10.22,12,0,1,0,0,0,0,3,188008.0,0.0205,low,0.0
CUST005630,769,excellent,86.69,71.74,86.0,45.72,89.06,78.2417,32.96,15,1,0,0,0,0,0,6,166696.55,0.0654,low,0.0
CUST005631,659,risky,20.75,97.18,90.13,73.29,35.39,59.805,0.62,11,5,7,0,0,0,1,5,137579.03,1.6257,moderate,0.1667
CUST005632,766,excellent,86.07,93.87,53.81,31.92,80.77,77.6286,4.14,2,1,0,0,0,0,0,6,221745.67,0.0815,low,0.0
CUST005633,829,excellent,91.71,95.67,98.21,41.65,84.71,88.1669,6.27,14,1,0,0,0,0,0,3,333745.17,0.0894,low,0.0
CUST005634,732,good,88.06,75.54,34.12,40.88,93.93,72.0791,13.08,1,0,0,0,0,0,0,7,41893.85,0.091,low,0.0
CUST005635,812,excellent,87.14,95.68,84.37,46.54,87.93,85.3082,1.27,6,1,0,0,0,0,0,0,74019.08,0.0089,low,0.0
CUST005636,742,good,59.82,92.69,85.45,46.43,73.9,73.5949,1.14,19,2,1,0,0,0,0,2,23740.86,0.0277,low,0.0
CUST005637,755,excellent,87.77,89.84,36.24,30.83,96.74,75.8629,12.1,1,0,0,0,0,0,0,2,92485.59,0.0614,low,0.0
CUST005638,696,risky,66.81,82.24,27.55,44.85,93.96,66.0674,14.59,0,0,1,0,0,0,0,2,35309.21,0.039,low,0.0
CUST005639,672,risky,39.9,99.74,38.89,31.28,91.6,62.0091,8.45,1,1,2,0,0,0,0,7,206205.2,0.239,low,0.0
CUST005640,706,good,40.71,92.58,81.24,45.29,88.78,67.6155,4.11,8,1,1,0,0,0,0,3,574880.5,0.1248,low,0.0
CUST005641,821,excellent,85.8,91.74,86.93,63.15,98.57,86.7633,9.31,15,0,0,0,0,0,1,7,272147.39,0.4137,low,0.125
CUST005642,679,risky,43.35,76.89,86.59,74.76,43.84,63.0886,11.4,15,4,4,0,0,0,1,0,111625.05,0.849,low,0.5
CUST005643,836,excellent,95.35,92.2,84.12,58.7,98.21,89.3395,8.32,6,0,0,0,0,0,1,1,67462.91,0.8008,low,0.5
CUST005644,836,excellent,99.02,84.29,99.19,49.92,95.88,89.403,13.8,18,0,0,0,0,0,0,0,41218.15,0.0018,low,0.0
CUST005645,769,excellent,98.41,90.91,21.38,48.92,83.63,78.1799,5.52,0,1,0,0,0,0,0,3,55322.03,0.1051,low,0.0
CUST005646,555,high_risk,14.32,96.67,18.18,36.21,21.34,42.4944,2.94,0,6,8,0,0,1,0,0,68087.02,0.6255,low,0.0
CUST005647,661,risky,29.73,97.52,63.87,42.0,67.04,60.1488,8.59,2,2,8,0,0,1,0,0,52736.01,0.2378,low,0.0
CUST005648,806,excellent,97.99,85.83,78.58,31.51,93.94,84.3777,12.14,7,0,0,0,0,0,0,7,33802.69,0.0943,low,0.0
CUST005649,571,high_risk,15.21,82.27,41.39,47.15,42.32,45.1593,14.6,1,3,7,0,0,1,0,7,44619.51,0.4068,low,0.0
CUST005650,791,excellent,89.66,81.26,87.46,40.12,90.1,81.8982,12.08,15,1,0,0,0,0,0,4,42370.22,0.048,low,0.0
CUST005651,844,excellent,88.95,94.52,97.48,65.07,99.91,90.6077,7.33,13,0,0,0,0,0,1,0,221337.15,0.5986,low,0.5
CUST005652,807,excellent,88.7,79.46,88.99,75.16,87.83,84.5283,14.09,14,1,0,0,0,0,1,1,156951.24,0.9951,low,0.5
CUST005653,806,excellent,88.28,89.92,90.7,41.62,86.65,84.3063,0.85,20,1,0,0,0,0,0,4,18938.65,0.0129,low,0.0
CUST005654,701,good,58.01,83.68,67.12,42.62,71.17,66.8541,13.66,6,2,2,0,0,0,0,1,189940.63,0.1929,low,0.0
CUST005655,823,excellent,95.29,86.84,89.76,52.55,91.13,87.2355,12.67,15,1,0,0,0,0,1,3,97875.16,0.8963,low,0.25
CUST005656,833,excellent,96.16,91.9,76.57,79.93,80.93,88.7974,8.71,8,1,0,0,0,0,1,3,534014.48,0.4524,low,0.25
CUST005657,774,excellent,96.25,57.78,93.49,49.16,90.69,79.0303,36.35,13,0,0,0,0,0,0,6,58771.08,0.0801,low,0.0
CUST005658,826,excellent,94.13,95.46,72.88,75.98,74.8,87.5922,1.17,5,2,0,0,0,0,2,6,16310.83,0.3847,low,0.25
CUST005659,738,good,51.53,98.28,82.37,63.34,78.62,73.0697,3.87,5,2,2,0,0,0,1,3,87922.05,1.1599,low,0.25
CUST005660,652,risky,14.53,89.93,97.95,71.14,57.45,58.6147,12.14,10,4,7,1,0,0,1,2,103827.32,1.6229,moderate,0.3333
CUST005661,638,high_risk,7.46,98.71,93.13,44.87,57.09,56.3903,0.33,13,4,1,1,1,1,0,4,153162.78,0.5118,low,0.0
CUST005662,776,excellent,95.1,91.39,31.43,44.91,94.26,79.3336,9.95,0,0,0,0,0,0,0,4,1327307.74,0.0252,low,0.0
CUST005663,764,excellent,74.12,95.6,69.24,57.82,65.51,77.3412,8.83,6,2,0,0,0,0,1,5,33192.86,0.3827,low,0.1667
CUST005664,825,excellent,94.53,92.28,92.7,42.91,85.74,87.5406,9.36,13,1,0,0,0,0,0,5,193028.56,0.0059,low,0.0
CUST005665,-1,no_history,94.69,96.99,11.07,32.38,90.33,76.1687,3.04,0,1,0,0,0,0,0,4,51788.75,0.022,low,0.0
CUST005666,829,excellent,92.19,96.67,89.91,37.59,96.56,88.1694,8.91,16,0,0,0,0,0,0,0,151796.78,0.1073,low,0.0
CUST005667,826,excellent,92.82,88.89,86.5,64.3,91.18,87.6795,7.97,11,0,0,0,0,0,1,1,20902.19,0.7085,low,0.5
CUST005668,773,excellent,69.51,89.25,73.0,75.89,91.94,78.8354,11.09,6,0,0,0,0,0,2,5,303335.77,0.5943,low,0.2857
CUST005669,814,excellent,95.14,80.57,85.18,58.62,95.78,85.6887,13.81,12,0,0,0,0,0,1,6,405431.9,0.9568,low,0.1429
CUST005670,764,excellent,87.26,93.07,38.54,34.83,95.59,77.2854,3.5,1,0,0,0,0,0,0,4,43081.85,0.0096,low,0.0
CUST005671,788,excellent,97.05,95.08,31.29,48.41,93.46,81.3735,3.78,1,0,0,0,0,0,0,2,93034.56,0.051,low,0.0
CUST005672,664,risky,33.98,95.91,84.11,30.29,44.26,60.738,3.63,7,4,2,0,0,0,0,6,933747.67,0.0152,low,0.0
CUST005673,866,excellent,98.98,94.01,94.73,73.64,99.03,94.3211,1.75,19,0,0,0,0,0,1,1,418516.8,0.4487,low,0.5
CUST005674,824,excellent,95.25,98.32,66.54,53.2,91.21,87.2554,9.93,7,0,0,0,0,0,1,6,157078.22,0.6135,low,0.1429
CUST005675,812,excellent,87.19,99.75,69.51,45.22,99.38,85.3285,8.93,6,0,0,0,0,0,0,5,317458.73,0.0766,low,0.0
CUST005676,743,good,90.06,66.85,37.36,72.34,94.7,73.8846,45.91,1,0,0,0,0,0,1,2,223408.33,0.5146,low,0.3333
CUST005677,627,high_risk,8.21,91.76,99.96,33.86,57.15,54.4962,6.13,13,3,6,1,0,1,0,0,179274.18,0.2294,low,0.0
CUST005678,801,excellent,99.05,64.15,91.21,58.35,99.98,83.427,34.1,12,0,0,0,0,0,0,0,32859.49,0.1442,low,0.0
CUST005679,671,risky,20.36,93.86,91.41,35.33,92.94,61.8197,5.3,13,0,4,0,0,1,0,3,33103.15,0.444,low,0.0
CUST005680,598,high_risk,8.94,93.68,70.2,32.54,46.92,49.7087,3.93,5,3,5,1,0,1,0,6,105908.54,0.303,low,0.0
CUST005681,842,excellent,96.98,92.05,90.7,56.6,94.57,90.2833,6.56,11,0,0,0,0,0,1,7,44968.83,0.6072,low,0.125
CUST005682,840,excellent,99.85,93.4,95.91,39.01,87.74,90.0285,4.78,13,1,0,0,0,0,0,7,166991.68,0.1343,low,0.0
CUST005683,803,excellent,87.39,89.03,94.37,33.23,90.97,83.8699,5.34,19,0,0,0,0,0,0,5,245948.29,0.0441,low,0.0
CUST005684,798,excellent,89.65,76.35,98.15,49.64,90.67,83.0341,10.55,19,0,0,0,0,0,0,1,29281.86,0.0646,low,0.0
CUST005685,756,excellent,92.71,88.25,30.19,39.86,85.89,76.0289,10.84,0,1,0,0,0,0,0,2,362713.5,0.0296,low,0.0
CUST005686,794,excellent,86.31,74.76,96.59,52.53,99.73,82.3518,36.7,10,0,0,0,0,0,0,0,19858.95,0.0336,low,0.0
CUST005687,601,high_risk,12.29,88.64,54.03,36.35,74.58,50.0929,11.63,2,2,1,1,1,1,0,4,53021.28,0.182,low,0.0
CUST005688,728,good,48.05,81.8,97.62,71.27,91.22,71.2505,12.95,10,1,2,0,0,0,2,1,14784.65,1.4844,low,0.6667
CUST005689,637,high_risk,35.83,98.27,24.53,34.55,70.62,56.2174,9.58,0,2,1,0,0,0,0,3,76492.61,0.2053,low,0.0
CUST005690,823,excellent,95.05,95.35,67.12,56.12,95.77,87.1304,2.93,5,0,0,0,0,0,1,5,56859.53,0.9188,low,0.1667
CUST005691,827,excellent,96.51,90.82,71.72,66.23,93.95,87.7991,3.16,9,0,0,0,0,0,1,1,163449.06,0.8136,low,0.5
CUST005692,807,excellent,96.11,79.48,93.28,45.97,84.22,84.4968,13.5,20,1,0,0,0,0,1,0,27639.5,0.7456,low,0.5
CUST005693,802,excellent,95.44,80.46,96.53,34.45,81.85,83.6505,10.04,19,1,0,0,0,0,0,2,172876.8,0.0094,low,0.0
CUST005694,702,good,41.3,98.06,76.7,46.48,70.51,67.0771,7.23,7,2,3,0,0,0,0,1,50017.05,0.1032,low,0.0
CUST005695,829,excellent,90.88,90.64,88.14,67.93,91.58,88.1707,9.37,14,0,0,0,0,0,1,0,532882.83,0.378,low,0.5
CUST005696,747,good,89.66,91.95,23.39,37.37,82.25,74.4358,6.06,0,1,0,0,0,0,0,5,209834.74,0.0126,low,0.0
CUST005697,665,risky,49.61,57.65,73.07,61.82,90.25,60.8281,35.75,5,1,2,0,0,0,0,0,358382.37,0.1866,low,0.0
CUST005698,791,excellent,97.89,91.11,47.11,32.56,98.43,81.7595,4.63,2,0,0,0,0,0,0,5,73604.4,0.047,low,0.0
CUST005699,696,risky,49.59,89.94,77.27,35.46,64.87,65.9634,4.85,5,3,4,0,0,0,0,2,101722.37,0.0342,low,0.0
CUST005700,836,excellent,94.8,91.06,93.59,49.53,98.39,89.3284,9.63,15,0,0,0,0,0,1,4,372376.31,0.9423,low,0.2
CUST005701,842,excellent,97.21,98.88,80.68,49.21,96.02,90.3143,3.73,9,0,0,0,0,0,0,3,46561.83,0.1277,low,0.0
CUST005702,837,excellent,85.62,95.21,98.53,71.53,90.5,89.5134,0.78,13,1,0,0,0,0,1,1,424597.42,0.7068,low,0.5
CUST005703,787,excellent,95.8,86.98,56.3,35.08,95.56,81.1327,10.06,3,0,0,0,0,0,0,7,201438.32,0.0731,low,0.0
CUST005704,662,risky,48.33,76.32,46.25,38.93,96.88,60.3299,12.84,2,0,3,0,0,0,0,2,391694.64,0.0081,low,0.0
CUST005705,825,excellent,97.09,78.75,93.73,60.52,97.33,87.4513,18.94,20,0,0,0,0,0,0,0,344359.9,0.0615,low,0.0
CUST005706,770,excellent,88.18,72.39,75.06,53.76,90.41,78.2555,34.79,8,0,0,0,0,0,0,6,63269.71,0.1604,low,0.0
CUST005707,824,excellent,87.79,95.1,77.19,80.61,84.33,87.3299,4.45,8,1,0,0,0,0,2,0,26151.62,0.9918,low,0.6667
CUST005708,781,excellent,98.72,78.07,34.69,78.83,91.19,80.1779,11.27,1,0,0,0,0,0,1,7,46808.46,0.5724,low,0.125
CUST005709,788,excellent,97.16,93.27,36.33,45.61,93.99,81.3963,3.37,1,0,0,0,0,0,0,1,56581.02,0.1357,low,0.0
CUST005710,765,excellent,87.06,96.22,11.55,65.27,99.79,77.574,2.76,0,0,0,0,0,0,1,7,48157.72,0.7794,low,0.125
CUST005711,601,high_risk,11.15,76.93,85.46,41.1,62.74,50.1865,11.13,15,3,6,0,0,1,0,1,305083.7,0.256,low,0.0
CUST005712,779,excellent,93.52,91.46,36.8,48.95,91.72,79.757,8.01,1,1,0,0,0,0,0,7,35608.05,0.0588,low,0.0
CUST005713,818,excellent,92.32,90.62,99.02,42.75,77.25,86.353,9.83,14,2,0,0,0,0,0,1,65915.65,0.1101,low,0.0
CUST005714,703,good,61.03,88.17,55.51,31.03,78.95,67.1367,3.34,2,2,4,0,0,0,0,3,12655.46,0.2416,low,0.0
CUST005715,806,excellent,86.31,85.65,83.76,70.4,87.67,84.2726,10.89,5,1,0,0,0,0,1,6,97710.21,0.9395,low,0.1429
CUST005716,800,excellent,85.29,99.01,70.72,49.62,81.55,83.2799,1.21,5,1,0,0,0,0,0,4,116709.92,0.0837,low,0.0
CUST005717,659,risky,44.71,93.7,25.25,46.53,76.42,59.8425,0.02,0,2,3,0,0,0,0,4,106477.17,0.1865,low,0.0
CUST005718,763,excellent,96.69,88.09,22.55,49.87,85.87,77.2256,9.19,0,1,0,0,0,0,0,4,48798.72,0.078,low,0.0
CUST005719,752,excellent,99.72,79.81,23.11,40.34,90.03,75.3473,12.63,0,0,0,0,0,0,0,3,51781.66,0.0041,low,0.0
CUST005720,608,high_risk,22.32,95.72,45.64,47.64,31.19,51.2548,9.7,1,6,5,0,0,1,0,1,149595.74,0.3613,low,0.0
CUST005721,804,excellent,91.7,79.67,95.62,44.53,91.57,83.9487,11.97,14,0,0,0,0,0,0,3,90483.76,0.007,low,0.0
CUST005722,828,excellent,93.75,89.35,86.52,69.06,85.26,88.0267,8.82,10,1,0,0,0,0,1,4,173972.37,0.5321,low,0.2
CUST005723,793,excellent,87.26,79.88,80.47,64.6,91.07,82.1456,16.73,6,1,0,0,0,0,0,0,70286.29,0.0171,low,0.0
CUST005724,-1,no_history,35.44,85.13,14.52,47.81,96.15,54.5176,14.51,0,0,3,0,0,0,0,2,192835.87,0.2395,low,0.0
CUST005725,839,excellent,99.8,91.5,68.47,76.6,95.52,89.8616,2.1,8,0,0,0,0,0,1,3,235976.57,0.8502,low,0.25
CUST005726,786,excellent,86.54,95.65,60.43,43.13,87.2,81.0828,9.57,2,1,0,0,0,0,0,1,361624.68,0.0239,low,0.0
CUST005727,700,good,49.51,88.83,89.04,32.71,61.13,66.718,10.22,11,4,4,0,0,0,0,2,358374.72,0.166,low,0.0
CUST005728,795,excellent,92.44,88.59,73.02,45.53,80.64,82.4997,9.15,6,1,0,0,0,0,0,7,111624.25,0.1309,low,0.0
CUST005729,775,excellent,72.59,88.06,95.38,33.45,97.66,79.2441,8.89,11,0,0,0,0,0,0,4,115254.16,0.0064,low,0.0
CUST005730,805,excellent,97.25,99.96,48.78,34.32,93.26,84.1018,9.5,1,0,0,0,0,0,0,2,38443.44,0.0303,low,0.0
CUST005731,820,excellent,88.48,83.09,94.02,66.19,99.77,86.594,10.17,15,0,0,0,0,0,1,7,28425.93,0.6668,low,0.125
CUST005732,831,excellent,95.24,96.37,84.33,39.95,95.55,88.4468,7.84,5,0,0,0,0,0,0,5,215189.91,0.0871,low,0.0
CUST005733,839,excellent,94.22,90.86,85.01,78.31,90.49,89.8659,9.08,13,1,0,0,0,0,1,6,152564.55,0.4035,low,0.1429
CUST005734,777,excellent,72.17,87.78,91.6,48.01,93.29,79.4645,11.6,11,0,0,0,0,0,0,1,12879.03,0.0594,low,0.0
CUST005735,819,excellent,92.25,88.61,88.45,45.59,97.67,86.4651,0.64,15,0,0,0,0,0,1,7,46564.0,0.5342,low,0.125
CUST005736,761,excellent,86.58,88.09,47.12,31.96,98.01,76.794,10.0,1,0,0,0,0,0,0,2,35199.11,0.015,low,0.0
CUST005737,759,excellent,90.57,93.07,21.04,41.5,96.07,76.5355,8.74,0,0,0,0,0,0,0,7,152863.54,0.0303,low,0.0
CUST005738,811,excellent,90.38,92.21,69.5,61.34,93.06,85.1603,3.67,7,0,0,0,0,0,1,6,361347.25,0.5851,low,0.1429
CUST005739,798,excellent,92.31,89.93,71.0,45.03,86.08,83.0476,1.94,9,1,0,0,0,0,0,5,140348.64,0.0402,low,0.0
CUST005740,757,excellent,86.62,78.51,59.13,35.15,99.29,76.1819,14.54,4,0,0,0,0,0,0,5,172180.91,0.1025,low,0.0
CUST005741,809,excellent,86.44,96.07,86.34,42.58,86.19,84.9028,1.11,15,1,0,0,0,0,0,5,24499.53,0.0533,low,0.0
CUST005742,820,excellent,76.1,91.61,98.71,77.75,99.8,86.6788,1.55,16,0,0,0,0,0,1,3,98804.55,0.6316,low,0.25
CUST005743,769,excellent,94.99,78.84,49.92,45.33,91.75,78.0951,12.84,2,1,0,0,0,0,1,6,25579.81,0.8812,low,0.1429
CUST005744,547,high_risk,8.61,80.99,52.81,35.55,23.72,41.1575,10.81,3,7,8,1,0,1,0,3,174267.35,0.6108,low,0.0
CUST005745,728,good,86.07,83.04,31.49,35.21,80.61,71.3412,10.4,0,1,0,0,0,0,0,0,16858.7,0.0673,low,0.0
CUST005746,592,high_risk,14.15,95.97,36.97,49.45,44.27,48.6621,6.95,1,3,8,1,1,1,0,6,281340.92,0.3404,low,0.0
CUST005747,816,excellent,97.23,88.24,60.4,65.58,99.23,86.0447,10.34,4,0,0,0,0,0,1,6,10950.46,0.6944,low,0.1429
CUST005748,653,risky,25.15,83.16,89.81,36.23,80.66,58.9102,13.26,11,1,3,0,0,0,0,4,19541.93,0.1783,low,0.0
CUST005749,696,risky,49.53,92.89,81.32,42.52,43.3,65.9818,6.97,8,3,1,0,0,0,0,7,71226.39,0.1253,low,0.0
CUST005750,830,excellent,76.09,97.09,96.84,81.57,98.32,88.2743,0.19,20,0,1,0,0,0,2,2,432208.15,0.3673,low,0.5
CUST005751,825,excellent,88.78,96.25,92.35,47.22,90.05,87.5278,3.58,12,1,0,0,0,0,0,4,274966.24,0.007,low,0.0
CUST005752,843,excellent,97.34,97.31,87.73,56.4,84.76,90.5364,9.81,13,1,0,0,0,0,1,5,103780.12,0.6323,low,0.1667
CUST005753,801,excellent,75.35,86.48,98.33,74.63,90.49,83.577,13.83,11,0,1,0,0,0,1,6,334995.26,0.809,low,0.1429
CUST005754,616,high_risk,10.24,80.86,94.77,73.46,42.09,52.6125,11.79,13,5,8,0,0,0,1,2,142820.83,1.5797,moderate,0.3333
CUST005755,821,excellent,95.97,98.03,69.53,43.24,90.62,86.8128,7.61,9,0,0,0,0,0,0,1,99748.09,0.1153,low,0.0
CUST005756,833,excellent,98.85,88.41,96.77,48.79,82.59,88.7745,1.1,10,1,0,0,0,0,0,3,129977.72,0.1391,low,0.0
CUST005757,732,good,56.89,89.47,82.76,37.11,90.76,71.9533,12.9,9,1,4,0,0,0,0,7,251220.33,0.0189,low,0.0
CUST005758,759,excellent,66.16,94.23,78.87,56.51,76.28,76.5342,5.45,6,2,1,0,0,0,1,1,90226.23,0.5467,low,0.5
CUST005759,779,excellent,85.33,85.4,75.7,37.65,91.95,79.8014,13.33,8,0,0,0,0,0,0,1,89288.14,0.0271,low,0.0
CUST005760,751,excellent,98.7,34.53,91.44,79.33,85.92,75.1455,52.95,19,1,0,0,0,0,1,7,105962.21,0.6515,low,0.125
CUST005761,822,excellent,87.17,99.62,88.51,38.86,95.0,87.0573,3.63,10,0,0,0,0,0,0,4,216215.9,0.1436,low,0.0
CUST005762,718,good,64.11,81.4,68.61,51.92,72.59,69.601,15.62,5,2,3,0,0,0,0,5,61736.31,0.1791,low,0.0
CUST005763,823,excellent,93.91,92.24,72.16,63.84,94.06,87.1566,3.87,9,0,0,0,0,0,1,1,24597.22,0.396,low,0.5
CUST005764,564,high_risk,12.58,92.62,34.1,34.84,31.59,43.9472,5.04,0,5,1,0,1,1,0,1,115374.4,0.5387,low,0.0
CUST005765,797,excellent,89.95,93.57,57.25,47.17,99.12,82.769,4.81,2,0,0,0,0,0,0,7,63342.72,0.0358,low,0.0
CUST005766,809,excellent,90.37,88.89,85.67,53.94,82.08,84.7505,5.43,15,1,0,0,0,0,1,0,34050.4,0.8448,low,0.5
CUST005767,722,good,50.13,94.26,86.2,35.94,80.49,70.3968,0.35,12,1,3,0,0,0,0,5,170203.05,0.053,low,0.0
CUST005768,831,excellent,92.7,86.94,94.5,58.46,98.73,88.4215,12.57,11,0,0,0,0,0,1,4,29447.51,0.8292,low,0.2
CUST005769,700,good,39.11,87.72,99.81,40.31,75.86,66.5916,12.36,19,2,3,0,0,0,0,5,14836.49,0.1966,low,0.0
CUST005770,698,risky,50.25,88.32,67.67,73.89,56.32,66.2559,3.5,6,4,3,0,0,0,1,1,272167.77,1.3638,low,0.5
CUST005771,779,excellent,90.34,89.05,50.48,47.39,92.46,79.8903,6.53,2,0,0,0,0,0,0,7,53372.22,0.1013,low,0.0
CUST005772,757,excellent,88.87,95.38,27.61,33.73,88.63,76.0948,4.62,0,1,0,0,0,0,0,6,281243.06,0.0653,low,0.0
CUST005773,828,excellent,91.36,96.57,86.94,46.43,92.87,87.9195,1.52,12,0,0,0,0,0,0,6,102049.13,0.1012,low,0.0
CUST005774,715,good,37.2,96.04,94.62,37.37,94.26,69.1862,0.5,17,0,4,0,0,0,0,4,44584.48,0.2442,low,0.0
CUST005775,732,good,48.53,92.15,70.55,75.23,92.05,71.9388,6.63,6,0,3,0,0,0,1,6,81661.21,0.8531,low,0.1429
CUST005776,705,good,60.63,75.12,81.11,44.14,71.83,67.5187,10.04,7,2,2,0,0,0,0,5,214225.39,0.2481,low,0.0
CUST005777,803,excellent,98.02,91.3,62.37,46.31,82.14,83.898,0.62,2,1,0,0,0,0,1,5,41807.95,0.4542,low,0.1667
CUST005778,797,excellent,89.85,99.51,67.17,48.46,66.68,82.8885,6.42,7,2,0,0,0,0,0,2,51714.56,0.052,low,0.0
CUST005779,784,excellent,91.3,75.79,87.54,32.98,95.96,80.7178,11.82,13,0,0,0,0,0,0,2,63357.92,0.0103,low,0.0
CUST005780,810,excellent,87.62,77.9,97.84,74.9,87.99,85.0008,12.01,11,1,0,0,0,0,1,7,125810.39,0.8569,low,0.125
CUST005781,781,excellent,99.61,84.74,46.53,31.55,97.66,80.1852,12.92,1,0,0,0,0,0,0,5,45845.77,0.0959,low,0.0
CUST005782,822,excellent,93.97,88.58,83.36,54.91,95.54,87.0148,4.44,7,0,0,0,0,0,1,6,120031.46,0.6937,low,0.1429
CUST005783,836,excellent,97.32,80.84,87.65,79.16,98.9,89.2696,12.69,18,0,0,0,0,0,1,1,37913.22,0.6737,low,0.5
CUST005784,838,excellent,99.67,92.85,90.27,43.05,91.28,89.7124,1.85,10,1,0,0,0,0,0,4,43423.87,0.1653,low,0.0
CUST005785,590,high_risk,13.52,89.13,56.62,49.2,35.18,48.4025,14.16,3,5,3,0,0,1,0,1,99801.32,0.258,low,0.0
CUST005786,815,excellent,93.84,87.98,82.73,46.13,95.93,85.8537,13.61,6,0,0,0,0,0,0,6,272582.46,0.0553,low,0.0
CUST005787,778,excellent,85.44,99.52,48.65,40.28,86.21,79.7063,6.33,1,1,0,0,0,0,0,4,164618.87,0.0227,low,0.0
CUST005788,624,high_risk,17.41,96.56,75.15,44.82,32.22,54.0344,8.92,5,6,3,0,0,1,0,4,102508.3,0.3042,low,0.0
CUST005789,601,high_risk,13.37,90.45,67.95,41.09,40.75,50.1901,7.21,6,5,4,0,0,1,0,7,76434.51,0.5577,low,0.0
CUST005790,827,excellent,88.86,90.82,80.47,77.48,96.46,87.8122,8.33,5,0,0,0,0,0,1,1,222645.91,0.9012,low,0.5
CUST005791,789,excellent,86.27,98.19,58.82,43.15,87.76,81.5662,4.08,2,1,0,0,0,0,0,5,56647.68,0.0851,low,0.0
CUST005792,787,excellent,89.51,89.35,61.61,41.45,97.01,81.2192,13.39,2,0,0,0,0,0,0,0,57591.15,0.0563,low,0.0
CUST005793,737,good,86.08,76.85,47.23,45.65,79.35,72.7673,14.95,3,2,0,0,0,0,0,0,59254.67,0.0973,low,0.0
CUST005794,733,good,50.03,94.82,95.41,44.52,74.67,72.1874,7.24,10,2,2,0,0,0,0,5,181101.93,0.1828,low,0.0
CUST005795,726,good,58.64,97.27,69.7,42.01,66.16,70.9782,5.76,9,2,2,0,0,0,0,2,102768.56,0.0962,low,0.0
CUST005796,806,excellent,93.65,91.32,71.17,43.61,91.82,84.3945,1.74,8,0,0,0,0,0,0,0,247942.34,0.1566,low,0.0
CUST005797,776,excellent,90.46,88.2,48.72,42.01,97.15,79.3436,8.71,4,0,0,0,0,0,0,3,43075.37,0.0844,low,0.0
CUST005798,757,excellent,67.31,88.09,87.62,46.18,84.64,76.2091,2.23,10,1,1,0,0,0,0,2,455865.75,0.119,low,0.0
CUST005799,723,good,89.85,75.03,34.71,42.09,71.07,70.4789,11.66,1,2,0,0,0,0,0,1,43063.3,0.0599,low,0.0
CUST005800,864,excellent,97.08,96.87,99.44,79.17,81.74,94.0463,4.17,11,1,0,0,0,0,1,7,153464.95,0.6563,low,0.125
CUST005801,832,excellent,99.36,97.66,69.87,49.03,92.28,88.6854,5.59,5,0,0,0,0,0,0,4,151317.33,0.1243,low,0.0
CUST005802,782,excellent,88.93,88.89,53.2,63.68,81.31,80.2681,7.99,3,1,0,0,0,0,1,1,34609.8,0.8901,low,0.5
CUST005803,820,excellent,95.28,98.73,91.46,33.66,66.31,86.6808,6.65,14,2,0,0,0,0,0,7,60756.85,0.0432,low,0.0
CUST005804,812,excellent,88.44,94.97,88.93,30.28,95.55,85.3652,8.8,20,0,0,0,0,0,0,7,145233.6,0.1404,low,0.0
CUST005805,788,excellent,91.8,95.44,46.01,46.47,90.62,81.3731,9.59,1,1,0,0,0,0,0,0,48573.87,0.0614,low,0.0
CUST005806,798,excellent,91.97,94.91,65.27,43.72,81.24,82.9493,1.63,6,1,0,0,0,0,0,7,20231.2,0.154,low,0.0
CUST005807,831,excellent,99.35,88.71,89.04,38.37,99.82,88.5615,7.84,11,0,0,0,0,0,0,7,171888.83,0.0747,low,0.0
CUST005808,812,excellent,88.57,95.47,87.83,34.9,90.61,85.3683,1.08,12,1,0,0,0,0,0,4,451840.81,0.0705,low,0.0
CUST005809,728,good,86.72,80.08,34.05,50.72,67.07,71.2634,10.68,1,2,0,0,0,0,1,2,280908.8,0.6257,low,0.3333
CUST005810,795,excellent,90.89,88.04,85.29,45.26,69.5,82.492,11.04,19,2,0,0,0,0,0,2,205230.38,0.0448,low,0.0
CUST005811,839,excellent,95.66,90.62,98.14,47.44,97.56,89.8872,4.47,12,0,0,0,0,0,0,1,22724.29,0.124,low,0.0
CUST005812,783,excellent,92.46,79.65,76.22,37.0,90.95,80.4841,14.09,8,0,0,0,0,0,0,2,115275.55,0.0564,low,0.0
CUST005813,801,excellent,90.68,95.24,45.67,64.96,99.21,83.5753,1.41,1,0,0,0,0,0,1,6,73774.92,0.5974,low,0.1429
CUST005814,705,good,41.3,98.74,93.61,49.05,45.45,67.5705,7.3,18,3,2,0,0,0,0,0,160026.23,0.1878,low,0.0
CUST005815,780,excellent,96.54,92.51,17.13,77.66,81.52,80.0302,8.9,0,1,0,0,0,0,1,7,792130.48,0.6405,low,0.125
CUST005816,796,excellent,92.05,89.87,73.47,41.31,84.02,82.7291,9.19,5,1,0,0,0,0,0,7,295549.38,0.0764,low,0.0
CUST005817,736,good,52.38,96.81,86.98,39.19,83.16,72.6553,2.1,14,1,4,0,0,0,0,0,146153.3,0.0436,low,0.0
CUST005818,816,excellent,87.11,92.16,94.23,41.42,95.23,85.9344,1.2,10,0,0,0,0,0,0,1,89098.41,0.0139,low,0.0
CUST005819,812,excellent,85.76,97.52,89.66,35.8,91.15,85.4141,6.35,12,0,0,0,0,0,0,3,82503.81,0.0711,low,0.0
CUST005820,858,excellent,96.13,92.38,99.72,69.45,98.1,93.0734,4.02,19,0,0,0,0,0,1,5,159810.07,0.4786,low,0.1667
CUST005821,714,good,56.26,85.77,88.74,65.0,48.25,69.0597,10.5,13,3,1,0,0,0,1,4,117504.39,1.1544,low,0.2
CUST005822,810,excellent,97.54,95.59,54.08,46.37,94.69,85.0342,5.81,3,0,0,0,0,0,1,1,59583.73,0.6612,low,0.5
CUST005823,730,good,61.49,92.71,77.26,47.34,60.34,71.6916,7.37,8,3,3,0,0,0,0,5,46820.72,0.2213,low,0.0
CUST005824,847,excellent,93.91,90.2,93.47,78.91,92.47,91.0857,1.1,18,0,0,0,0,0,1,4,222402.43,0.8993,low,0.2
CUST005825,870,excellent,98.59,88.99,99.08,91.6,97.02,94.9259,0.61,11,0,0,0,0,0,2,2,103221.27,0.9442,low,0.5
CUST005826,824,excellent,86.59,88.24,94.21,79.26,84.95,87.3309,9.23,16,1,0,0,0,0,1,2,51559.87,0.6578,low,0.3333
CUST005827,814,excellent,94.79,93.88,91.25,41.0,65.85,85.7103,5.33,17,2,0,0,0,0,0,5,166926.8,0.0531,low,0.0
CUST005828,764,excellent,70.59,82.14,73.2,90.85,79.72,77.3842,13.41,5,2,0,0,0,0,2,3,618846.92,0.5917,low,0.4
CUST005829,808,excellent,87.2,88.22,93.66,35.98,99.68,84.6038,2.67,13,0,0,0,0,0,0,3,77491.99,0.0504,low,0.0
CUST005830,765,excellent,87.11,83.61,49.64,52.21,91.86,77.4243,12.97,3,0,0,0,0,0,1,0,56948.21,0.4798,low,0.5
CUST005831,664,risky,19.09,89.59,91.43,76.98,67.72,60.7449,9.63,15,2,8,0,0,0,1,5,88744.94,2.1345,moderate,0.1667
CUST005832,713,good,58.88,94.5,44.83,40.56,91.3,68.8671,8.06,1,1,3,0,0,0,0,5,35722.32,0.1332,low,0.0
CUST005833,828,excellent,90.98,97.39,88.11,45.77,91.73,88.0259,4.03,12,1,0,0,0,0,1,6,224615.71,0.9415,low,0.1429
CUST005834,831,excellent,90.82,99.35,91.38,49.4,82.62,88.5024,3.58,12,1,0,0,0,0,1,7,191297.56,0.3517,low,0.125
CUST005835,775,excellent,96.63,84.35,49.73,30.05,95.85,79.176,11.83,1,0,0,0,0,0,0,6,85485.19,0.0607,low,0.0
CUST005836,846,excellent,98.9,96.41,92.85,40.2,95.27,91.0131,6.54,17,0,0,0,0,0,0,2,30216.69,0.0506,low,0.0
CUST005837,825,excellent,95.64,90.2,92.76,36.25,94.36,87.5083,2.36,12,0,0,0,0,0,0,2,64111.87,0.0795,low,0.0
CUST005838,695,risky,53.7,97.38,66.01,30.9,48.87,65.8869,7.34,6,3,2,0,0,0,0,1,45091.3,0.0546,low,0.0
CUST005839,830,excellent,99.3,99.14,78.25,41.76,79.85,88.3977,1.78,5,2,0,0,0,0,0,4,225854.21,0.0905,low,0.0
CUST005840,858,excellent,98.39,98.19,85.17,70.35,92.18,92.9226,6.54,18,0,0,0,0,0,1,7,68370.63,0.6916,low,0.125
CUST005841,797,excellent,91.88,93.31,57.25,42.16,98.52,82.8074,2.96,2,0,0,0,0,0,0,2,55469.46,0.0535,low,0.0
CUST005842,727,good,49.72,88.95,68.19,71.95,96.49,71.1592,3.26,6,0,1,0,0,0,1,7,105294.3,0.7811,low,0.125
CUST005843,737,good,99.4,79.78,10.32,31.65,94.68,72.9047,13.24,0,0,0,0,0,0,0,5,499919.72,0.0255,low,0.0
CUST005844,791,excellent,95.77,88.02,68.44,43.74,72.01,81.7661,5.52,5,2,0,0,0,0,0,1,58484.51,0.0802,low,0.0
CUST005845,827,excellent,88.53,96.04,89.48,48.1,97.36,87.7659,3.37,10,0,0,0,0,0,1,0,23959.64,0.7359,low,0.5
CUST005846,808,excellent,97.75,98.56,33.73,65.03,93.54,84.6955,0.48,1,0,0,0,0,0,2,2,190319.13,0.9172,low,0.5
CUST005847,800,excellent,86.54,80.12,97.25,47.74,95.9,83.2772,10.9,13,0,0,0,0,0,1,0,62709.45,0.5917,low,0.5
CUST005848,825,excellent,89.12,88.16,94.43,59.29,97.51,87.4825,5.56,12,0,0,0,0,0,1,0,57526.7,0.6663,low,0.5
CUST005849,764,excellent,78.91,92.44,51.28,46.0,96.81,77.324,2.3,4,0,0,0,0,0,0,0,100490.49,0.0859,low,0.0
CUST005850,660,risky,40.08,97.09,32.86,36.77,83.13,60.0745,6.25,1,1,2,0,0,0,0,4,38508.11,0.1568,low,0.0
CUST005851,828,excellent,90.16,97.07,83.5,60.08,87.63,87.9697,0.12,5,1,0,0,0,0,1,4,113981.28,0.6158,low,0.2
CUST005852,820,excellent,96.34,80.27,96.82,47.03,97.14,86.74,13.64,17,0,0,0,0,0,0,6,78614.31,0.1316,low,0.0
CUST005853,774,excellent,87.82,66.23,88.82,60.84,90.46,79.0575,30.95,16,0,0,0,0,0,0,7,80634.3,0.1559,low,0.0
CUST005854,811,excellent,85.52,92.35,92.2,37.36,99.44,85.1464,6.46,11,0,0,0,0,0,0,3,179131.9,0.0472,low,0.0
CUST005855,732,good,62.95,89.43,54.67,72.96,76.77,72.0345,5.72,4,2,4,0,0,0,1,1,162571.03,0.8849,low,0.5
CUST005856,760,excellent,85.83,82.17,56.29,45.64,90.3,76.7314,13.69,2,0,0,0,0,0,0,0,79650.46,0.1654,low,0.0
CUST005857,823,excellent,94.15,96.78,78.66,49.53,83.61,87.0993,9.91,8,1,0,0,0,0,0,6,172350.72,0.0444,low,0.0
CUST005858,721,good,51.62,84.82,94.85,48.15,75.75,70.1319,13.56,16,2,2,0,0,0,0,1,52466.16,0.1065,low,0.0
CUST005859,711,good,44.11,98.13,90.06,41.33,60.05,68.5246,2.93,15,3,3,0,0,0,0,5,45236.12,0.2414,low,0.0
CUST005860,837,excellent,96.63,97.18,88.01,41.39,91.26,89.4411,4.67,18,0,0,0,0,0,0,5,49297.12,0.0289,low,0.0
CUST005861,754,excellent,91.56,85.58,33.47,35.59,94.49,75.7481,10.99,0,0,0,0,0,0,0,6,24078.19,0.0573,low,0.0
CUST005862,785,excellent,63.57,96.86,91.17,76.24,82.08,80.8133,2.14,13,1,2,0,0,0,1,7,65094.04,0.7645,low,0.125
CUST005863,823,excellent,87.65,96.61,96.83,31.49,97.7,87.1031,2.76,20,0,0,0,0,0,0,7,286527.57,0.0531,low,0.0
CUST005864,800,excellent,95.16,76.06,96.71,31.3,95.9,83.351,14.58,13,0,0,0,0,0,0,7,269752.05,0.1375,low,0.0
CUST005865,789,excellent,85.52,85.92,74.03,56.36,91.07,81.5575,10.1,9,0,0,0,0,0,1,2,146016.43,0.3766,low,0.3333
CUST005866,640,high_risk,17.28,95.8,52.15,42.74,98.3,56.7145,1.3,4,0,7,0,0,1,0,1,107947.82,0.4918,low,0.0
CUST005867,831,excellent,90.82,95.1,97.01,45.52,91.59,88.5821,7.93,12,0,0,0,0,0,1,5,366073.92,0.3669,low,0.1667
CUST005868,718,good,92.09,76.0,10.12,36.95,93.81,69.6253,11.76,0,0,0,0,0,0,0,7,81193.92,0.1089,low,0.0
CUST005869,742,good,51.96,91.56,80.78,68.88,90.52,73.71,4.32,8,1,3,0,0,0,1,7,86570.56,0.7769,low,0.125
CUST005870,772,excellent,89.56,78.07,74.57,34.36,92.1,78.598,11.57,5,0,0,0,0,0,0,2,53285.56,0.034,low,0.0
CUST005871,814,excellent,92.28,91.98,87.77,38.27,87.78,85.6594,8.76,12,1,0,0,0,0,0,4,120082.01,0.0527,low,0.0
CUST005872,670,risky,28.27,89.35,99.26,41.73,59.3,61.6901,4.94,14,3,3,0,0,0,0,1,253055.73,0.3417,low,0.0
CUST005873,781,excellent,77.46,99.43,46.83,70.81,90.82,80.1291,3.19,4,1,1,0,0,0,1,2,47204.87,0.4557,low,0.3333
CUST005874,847,excellent,93.47,99.21,91.35,54.38,95.88,91.2054,2.05,20,0,0,0,0,0,1,3,68242.52,0.334,low,0.25
CUST005875,807,excellent,92.85,76.54,78.5,76.66,96.46,84.5458,11.74,5,0,0,0,0,0,1,0,117113.09,0.9013,low,0.5
CUST005876,753,excellent,73.53,79.17,91.06,41.07,82.16,75.4703,14.84,12,1,1,0,0,0,0,4,30672.47,0.0077,low,0.0
CUST005877,772,excellent,96.96,90.08,34.61,44.19,80.35,78.6055,4.19,1,1,0,0,0,0,0,6,111769.66,0.1562,low,0.0
CUST005878,711,good,47.73,90.52,98.78,30.95,68.07,68.5787,8.78,15,2,3,0,0,0,0,1,17176.33,0.156,low,0.0
CUST005879,820,excellent,85.75,96.82,72.16,73.16,94.76,86.6759,3.32,5,0,0,0,0,0,1,4,90001.42,0.7747,low,0.2
CUST005880,672,risky,46.31,91.4,40.71,36.67,85.71,61.9725,9.03,1,1,4,0,0,0,0,0,45453.53,0.0269,low,0.0
CUST005881,723,good,57.18,99.74,67.43,33.46,70.31,70.4256,3.86,7,2,2,0,0,0,0,3,22884.56,0.2235,low,0.0
CUST005882,789,excellent,93.38,77.41,59.87,66.6,99.71,81.5177,11.82,2,0,0,0,0,0,1,3,73452.98,0.3742,low,0.25
CUST005883,837,excellent,92.28,98.35,71.47,77.07,93.18,89.5493,5.45,8,0,0,0,0,0,2,1,285535.96,0.56,low,0.6667
CUST005884,815,excellent,86.99,94.94,62.69,77.8,97.97,85.9066,0.44,2,0,0,0,0,0,2,1,121577.47,0.7925,low,0.6667
CUST005885,824,excellent,97.39,92.26,78.95,44.01,92.71,87.2755,3.45,6,0,0,0,0,0,0,4,211896.42,0.0135,low,0.0
CUST005886,802,excellent,93.27,93.92,65.75,38.82,91.44,83.7091,6.33,7,1,0,0,0,0,0,3,113950.19,0.0387,low,0.0
CUST005887,756,excellent,88.75,84.01,41.13,42.59,92.7,75.9649,13.34,1,0,0,0,0,0,0,0,403456.62,0.1367,low,0.0
CUST005888,682,risky,60.44,92.4,33.28,44.37,54.05,63.7069,6.11,0,3,3,0,0,0,0,5,274495.73,0.1378,low,0.0
CUST005889,830,excellent,94.22,93.71,93.86,31.85,99.77,88.3294,1.35,11,0,0,0,0,0,0,7,38373.56,0.1154,low,0.0
CUST005890,817,excellent,97.46,81.67,93.5,45.55,89.68,86.1571,13.08,13,1,0,0,0,0,1,2,285287.4,0.6819,low,0.3333
CUST005891,844,excellent,86.88,99.87,86.73,75.79,96.84,90.6406,1.87,17,0,0,0,0,0,1,2,39362.05,0.4761,low,0.3333
CUST005892,617,high_risk,26.24,84.98,62.55,46.72,41.48,52.8813,14.5,2,4,4,0,0,1,0,2,212136.94,0.5081,low,0.0
CUST005893,716,good,74.05,88.92,16.44,52.35,90.55,69.3481,3.11,0,0,1,0,0,0,1,0,281535.65,0.5739,low,0.5
CUST005894,810,excellent,86.5,78.71,96.75,66.42,99.35,84.9771,13.87,12,0,0,0,0,0,1,2,200074.55,0.4812,low,0.3333
CUST005895,787,excellent,93.22,88.33,57.5,47.46,86.22,81.1198,2.48,3,1,0,0,0,0,0,6,32839.71,0.0167,low,0.0
CUST005896,738,good,63.04,93.4,86.39,36.23,64.16,73.0805,0.61,20,3,3,0,0,0,0,4,55328.8,0.1298,low,0.0
CUST005897,594,high_risk,28.91,60.13,65.6,54.28,55.42,48.9657,35.33,9,3,1,0,0,0,0,7,408961.85,0.2341,low,0.0
CUST005898,630,high_risk,26.69,89.73,46.44,75.8,52.25,55.0325,9.53,1,4,4,0,0,0,1,2,886862.13,1.4343,low,0.3333
CUST005899,751,excellent,86.38,79.61,54.78,34.22,94.65,75.2189,10.15,2,0,0,0,0,0,0,0,25709.3,0.0731,low,0.0
CUST005900,662,risky,19.33,99.97,74.3,78.96,54.68,60.2655,5.82,9,4,4,0,0,0,1,3,335695.99,1.3688,low,0.25
CUST005901,715,good,53.7,92.01,86.83,41.06,56.08,69.1379,8.95,11,3,1,0,0,0,0,2,90996.45,0.0055,low,0.0
CUST005902,803,excellent,77.31,96.06,87.16,68.78,80.1,83.8395,0.65,13,1,1,0,0,0,1,2,1007770.94,0.9152,low,0.3333
CUST005903,854,excellent,96.58,89.35,97.93,74.94,95.57,92.3463,10.25,11,0,0,0,0,0,1,2,121955.3,0.7927,low,0.3333
CUST005904,781,excellent,98.32,99.19,22.14,36.1,90.78,80.1761,8.4,0,0,0,0,0,0,0,2,144804.75,0.0354,low,0.0
CUST005905,817,excellent,91.23,89.99,64.79,80.69,93.73,86.0886,6.97,2,0,0,0,0,0,2,3,131155.16,0.7002,low,0.4
CUST005906,783,excellent,94.5,94.3,38.11,37.86,96.03,80.4684,9.05,1,0,0,0,0,0,0,4,159626.15,0.0236,low,0.0
CUST005907,784,excellent,85.43,93.66,66.65,32.45,94.44,80.6847,2.7,9,0,0,0,0,0,0,7,128172.19,0.1089,low,0.0
CUST005908,644,high_risk,34.4,79.87,89.22,32.45,47.32,57.3621,11.74,15,3,2,0,0,0,0,3,148106.01,0.0334,low,0.0
CUST005909,798,excellent,79.2,99.22,62.69,61.21,99.99,83.0112,8.68,3,0,0,0,0,0,1,2,108693.86,0.4481,low,0.3333
CUST005910,777,excellent,93.46,92.75,33.59,48.97,89.81,79.452,8.74,1,1,0,0,0,0,0,7,266339.71,0.0212,low,0.0
CUST005911,809,excellent,93.13,92.7,69.97,44.33,94.36,84.7676,0.71,8,0,0,0,0,0,0,7,35966.62,0.0905,low,0.0
CUST005912,770,excellent,88.83,89.02,29.21,62.61,98.21,78.2596,12.95,0,0,0,0,0,0,1,2,165895.94,0.9656,low,0.3333
CUST005913,834,excellent,94.42,94.41,86.22,48.13,98.49,88.9663,5.69,15,0,0,0,0,0,0,0,299686.99,0.0604,low,0.0
CUST005914,812,excellent,97.3,78.08,94.59,40.26,95.72,85.2634,10.89,15,0,0,0,0,0,0,3,258641.07,0.134,low,0.0
CUST005915,741,good,55.58,87.46,99.67,42.7,86.07,73.5175,12.1,10,1,3,0,0,0,0,6,160918.05,0.1536,low,0.0
CUST005916,785,excellent,95.7,79.59,72.86,33.59,90.99,80.7603,12.44,5,0,0,0,0,0,0,5,224430.2,0.0981,low,0.0
CUST005917,715,good,54.9,88.59,65.91,47.86,87.48,69.2125,7.34,8,1,1,0,0,0,0,6,123683.04,0.1433,low,0.0
CUST005918,715,good,58.16,82.56,88.19,64.27,44.15,69.1966,26.72,16,3,3,0,0,0,0,1,283704.98,0.2001,low,0.0
CUST005919,795,excellent,92.98,80.09,86.86,37.46,90.73,82.4187,12.93,11,0,0,0,0,0,0,6,249641.38,0.1126,low,0.0
CUST005920,784,excellent,89.68,77.69,86.1,38.86,91.14,80.6108,11.8,10,0,0,0,0,0,0,0,347275.28,0.0497,low,0.0
CUST005921,818,excellent,85.91,97.07,90.33,42.64,93.87,86.3893,3.35,14,0,0,0,0,0,0,5,51730.95,0.113,low,0.0
CUST005922,836,excellent,99.34,88.64,96.85,49.11,86.05,89.4032,14.01,18,1,0,0,0,0,0,2,87805.77,0.0711,low,0.0
CUST005923,755,excellent,88.36,81.64,21.71,73.03,98.52,75.8287,14.75,0,0,0,0,0,0,1,4,207400.09,0.5247,low,0.2
CUST005924,769,excellent,68.83,97.45,79.92,30.45,98.06,78.1655,9.6,7,0,1,0,0,0,0,0,212074.18,0.0824,low,0.0
CUST005925,784,excellent,86.12,88.08,70.96,35.47,98.53,80.6103,1.76,6,0,0,0,0,0,0,7,191097.47,0.102,low,0.0
CUST005926,819,excellent,89.32,88.81,97.62,40.21,99.95,86.5646,2.51,12,0,0,0,0,0,0,0,91625.88,0.0336,low,0.0
CUST005927,677,risky,44.41,75.51,92.57,42.38,64.73,62.7929,11.69,11,3,1,0,0,0,0,6,164139.87,0.045,low,0.0
CUST005928,771,excellent,97.72,89.51,26.48,39.26,94.7,78.4252,10.14,0,0,0,0,0,0,0,6,69600.34,0.0103,low,0.0
CUST005929,834,excellent,91.92,99.24,84.04,61.6,82.31,88.939,3.61,5,1,0,0,0,0,1,3,380624.85,0.652,low,0.25
CUST005930,825,excellent,96.5,93.2,85.06,33.28,96.34,87.4547,1.39,15,0,0,0,0,0,0,0,67419.84,0.033,low,0.0
CUST005931,839,excellent,90.93,96.35,76.69,79.76,96.19,89.827,6.66,6,0,0,0,0,0,1,0,49068.46,0.8519,low,0.5
CUST005932,754,excellent,92.55,83.52,42.25,32.95,85.42,75.6234,10.5,1,1,0,0,0,0,0,5,197496.13,0.0167,low,0.0
CUST005933,790,excellent,91.0,95.92,61.86,36.52,81.47,81.7037,3.43,3,1,0,0,0,0,0,1,54831.49,0.114,low,0.0
CUST005934,690,risky,42.48,92.67,69.04,32.85,87.13,65.0225,1.3,6,1,2,0,0,0,0,1,179010.92,0.0886,low,0.0
CUST005935,777,excellent,90.28,95.96,30.82,47.13,97.96,79.5201,1.09,1,0,0,0,0,0,0,5,177310.55,0.0821,low,0.0
CUST005936,822,excellent,93.78,85.17,61.48,94.52,99.92,87.0424,12.91,3,0,0,0,0,0,2,4,109057.5,0.7483,low,0.3333
CUST005937,830,excellent,88.79,94.84,96.26,49.07,94.11,88.2829,8.53,12,0,0,0,0,0,0,5,24260.61,0.1515,low,0.0
CUST005938,820,excellent,93.47,89.8,90.99,42.25,90.8,86.6078,12.89,17,1,0,0,0,0,0,4,85805.18,0.0488,low,0.0
CUST005939,784,excellent,85.59,92.24,62.96,43.68,91.91,80.6336,1.05,3,0,0,0,0,0,0,3,293042.17,0.0713,low,0.0
CUST005940,799,excellent,94.63,79.81,71.16,54.71,98.96,83.1072,11.33,6,0,0,0,0,0,1,7,58971.38,0.6986,low,0.125
CUST005941,837,excellent,95.08,91.43,98.81,47.05,92.55,89.4852,4.83,20,0,0,0,0,0,1,7,380623.79,0.6205,low,0.125
CUST005942,757,excellent,86.59,89.39,33.06,44.5,95.65,76.0982,11.12,1,0,0,0,0,0,0,2,367559.39,0.1278,low,0.0
CUST005943,835,excellent,97.12,91.84,92.04,47.18,91.12,89.1819,7.05,12,0,0,0,0,0,0,7,77600.4,0.0942,low,0.0
CUST005944,-1,no_history,55.89,75.51,18.99,49.45,45.7,54.579,12.55,0,4,2,0,0,0,0,5,60871.06,0.1999,low,0.0
CUST005945,816,excellent,98.16,91.81,74.13,32.56,97.64,86.041,5.11,8,0,0,0,0,0,0,3,182083.1,0.0388,low,0.0
CUST005946,723,good,90.08,75.66,22.09,38.85,90.96,70.5212,12.5,0,0,0,0,0,0,0,3,124148.66,0.0928,low,0.0
CUST005947,797,excellent,87.08,93.97,71.26,42.46,92.51,82.855,0.6,7,0,0,0,0,0,0,6,111835.78,0.1498,low,0.0
CUST005948,812,excellent,96.35,86.62,71.43,57.12,92.21,85.3577,11.75,8,0,0,0,0,0,1,7,214206.3,0.9284,low,0.125
CUST005949,871,excellent,97.62,99.67,94.35,85.2,85.01,95.2418,7.06,20,1,0,0,0,0,2,5,49283.96,0.8203,low,0.2857
CUST005950,740,good,65.77,75.23,94.48,45.25,90.54,73.3401,13.04,19,0,0,0,0,0,0,5,97303.9,0.0517,low,0.0
CUST005951,840,excellent,90.66,97.56,88.49,66.92,91.02,90.0658,1.26,10,1,0,0,0,0,1,0,77681.7,0.9141,low,0.5
CUST005952,707,good,60.1,89.39,57.57,36.58,77.61,67.9049,6.35,4,2,3,0,0,0,0,5,42801.07,0.0256,low,0.0
CUST005953,800,excellent,90.26,82.97,94.93,39.39,86.38,83.2955,11.11,11,1,0,0,0,0,0,5,160925.91,0.0753,low,0.0
CUST005954,707,good,48.39,99.71,76.2,64.64,40.37,67.7816,2.63,9,3,4,0,0,0,1,4,37775.71,1.0461,low,0.2
CUST005955,848,excellent,95.19,98.52,81.87,62.3,98.98,91.2817,3.4,6,0,0,0,0,0,1,0,95403.83,0.6949,low,0.5
CUST005956,841,excellent,91.25,96.93,91.4,60.57,94.19,90.2036,5.13,19,0,0,0,0,0,1,2,212475.04,0.708,low,0.3333
CUST005957,750,excellent,56.88,96.36,95.36,78.05,51.31,75.0573,5.16,16,4,1,0,0,0,1,6,55536.5,1.4711,low,0.1429
CUST005958,817,excellent,97.61,98.54,55.82,44.61,96.08,86.167,3.15,4,0,0,0,0,0,0,6,168644.11,0.1526,low,0.0
CUST005959,731,good,77.69,90.95,29.17,35.51,94.36,71.8391,1.73,0,0,0,0,0,0,0,4,58760.98,0.1628,low,0.0
CUST005960,597,high_risk,16.88,88.62,64.68,46.11,26.14,49.4214,4.3,4,5,4,0,0,1,0,3,28142.74,0.3472,low,0.0
CUST005961,662,risky,25.71,88.54,90.64,77.58,44.81,60.3951,1.89,14,6,8,0,0,0,1,1,94634.63,1.6572,moderate,0.5
CUST005962,673,risky,41.44,76.0,93.98,38.37,69.67,62.2043,13.84,18,2,1,0,0,0,0,4,256168.56,0.0179,low,0.0
CUST005963,795,excellent,94.08,97.44,65.29,36.65,69.5,82.5694,0.85,6,2,0,0,0,0,0,0,172833.92,0.0236,low,0.0
CUST005964,653,risky,22.08,96.54,85.09,30.62,62.49,58.763,2.19,10,3,4,0,0,1,0,6,188382.94,0.2542,low,0.0
CUST005965,814,excellent,85.0,98.8,85.58,45.23,89.3,85.6824,8.3,12,1,0,0,0,0,0,0,118008.09,0.1038,low,0.0
CUST005966,778,excellent,91.24,75.98,91.42,32.2,80.67,79.7286,10.89,18,1,0,0,0,0,0,1,90869.46,0.0021,low,0.0
CUST005967,788,excellent,96.21,88.34,60.88,39.42,80.03,81.2525,8.84,2,1,0,0,0,0,0,6,822252.12,0.0686,low,0.0
CUST005968,676,risky,44.8,96.49,52.82,33.92,67.24,62.6668,5.46,2,2,2,0,0,0,0,6,140665.61,0.1439,low,0.0
CUST005969,777,excellent,92.89,98.2,23.12,41.89,99.49,79.5767,6.98,0,0,0,0,0,0,0,6,75264.93,0.1523,low,0.0
CUST005970,791,excellent,92.56,98.32,30.64,62.58,90.61,81.8077,7.71,0,1,0,0,0,0,1,1,76575.26,0.6682,low,0.5
CUST005971,736,good,46.06,95.8,99.8,66.65,71.61,72.6567,8.25,12,2,4,0,0,0,1,3,79810.6,1.3158,low,0.25
CUST005972,791,excellent,99.19,77.08,61.68,64.28,82.77,81.798,13.74,3,1,0,0,0,0,1,4,230101.39,0.8303,low,0.2
CUST005973,819,excellent,95.6,95.33,78.6,43.88,82.55,86.4933,0.54,6,1,0,0,0,0,0,6,19030.29,0.0443,low,0.0
CUST005974,823,excellent,93.66,92.59,73.45,56.25,99.63,87.1628,1.12,9,0,0,0,0,0,1,0,73191.04,0.8703,low,0.5
CUST005975,775,excellent,96.36,92.62,30.17,35.3,96.19,79.1858,6.79,1,0,0,0,0,0,0,6,146466.9,0.0301,low,0.0
CUST005976,831,excellent,92.45,93.51,95.71,43.66,94.16,88.5497,0.24,13,0,0,0,0,0,0,5,92081.04,0.0722,low,0.0
CUST005977,736,good,87.84,82.21,21.44,46.59,93.6,72.6432,12.28,0,0,0,0,0,0,0,3,31864.46,0.0665,low,0.0
CUST005978,795,excellent,88.55,89.69,74.84,53.44,81.08,82.5794,3.07,8,1,0,0,0,0,1,0,93893.67,0.3553,low,0.5
CUST005979,834,excellent,95.28,99.31,89.18,34.84,90.26,89.0272,5.08,10,0,0,0,0,0,0,5,114142.94,0.0811,low,0.0
CUST005980,624,high_risk,9.23,91.53,87.84,40.35,61.44,54.0442,6.01,12,4,7,1,1,1,0,0,48535.49,0.2286,low,0.0
CUST005981,582,high_risk,11.55,81.26,57.78,35.88,63.55,47.0322,11.35,2,4,3,0,0,1,0,3,101645.94,0.4396,low,0.0
CUST005982,831,excellent,98.6,93.26,82.57,41.33,95.06,88.511,3.37,5,0,0,0,0,0,0,6,94703.05,0.0169,low,0.0
CUST005983,703,good,46.5,76.66,90.1,49.71,94.46,67.2057,12.63,11,0,1,0,0,0,0,2,219579.87,0.2235,low,0.0
CUST005984,708,good,47.68,89.81,78.16,71.05,65.15,67.9751,8.12,7,2,4,0,0,0,1,1,71899.22,1.283,low,0.5
CUST005985,777,excellent,92.06,88.96,44.43,57.31,81.51,79.4557,11.69,1,1,0,0,0,0,1,7,85074.82,0.9258,low,0.125
CUST005986,644,high_risk,39.67,77.27,55.91,33.52,85.29,57.3326,14.5,2,1,3,0,0,0,0,2,159087.38,0.0456,low,0.0
CUST005987,796,excellent,88.8,88.35,80.94,38.94,90.69,82.6879,11.34,6,0,0,0,0,0,0,6,17913.29,0.018,low,0.0
CUST005988,810,excellent,93.31,87.73,86.64,38.59,91.71,85.0049,11.91,15,1,0,0,0,0,0,6,143131.96,0.1611,low,0.0
CUST005989,817,excellent,96.29,91.4,86.8,35.6,85.25,86.2265,8.13,14,1,0,0,0,0,0,1,232975.42,0.1034,low,0.0
CUST005990,730,good,88.54,77.85,32.02,40.51,85.08,71.7058,14.49,1,1,0,0,0,0,0,4,160588.84,0.1268,low,0.0
CUST005991,651,risky,13.26,90.31,97.11,78.29,53.14,58.4459,0.76,11,4,3,0,0,0,1,4,167676.01,2.0784,moderate,0.2
CUST005992,734,good,94.65,81.39,18.62,34.99,84.96,72.3338,14.43,0,1,0,0,0,0,0,2,158930.63,0.0156,low,0.0
CUST005993,731,good,88.68,85.11,23.01,31.83,85.91,71.798,11.51,0,1,0,0,0,0,0,7,31494.83,0.1049,low,0.0
CUST005994,758,excellent,66.52,89.49,84.8,45.81,88.5,76.2792,8.39,7,1,1,0,0,0,0,1,64452.27,0.043,low,0.0
CUST005995,825,excellent,93.62,91.26,96.39,31.33,97.69,87.5046,7.54,18,0,0,0,0,0,0,3,149250.5,0.1038,low,0.0
CUST005996,817,excellent,98.88,88.99,61.26,62.19,93.91,86.1059,9.24,4,0,0,0,0,0,1,5,1136660.2,0.7416,low,0.1667
CUST005997,817,excellent,86.68,96.61,81.64,63.39,82.56,86.1627,7.26,5,1,0,0,0,0,1,6,30243.16,0.4271,low,0.1429
CUST005998,827,excellent,86.53,99.45,75.65,71.55,92.64,87.8843,2.16,5,0,0,0,0,0,1,5,201054.2,0.3552,low,0.1667
CUST005999,786,excellent,92.49,71.62,79.86,56.12,95.24,80.9711,33.42,5,0,0,0,0,0,1,2,160727.46,0.9566,low,0.3333
CUST006000,823,excellent,89.25,89.33,91.66,62.34,92.14,87.234,4.65,14,0,0,0,0,0,1,3,21299.22,0.9574,low,0.25
CUST006001,804,excellent,85.85,93.96,79.86,40.37,97.68,84.0224,5.34,5,0,0,0,0,0,0,1,79416.53,0.1269,low,0.0
CUST006002,730,good,76.76,91.59,30.35,34.41,93.29,71.6644,1.2,1,0,1,0,0,0,0,5,511986.25,0.0834,low,0.0
CUST006003,847,excellent,98.8,88.05,92.44,78.53,84.2,91.1343,5.83,12,1,0,0,0,0,1,1,113833.35,0.8272,low,0.5
CUST006004,753,excellent,59.02,94.96,92.05,68.18,57.2,75.49,2.41,10,3,2,0,0,0,1,1,736427.7,0.8582,low,0.5
CUST006005,819,excellent,87.83,95.22,70.45,68.81,97.47,86.504,2.64,8,0,0,0,0,0,1,4,242173.07,0.3598,low,0.2
CUST006006,838,excellent,99.84,89.31,88.84,47.63,99.1,89.7346,6.64,14,0,0,0,0,0,0,3,126188.51,0.0122,low,0.0
CUST006007,800,excellent,91.15,99.44,57.62,45.15,84.54,83.3489,4.42,2,1,0,0,0,0,0,7,64779.77,0.1522,low,0.0
CUST006008,707,good,57.2,96.4,68.81,43.39,42.41,67.8391,4.23,8,3,2,0,0,0,0,6,27051.31,0.0479,low,0.0
CUST006009,643,high_risk,21.94,93.38,96.92,44.46,24.37,57.1134,7.0,16,5,7,0,0,1,0,6,23724.06,0.2879,low,0.0
CUST006010,837,excellent,94.96,86.52,92.98,65.29,98.25,89.4942,20.68,11,0,0,0,0,0,1,6,33277.5,0.796,low,0.1429
CUST006011,856,excellent,94.24,95.82,98.51,68.25,92.66,92.5969,1.32,19,0,0,0,0,0,1,0,63752.89,0.9793,low,0.5
CUST006012,809,excellent,96.99,84.72,90.42,35.88,83.01,84.8135,13.6,14,1,0,0,0,0,0,7,233949.52,0.1631,low,0.0
CUST006013,756,excellent,70.63,88.21,42.17,87.45,96.98,75.9544,10.14,1,0,1,0,0,0,2,7,63690.93,0.7278,low,0.2222
CUST006014,806,excellent,87.93,99.01,66.63,43.39,95.21,84.3319,1.98,9,0,0,0,0,0,0,5,92064.33,0.0995,low,0.0
CUST006015,784,excellent,92.61,88.52,49.94,46.97,94.97,80.6529,1.12,1,0,0,0,0,0,0,6,75413.42,0.092,low,0.0
CUST006016,777,excellent,92.12,67.91,77.47,62.71,89.17,79.4226,47.05,9,1,0,0,0,0,1,3,224929.94,0.701,low,0.25
CUST006017,793,excellent,88.26,94.02,47.48,78.33,81.57,82.2103,2.26,1,1,0,0,0,0,2,6,216006.84,0.7551,low,0.25
CUST006018,834,excellent,87.52,96.73,79.43,78.76,95.47,88.9886,7.4,7,0,0,0,0,0,2,1,158849.15,0.5895,low,0.6667
CUST006019,739,good,58.58,90.39,84.82,37.47,90.03,73.0929,7.57,6,1,3,0,0,0,0,1,84521.91,0.1807,low,0.0
CUST006020,818,excellent,96.29,91.95,70.27,46.5,98.02,86.2795,5.04,6,0,0,0,0,0,0,2,49813.22,0.072,low,0.0
CUST006021,770,excellent,92.33,79.54,56.87,38.6,98.48,78.4147,10.74,2,0,0,0,0,0,0,5,215929.13,0.1436,low,0.0
CUST006022,797,excellent,85.22,90.65,67.88,66.1,90.73,82.8863,9.99,6,0,0,0,0,0,1,4,75354.71,0.3985,low,0.2
CUST006023,698,risky,49.89,93.86,47.51,70.58,75.86,66.3899,1.49,3,2,3,0,0,0,1,1,43044.21,1.2822,low,0.5
CUST006024,727,good,90.88,75.1,29.89,30.96,92.53,71.1704,12.67,0,0,0,0,0,0,0,6,122431.54,0.0974,low,0.0
CUST006025,779,excellent,77.47,91.91,76.27,45.53,91.41,79.8219,9.96,8,0,0,0,0,0,0,3,153020.03,0.1501,low,0.0
CUST006026,652,risky,20.93,94.24,90.14,40.02,55.24,58.6457,2.2,10,3,6,0,0,1,0,7,98444.66,0.5708,low,0.0
CUST006027,835,excellent,96.85,90.03,88.04,51.36,99.01,89.1473,3.27,10,0,0,0,0,0,1,7,127425.46,0.7549,low,0.125
CUST006028,796,excellent,89.98,78.78,96.05,40.33,90.82,82.6498,11.94,12,0,0,0,0,0,0,4,54633.4,0.1072,low,0.0
CUST006029,820,excellent,97.41,75.74,93.02,61.45,96.98,86.6111,14.71,16,0,0,0,0,0,1,1,109582.02,0.7636,low,0.5
CUST006030,830,excellent,91.5,95.28,90.65,42.66,98.97,88.3691,4.34,11,0,0,0,0,0,0,5,189284.94,0.122,low,0.0
CUST006031,820,excellent,99.71,89.17,77.97,53.01,80.53,86.698,5.25,5,1,0,0,0,0,1,1,60258.58,0.737,low,0.5
CUST006032,765,excellent,93.52,79.5,46.52,42.99,96.92,77.551,11.32,1,0,0,0,0,0,0,1,117187.02,0.0417,low,0.0
CUST006033,779,excellent,92.75,86.16,54.79,41.43,90.88,79.7621,12.88,2,0,0,0,0,0,0,0,76838.24,0.132,low,0.0
CUST006034,761,excellent,91.47,93.76,26.5,31.03,95.72,76.7915,3.83,0,0,0,0,0,0,0,4,37306.21,0.11,low,0.0
CUST006035,743,good,67.91,89.09,49.91,61.94,96.07,73.782,13.33,3,0,0,0,0,0,1,2,106188.72,0.6957,low,0.3333
CUST006036,769,excellent,95.31,99.85,14.27,37.96,88.74,78.1229,8.9,0,1,0,0,0,0,0,7,64030.11,0.1206,low,0.0
CUST006037,803,excellent,97.61,79.23,85.01,39.77,91.63,83.8235,11.48,12,0,0,0,0,0,0,4,192087.58,0.1108,low,0.0
CUST006038,754,excellent,89.14,82.93,51.39,36.61,82.5,75.698,11.14,2,1,0,0,0,0,0,7,96658.58,0.1657,low,0.0
CUST006039,754,excellent,86.02,80.56,52.44,39.62,95.08,75.609,13.95,4,0,0,0,0,0,0,3,96674.43,0.0615,low,0.0
CUST006040,843,excellent,89.09,92.92,99.46,73.67,91.19,90.4608,0.83,20,0,0,0,0,0,1,0,87415.77,0.7175,low,0.5
CUST006041,801,excellent,90.13,93.54,72.79,38.81,90.33,83.4408,4.15,8,0,0,0,0,0,0,1,124163.55,0.1586,low,0.0
CUST006042,843,excellent,90.56,95.88,95.64,66.08,91.07,90.5222,8.12,18,0,0,0,0,0,1,1,82418.84,0.7033,low,0.5
CUST006043,728,good,78.08,84.05,26.63,48.19,99.79,71.3344,13.4,0,0,0,0,0,0,0,5,25621.73,0.155,low,0.0
CUST006044,774,excellent,87.16,89.81,49.13,42.16,99.38,78.9723,14.0,1,0,0,0,0,0,0,6,148671.81,0.0684,low,0.0
CUST006045,804,excellent,95.83,81.01,91.18,33.59,91.06,83.985,10.11,14,1,0,0,0,0,0,4,94613.27,0.1644,low,0.0
CUST006046,824,excellent,95.01,90.58,91.76,35.63,95.68,87.3223,9.08,14,0,0,0,0,0,0,4,311895.26,0.006,low,0.0
CUST006047,590,high_risk,19.95,91.82,53.55,30.83,27.33,48.378,1.42,2,5,3,0,0,1,0,7,161443.25,0.4396,low,0.0
CUST006048,785,excellent,99.92,85.8,55.09,32.06,86.54,80.8365,12.95,2,1,0,0,0,0,0,4,264738.6,0.0199,low,0.0
CUST006049,837,excellent,97.15,88.94,98.66,44.75,95.76,89.5326,3.32,19,0,0,0,0,0,0,2,85157.94,0.0407,low,0.0
CUST006050,818,excellent,86.1,99.94,72.47,62.65,90.5,86.3041,7.38,6,0,0,0,0,0,2,1,80111.61,0.4604,low,0.6667
CUST006051,715,good,47.52,99.65,72.4,43.17,74.07,69.1116,2.71,5,2,1,0,0,0,0,6,410310.54,0.1306,low,0.0
CUST006052,630,high_risk,25.02,85.87,51.96,46.97,80.29,55.0388,11.06,2,1,2,0,0,0,0,5,28541.92,0.1132,low,0.0
CUST006053,819,excellent,87.67,90.88,69.21,87.45,93.86,86.4639,1.28,5,0,0,0,0,0,2,6,157497.65,0.4747,low,0.25
CUST006054,770,excellent,94.64,88.44,33.44,49.65,87.45,78.3802,14.05,1,1,0,0,0,0,0,2,58492.95,0.077,low,0.0
CUST006055,633,high_risk,42.22,77.51,26.45,36.15,98.72,55.4877,12.54,0,0,2,0,0,0,0,0,111187.05,0.1739,low,0.0
CUST006056,836,excellent,96.96,97.47,92.13,41.44,81.26,89.2668,2.91,12,1,0,0,0,0,0,2,109772.35,0.1315,low,0.0
CUST006057,780,excellent,92.59,89.8,61.64,31.93,82.06,79.9906,8.67,4,1,0,0,0,0,0,0,155444.46,0.147,low,0.0
CUST006058,862,excellent,97.89,97.21,89.83,76.39,90.95,93.633,1.23,16,0,0,0,0,0,1,7,130671.05,0.4826,low,0.125
CUST006059,822,excellent,91.78,95.85,82.01,45.69,92.81,87.0319,1.37,5,0,0,0,0,0,0,3,61564.7,0.0725,low,0.0
CUST006060,804,excellent,85.25,86.1,91.23,46.88,98.87,83.929,11.55,13,0,0,0,0,0,0,0,17784.32,0.0854,low,0.0
CUST006061,683,risky,50.03,75.26,62.89,60.87,82.06,63.8146,11.11,4,1,3,0,0,0,1,3,68819.02,0.9425,low,0.25
CUST006062,660,risky,23.86,88.99,81.61,67.89,68.43,59.9232,7.93,8,2,5,1,0,0,1,4,26539.96,1.4311,low,0.2
CUST006063,774,excellent,97.12,63.73,85.28,49.53,80.99,78.9549,35.32,17,1,0,0,0,0,0,5,32692.65,0.1579,low,0.0
CUST006064,797,excellent,95.53,92.62,65.76,33.94,83.18,82.7948,9.6,6,1,0,0,0,0,0,3,376011.92,0.0549,low,0.0
CUST006065,808,excellent,98.77,80.47,71.6,62.31,90.62,84.7438,11.87,9,0,0,0,0,0,1,3,82371.45,0.8168,low,0.25
CUST006066,620,high_risk,12.89,85.48,86.7,43.81,57.26,53.2663,14.62,11,4,8,0,0,1,0,0,43236.2,0.543,low,0.0
CUST006067,640,high_risk,37.68,82.55,52.51,49.24,59.7,56.7236,10.9,2,3,1,0,0,0,0,2,50269.58,0.0547,low,0.0
CUST006068,797,excellent,86.45,77.16,85.01,72.77,93.96,82.8301,14.79,10,0,0,0,0,0,1,3,62045.13,0.408,low,0.25
CUST006069,648,high_risk,44.09,86.41,34.16,48.68,66.16,57.96,14.78,1,2,2,0,0,0,0,6,82373.81,0.0933,low,0.0
CUST006070,817,excellent,95.16,91.74,88.13,30.88,90.96,86.2299,8.48,15,0,0,0,0,0,0,5,71874.3,0.0499,low,0.0
CUST006071,759,excellent,88.67,89.69,23.86,59.05,90.41,76.4648,12.93,0,0,0,0,0,0,1,6,307646.35,0.5555,low,0.1429
CUST006072,723,good,58.47,88.94,65.2,47.94,88.02,70.5239,12.77,7,1,1,0,0,0,0,4,33648.75,0.0126,low,0.0
CUST006073,817,excellent,94.36,87.47,95.26,38.49,86.98,86.1039,11.91,17,1,0,0,0,0,0,4,305037.79,0.0152,low,0.0
CUST006074,751,excellent,86.44,83.09,45.26,37.48,94.28,75.1468,10.55,2,0,0,0,0,0,0,6,42777.73,0.1518,low,0.0
CUST006075,821,excellent,88.43,89.52,89.02,60.12,96.6,86.8293,6.48,10,0,0,0,0,0,2,5,116988.69,0.8799,low,0.2857
CUST006076,805,excellent,97.69,76.87,93.27,44.58,85.05,84.2041,10.98,12,1,0,0,0,0,0,7,135520.54,0.1206,low,0.0
CUST006077,754,excellent,75.04,84.48,69.03,44.42,92.88,75.6929,12.25,9,0,1,0,0,0,0,3,57334.64,0.1151,low,0.0
CUST006078,837,excellent,95.46,95.45,90.87,43.85,94.93,89.5535,4.49,20,0,0,0,0,0,0,2,58424.12,0.0379,low,0.0
CUST006079,786,excellent,89.05,93.48,53.29,44.09,94.31,81.0414,5.16,2,0,0,0,0,0,0,3,403247.02,0.0088,low,0.0
CUST006080,762,excellent,92.97,76.91,53.2,36.48,97.9,77.0309,14.57,2,0,0,0,0,0,0,7,435024.28,0.1024,low,0.0
CUST006081,836,excellent,88.58,96.06,86.29,69.68,96.28,89.3592,9.2,16,0,0,0,0,0,1,5,162030.81,0.9612,low,0.1667
CUST006082,671,risky,47.32,87.17,50.6,37.39,77.48,61.7903,10.63,2,2,1,0,0,0,0,2,403108.91,0.1852,low,0.0
CUST006083,793,excellent,79.92,89.48,85.06,50.0,96.04,82.1792,14.78,14,0,0,0,0,0,0,6,191796.87,0.1475,low,0.0
CUST006084,665,risky,58.2,77.06,30.92,31.59,96.05,60.8934,14.37,0,0,3,0,0,0,0,7,13813.61,0.2313,low,0.0
CUST006085,845,excellent,95.12,99.78,93.03,54.94,81.21,90.7962,2.53,12,1,0,0,0,0,1,6,98854.94,0.6494,low,0.1429
CUST006086,844,excellent,89.66,98.96,98.44,66.0,81.68,90.6015,5.88,19,1,0,0,0,0,1,3,99434.42,0.5125,low,0.25
CUST006087,783,excellent,91.14,92.56,41.01,52.98,93.6,80.4754,6.53,1,0,0,0,0,0,1,6,39089.27,0.9307,low,0.1429
CUST006088,786,excellent,95.98,83.42,51.19,49.59,97.35,80.9917,12.7,4,0,0,0,0,0,0,1,48230.47,0.0295,low,0.0
CUST006089,801,excellent,98.31,87.4,57.08,47.85,95.16,83.49,11.65,2,0,0,0,0,0,1,5,238079.94,0.4974,low,0.1667
CUST006090,661,risky,45.5,59.88,94.36,73.33,47.98,60.1715,44.1,14,4,3,0,0,0,1,0,108149.27,0.9036,low,0.5
CUST006091,717,good,63.36,62.33,91.22,75.62,73.05,69.4241,39.17,15,2,4,0,0,0,1,4,141235.68,0.6873,low,0.2
CUST006092,718,good,58.41,77.77,86.27,39.54,90.07,69.6752,14.07,19,0,1,0,0,0,0,1,103336.97,0.0444,low,0.0
CUST006093,707,good,46.87,95.22,60.68,40.2,96.6,67.7512,0.14,3,0,3,0,0,0,0,7,137830.32,0.2223,low,0.0
CUST006094,824,excellent,93.06,99.75,86.03,35.24,83.96,87.3225,4.12,11,1,0,0,0,0,0,0,138765.96,0.0183,low,0.0
CUST006095,836,excellent,87.9,97.92,89.41,76.22,80.85,89.2603,0.69,14,1,0,0,0,0,1,2,39855.15,0.4388,low,0.3333
CUST006096,727,good,54.63,88.29,81.55,77.67,65.1,71.1163,11.85,5,2,1,0,0,0,1,1,75449.76,1.4093,low,0.5
CUST006097,833,excellent,95.07,88.52,93.61,58.43,91.09,88.8241,10.71,20,1,0,0,0,0,1,0,252203.75,0.567,low,0.5
CUST006098,836,excellent,94.52,95.53,91.35,49.93,89.38,89.3735,4.24,11,1,0,0,0,0,0,3,299585.55,0.0919,low,0.0
CUST006099,750,excellent,87.62,75.82,64.79,33.29,85.98,75.0581,13.8,2,1,0,0,0,0,0,0,144865.81,0.1458,low,0.0
CUST006100,857,excellent,96.71,90.85,99.48,76.97,91.23,92.8474,5.71,14,0,0,0,0,0,1,2,140787.11,0.7526,low,0.3333
CUST006101,792,excellent,95.11,86.59,56.42,45.51,97.3,82.0087,10.86,4,0,0,0,0,0,0,6,57680.86,0.1063,low,0.0
CUST006102,685,risky,45.89,95.67,58.43,62.92,43.15,64.1346,4.08,4,3,2,0,0,0,1,5,25098.06,0.8351,low,0.1667
CUST006103,755,excellent,95.88,81.59,33.88,43.07,83.96,75.8201,14.26,0,1,0,0,0,0,0,4,59511.17,0.1282,low,0.0
CUST006104,709,good,47.87,91.42,95.75,36.95,58.51,68.0898,3.41,20,3,4,0,0,0,0,6,256660.48,0.2028,low,0.0
CUST006105,818,excellent,93.52,75.55,87.52,79.1,98.27,86.2643,12.42,12,0,0,0,0,0,2,2,30558.83,0.4761,low,0.5
CUST006106,782,excellent,85.3,99.39,41.79,49.13,94.39,80.2921,8.24,1,0,0,0,0,0,0,2,100483.62,0.0071,low,0.0
CUST006107,809,excellent,95.77,79.65,91.07,52.4,85.67,84.8799,11.6,12,1,0,0,0,0,1,5,142267.14,0.5857,low,0.1667
CUST006108,825,excellent,85.97,94.64,87.53,73.86,84.41,87.4379,2.79,15,1,0,0,0,0,1,3,247888.04,0.3862,low,0.25
CUST006109,853,excellent,95.58,88.76,96.11,77.93,98.32,92.1222,6.46,11,0,0,0,0,0,2,5,49751.8,0.7844,low,0.2857
CUST006110,776,excellent,89.74,79.91,72.55,39.15,92.36,79.4142,11.1,7,0,0,0,0,0,0,1,179003.81,0.0388,low,0.0
CUST006111,764,excellent,93.25,82.34,46.54,38.2,91.82,77.3218,11.97,1,0,0,0,0,0,0,1,177026.43,0.1496,low,0.0
CUST006112,827,excellent,97.99,88.13,92.75,33.54,99.06,87.9088,8.25,14,0,0,0,0,0,0,1,150348.89,0.0164,low,0.0
CUST006113,817,excellent,90.22,97.19,86.26,31.15,94.29,86.2154,4.13,15,0,0,0,0,0,0,3,1541778.82,0.0973,low,0.0
CUST006114,823,excellent,95.77,80.91,85.85,73.56,92.14,87.2405,10.56,20,0,0,0,0,0,1,3,168672.66,0.6701,low,0.25
CUST006115,823,excellent,91.69,96.92,95.25,30.94,85.74,87.1227,0.18,10,1,0,0,0,0,0,3,158341.01,0.0009,low,0.0
CUST006116,739,good,69.48,92.26,34.92,66.92,92.29,73.1549,3.55,0,0,1,0,0,0,1,0,44626.49,0.3742,low,0.5
CUST006117,704,good,68.87,84.17,26.48,47.73,91.71,67.2711,12.16,0,0,0,0,0,0,0,6,102218.84,0.1308,low,0.0
CUST006118,586,high_risk,10.18,77.71,67.31,39.48,66.76,47.598,13.72,6,2,6,0,0,1,0,0,114804.05,0.6504,low,0.0
CUST006119,836,excellent,93.28,95.22,87.84,68.12,80.98,89.3027,1.04,11,1,0,0,0,0,1,6,438677.21,0.9586,low,0.1429
CUST006120,771,excellent,61.92,98.83,95.83,49.95,78.04,78.496,1.9,15,2,3,0,0,0,0,5,254000.66,0.0828,low,0.0
CUST006121,868,excellent,96.56,97.7,93.98,88.17,85.72,94.594,5.95,10,1,0,0,0,0,2,5,22566.21,0.4391,low,0.2857
CUST006122,660,risky,44.48,80.74,56.03,30.74,87.82,60.0488,14.27,4,1,1,0,0,0,0,3,71099.44,0.1277,low,0.0
CUST006123,771,excellent,98.2,86.16,24.86,54.11,91.75,78.5332,10.86,0,0,0,0,0,0,1,4,71998.48,0.9455,low,0.2
CUST006124,834,excellent,87.2,97.46,98.24,60.79,84.04,88.9772,8.18,14,1,0,0,0,0,1,0,76823.57,0.592,low,0.5
CUST006125,825,excellent,96.57,99.6,61.73,78.26,66.83,87.4479,1.48,2,2,0,0,0,0,1,5,235539.41,0.8813,low,0.1667
CUST006126,827,excellent,90.44,87.39,78.64,89.55,92.14,87.8343,10.61,8,0,0,0,0,0,2,1,224123.69,0.6148,low,0.6667
CUST006127,831,excellent,94.26,96.37,66.09,79.97,86.99,88.5132,7.05,7,1,0,0,0,0,1,1,109579.88,0.4641,low,0.5
CUST006128,767,excellent,86.9,89.12,41.62,49.89,94.99,77.8818,4.34,1,0,0,0,0,0,0,5,72862.21,0.14,low,0.0
CUST006129,835,excellent,97.54,95.18,78.21,46.96,99.73,89.0939,8.07,5,0,0,0,0,0,0,1,341361.93,0.0624,low,0.0
CUST006130,794,excellent,90.55,96.39,52.33,56.38,81.93,82.2892,5.08,2,1,0,0,0,0,1,1,99727.6,0.7322,low,0.5
CUST006131,611,high_risk,12.66,81.82,89.71,31.43,63.04,51.8782,13.44,12,4,5,0,0,1,0,0,32924.16,0.439,low,0.0
CUST006132,793,excellent,89.72,80.54,86.38,41.78,95.01,82.1979,11.53,12,0,0,0,0,0,0,0,71096.23,0.1256,low,0.0
CUST006133,820,excellent,98.33,88.26,97.65,30.83,80.49,86.6743,7.66,12,1,0,0,0,0,0,5,132557.17,0.0977,low,0.0
CUST006134,794,excellent,88.2,96.92,69.41,36.99,83.37,82.3916,1.92,7,1,0,0,0,0,0,6,926203.11,0.0278,low,0.0
CUST006135,759,excellent,98.18,82.24,27.09,43.0,90.66,76.4649,10.44,0,1,0,0,0,0,0,5,201985.57,0.0278,low,0.0
CUST006136,846,excellent,96.91,83.16,97.52,78.67,95.68,90.9298,11.9,11,0,0,0,0,0,1,3,68578.69,0.824,low,0.25
CUST006137,742,good,96.35,51.98,75.74,47.42,82.66,73.6848,53.07,7,1,0,0,0,0,0,5,130411.43,0.1139,low,0.0
CUST006138,843,excellent,94.2,89.7,98.27,67.22,90.97,90.4401,0.91,11,0,0,0,0,0,1,6,133384.31,0.8025,low,0.1429
CUST006139,824,excellent,86.52,98.97,91.94,47.33,88.13,87.311,6.86,13,1,0,0,0,0,0,2,57446.06,0.1099,low,0.0
CUST006140,846,excellent,95.3,93.77,96.54,50.82,99.68,91.0175,8.41,13,0,0,0,0,0,1,3,69289.57,0.8579,low,0.25
CUST006141,758,excellent,73.37,92.99,67.79,38.69,87.47,76.3635,3.47,7,1,0,0,0,0,0,4,100637.43,0.1523,low,0.0
CUST006142,782,excellent,88.1,82.79,58.96,67.85,90.44,80.3454,14.62,3,1,0,0,0,0,1,0,86460.83,0.9702,low,0.5
CUST006143,624,high_risk,28.95,98.52,31.01,32.07,63.87,53.9337,5.36,0,3,1,0,0,0,0,7,150393.64,0.2286,low,0.0
CUST006144,839,excellent,99.54,89.01,97.81,55.29,80.25,89.7687,3.96,15,1,0,0,0,0,1,4,339453.07,0.9269,low,0.2
CUST006145,833,excellent,85.73,99.45,98.3,45.68,96.73,88.8254,2.04,14,0,0,0,0,0,0,5,137308.86,0.1224,low,0.0
CUST006146,761,excellent,89.85,65.68,70.99,59.37,91.14,76.851,41.36,9,0,0,0,0,0,0,1,176489.98,0.0073,low,0.0
CUST006147,816,excellent,92.17,89.29,88.84,38.92,97.93,86.0571,11.56,14,0,0,0,0,0,0,7,13586.04,0.0319,low,0.0
CUST006148,622,high_risk,24.1,88.68,75.53,32.97,39.85,53.6509,12.34,5,6,7,0,0,1,0,3,27700.93,0.2394,low,0.0
CUST006149,802,excellent,92.39,93.99,57.7,47.66,96.77,83.6334,6.31,4,0,0,0,0,0,1,1,73669.05,0.5527,low,0.5
CUST006150,847,excellent,99.83,98.43,66.5,72.08,95.86,91.2408,1.68,8,0,0,0,0,0,1,2,449415.07,0.7108,low,0.3333
CUST006151,718,good,59.36,85.48,83.57,60.55,47.36,69.747,21.3,8,3,2,0,0,0,0,6,135322.49,0.1281,low,0.0
CUST006152,840,excellent,98.07,97.96,82.46,54.89,85.09,90.0802,6.84,6,1,0,0,0,0,1,7,82815.82,0.5198,low,0.125
CUST006153,863,excellent,91.02,98.91,99.35,75.37,98.9,93.8608,4.93,13,0,0,0,0,0,1,4,25341.91,0.8426,low,0.2
CUST006154,712,good,74.4,55.74,64.8,69.35,92.97,68.7146,39.59,2,0,0,0,0,0,1,0,36025.46,0.4893,low,0.5
CUST006155,680,risky,48.88,79.03,91.92,41.68,46.09,63.3825,11.46,10,4,2,0,0,0,0,4,332200.92,0.0966,low,0.0
CUST006156,719,good,50.81,82.14,97.11,41.56,86.62,69.8086,12.3,17,1,3,0,0,0,0,1,48549.48,0.1614,low,0.0
CUST006157,851,excellent,97.61,88.61,95.91,73.65,93.18,91.8143,5.41,10,0,0,0,0,0,1,2,104040.19,0.7493,low,0.3333
CUST006158,814,excellent,85.65,97.37,79.51,56.69,89.19,85.7021,9.53,6,1,0,0,0,0,1,7,118867.38,0.5991,low,0.125
CUST006159,800,excellent,97.76,60.56,98.54,78.69,82.68,83.3017,37.1,14,1,0,0,0,0,1,6,129770.14,0.7008,low,0.1429
CUST006160,738,good,67.77,84.14,66.4,46.56,94.61,73.0388,11.62,8,0,0,0,0,0,0,0,25629.06,0.1601,low,0.0
CUST006161,823,excellent,91.55,98.09,81.74,40.33,93.77,87.1413,1.04,5,0,0,0,0,0,0,3,46353.94,0.0143,low,0.0
CUST006162,805,excellent,88.68,85.41,88.62,43.82,99.0,84.2373,10.33,12,0,0,0,0,0,0,1,43011.82,0.1246,low,0.0
CUST006163,817,excellent,85.66,95.18,91.12,40.52,99.91,86.2454,0.7,13,0,0,0,0,0,0,0,152946.26,0.0746,low,0.0
CUST006164,827,excellent,97.6,90.37,82.64,60.95,81.18,87.88,3.37,5,1,0,0,0,0,1,3,250756.32,0.8763,low,0.25
CUST006165,687,risky,39.52,93.94,87.12,49.97,44.43,64.5227,4.94,15,4,2,0,0,0,0,1,53739.5,0.1727,low,0.0
CUST006166,789,excellent,89.62,97.02,52.46,42.45,88.45,81.4333,3.24,2,1,0,0,0,0,0,6,185903.53,0.0815,low,0.0
CUST006167,838,excellent,99.95,94.53,82.83,45.65,93.97,89.7265,2.41,9,0,0,0,0,0,0,7,42889.22,0.0903,low,0.0
CUST006168,642,high_risk,22.54,78.28,98.89,67.24,51.03,57.0311,14.74,13,3,8,0,0,0,1,1,90984.08,1.3889,low,0.5
CUST006169,640,high_risk,24.87,89.53,72.89,62.3,49.29,56.6548,8.58,6,3,8,0,0,0,1,0,91630.61,1.6191,moderate,0.5
CUST006170,659,risky,43.91,57.56,86.94,50.3,90.55,59.7632,35.73,14,1,2,0,0,0,0,4,179611.76,0.0144,low,0.0
CUST006171,840,excellent,88.8,93.94,98.83,67.58,90.8,89.9254,5.73,13,0,0,0,0,0,1,0,108526.79,0.3405,low,0.5
CUST006172,747,good,91.89,64.61,59.31,48.87,92.12,74.5415,47.21,3,0,0,0,0,0,0,2,38579.78,0.0256,low,0.0
CUST006173,759,excellent,92.24,92.48,24.44,42.54,85.24,76.4713,6.12,0,1,0,0,0,0,0,2,166404.38,0.1143,low,0.0
CUST006174,818,excellent,90.81,96.58,82.96,43.42,87.49,86.2899,8.9,8,1,0,0,0,0,0,3,86487.53,0.1106,low,0.0
CUST006175,811,excellent,96.35,76.71,89.59,64.34,85.82,85.1913,19.67,17,1,0,0,0,0,0,3,498150.55,0.1433,low,0.0
CUST006176,805,excellent,92.99,88.87,73.86,47.48,90.66,84.0987,13.32,9,1,0,0,0,0,1,7,37443.24,0.6852,low,0.125
CUST006177,803,excellent,87.97,89.24,70.12,59.98,97.91,83.8663,15.11,8,0,0,0,0,0,0,5,71529.71,0.0106,low,0.0
CUST006178,763,excellent,92.97,96.52,17.17,41.75,89.68,77.2135,3.83,0,1,0,0,0,0,0,5,39226.8,0.0868,low,0.0
CUST006179,771,excellent,90.8,89.81,49.76,32.19,91.35,78.5398,14.05,1,1,0,0,0,0,0,3,67721.26,0.0511,low,0.0
CUST006180,822,excellent,99.05,97.52,60.45,65.15,74.57,86.9633,6.61,3,2,0,0,0,0,1,5,218963.72,0.6297,low,0.1667
CUST006181,729,good,66.12,61.03,92.24,62.66,99.85,71.5398,40.31,12,0,1,0,0,0,0,4,46255.89,0.037,low,0.0
CUST006182,810,excellent,92.22,98.16,43.34,76.58,91.61,85.0463,2.89,1,1,0,0,0,0,2,1,33426.62,0.4801,low,0.6667
CUST006183,816,excellent,79.83,97.18,81.79,72.16,93.99,85.979,1.92,7,0,0,0,0,0,1,0,760287.17,0.5994,low,0.5
CUST006184,797,excellent,91.14,90.22,69.0,35.92,99.37,82.8427,2.21,6,0,0,0,0,0,0,5,72012.68,0.1413,low,0.0
CUST006185,754,excellent,95.63,79.77,24.36,47.57,98.18,75.6332,14.22,0,0,0,0,0,0,0,1,40156.6,0.077,low,0.0
CUST006186,780,excellent,86.89,88.69,60.26,48.75,90.54,79.986,7.0,4,1,0,0,0,0,1,3,79660.55,0.8252,low,0.25
CUST006187,821,excellent,95.46,94.6,79.81,48.19,81.75,86.7561,2.56,7,1,0,0,0,0,1,1,94442.53,0.7452,low,0.5
CUST006188,754,excellent,68.61,89.0,76.26,49.62,85.49,75.6611,10.7,9,1,0,0,0,0,0,1,10451.27,0.1473,low,0.0
CUST006189,742,good,87.54,94.31,15.48,39.9,84.33,73.6737,0.68,0,1,0,0,0,0,0,2,35536.45,0.0297,low,0.0
CUST006190,775,excellent,92.79,75.75,58.86,60.5,91.02,79.1849,10.06,2,1,0,0,0,0,1,0,9546.65,0.5863,low,0.5
CUST006191,800,excellent,88.95,86.28,79.11,46.16,97.52,83.2512,14.08,8,0,0,0,0,0,0,1,41343.7,0.1474,low,0.0
CUST006192,812,excellent,91.74,97.55,72.97,32.5,97.77,85.3484,1.09,5,0,0,0,0,0,0,7,54394.34,0.1232,low,0.0
CUST006193,669,risky,50.45,88.36,48.6,40.85,58.97,61.4374,3.17,3,3,1,0,0,0,0,1,115283.95,0.0984,low,0.0
CUST006194,775,excellent,67.11,96.78,93.49,35.44,90.86,79.1768,2.81,17,1,0,0,0,0,0,7,323288.7,0.0538,low,0.0
CUST006195,819,excellent,99.85,88.93,80.43,45.78,81.99,86.4695,6.59,5,1,0,0,0,0,0,7,73189.62,0.0421,low,0.0
CUST006196,803,excellent,96.05,83.61,74.29,54.41,85.49,83.8336,11.12,7,1,0,0,0,0,1,4,125919.52,0.5454,low,0.2
CUST006197,769,excellent,98.02,85.77,37.75,38.32,86.33,78.1652,11.2,1,1,0,0,0,0,0,5,66655.6,0.1532,low,0.0
CUST006198,817,excellent,98.08,96.04,49.44,62.75,92.81,86.1124,2.3,2,0,0,0,0,0,1,2,98767.72,0.9852,low,0.3333
CUST006199,832,excellent,99.97,75.85,97.55,76.49,86.76,88.7023,12.17,15,1,0,0,0,0,1,3,44137.4,0.3572,low,0.25
CUST006200,818,excellent,99.4,88.23,81.62,33.88,94.64,86.3535,3.62,5,0,0,0,0,0,0,4,241734.61,0.0226,low,0.0
CUST006201,727,good,52.79,99.21,72.05,37.46,83.97,71.1875,6.12,7,1,2,0,0,0,0,6,172119.0,0.1751,low,0.0
CUST006202,720,good,51.16,91.0,87.46,45.89,70.59,69.9748,3.07,13,2,2,0,0,0,0,2,129369.32,0.1723,low,0.0
CUST006203,821,excellent,95.67,91.77,50.14,94.01,88.97,86.8343,8.67,3,1,0,0,0,0,2,7,108393.84,0.9497,low,0.2222
CUST006204,781,excellent,93.56,88.92,39.23,56.96,91.36,80.1356,0.03,1,1,0,0,0,0,1,0,78409.58,0.3917,low,0.5
CUST006205,825,excellent,90.68,97.07,95.53,50.73,72.62,87.5243,0.02,14,2,0,0,0,0,1,4,128996.11,0.523,low,0.2
CUST006206,854,excellent,98.78,92.98,86.48,77.21,91.15,92.2751,3.29,13,0,0,0,0,0,1,7,15523.44,0.3579,low,0.125
CUST006207,787,excellent,88.38,97.61,53.28,49.14,81.08,81.2287,4.65,2,1,0,0,0,0,0,7,24349.62,0.0986,low,0.0
CUST006208,809,excellent,91.55,89.94,85.26,35.45,95.0,84.8597,11.08,15,0,0,0,0,0,0,6,146886.51,0.1588,low,0.0
CUST006209,748,good,91.28,93.19,23.83,30.42,81.11,74.6333,2.12,0,1,0,0,0,0,0,4,42775.22,0.1112,low,0.0
CUST006210,807,excellent,91.13,94.97,91.29,37.21,66.84,84.485,4.37,16,2,0,0,0,0,0,4,91316.0,0.0163,low,0.0
CUST006211,810,excellent,86.72,90.46,93.47,44.79,90.25,85.0119,4.47,20,0,0,0,0,0,0,0,304166.85,0.078,low,0.0
CUST006212,865,excellent,96.82,99.76,92.81,72.15,92.33,94.1852,3.74,15,0,0,0,0,0,1,7,248736.64,0.9146,low,0.125
CUST006213,807,excellent,88.83,88.03,65.59,75.52,95.64,84.4548,4.94,9,0,0,0,0,0,1,7,63796.06,0.5548,low,0.125
CUST006214,737,good,79.42,82.59,45.67,38.5,96.21,72.8959,14.72,2,0,0,0,0,0,0,5,101891.22,0.0412,low,0.0
CUST006215,757,excellent,85.94,85.48,53.88,36.78,87.58,76.2409,14.76,4,1,0,0,0,0,0,1,79359.99,0.1079,low,0.0
CUST006216,780,excellent,92.12,92.47,51.37,30.52,91.82,79.9201,6.05,2,0,0,0,0,0,0,3,78500.29,0.1019,low,0.0
CUST006217,794,excellent,85.77,99.34,55.27,52.53,89.4,82.3047,9.46,4,1,0,0,0,0,2,6,83168.54,0.3924,low,0.25
CUST006218,818,excellent,85.3,93.62,82.09,64.95,95.98,86.3454,5.8,7,0,0,0,0,0,1,7,19068.16,0.987,low,0.125
CUST006219,784,excellent,98.51,82.03,52.87,40.12,96.92,80.7197,10.86,4,0,0,0,0,0,0,6,238868.2,0.0214,low,0.0
CUST006220,770,excellent,90.14,96.81,29.4,47.12,86.31,78.3434,1.27,0,1,0,0,0,0,0,1,76471.98,0.0309,low,0.0
CUST006221,758,excellent,74.56,83.12,70.65,48.29,98.98,76.3555,14.3,8,0,0,0,0,0,0,6,265331.8,0.0941,low,0.0
CUST006222,837,excellent,96.27,95.77,99.78,30.16,91.05,89.5137,0.29,12,0,0,0,0,0,0,3,129702.9,0.0156,low,0.0
CUST006223,713,good,45.44,89.22,99.32,30.35,82.45,68.8476,13.82,10,1,1,0,0,0,0,7,138952.95,0.057,low,0.0
CUST006224,811,excellent,96.61,99.88,51.07,47.49,90.01,85.1885,0.04,2,1,0,0,0,0,1,2,22969.84,0.4772,low,0.3333
CUST006225,693,risky,47.82,82.56,91.1,49.27,54.71,65.5674,13.23,12,3,2,0,0,0,0,4,290679.67,0.2342,low,0.0
CUST006226,809,excellent,90.09,93.61,53.99,74.77,97.03,84.8943,6.69,4,0,0,0,0,0,1,0,40886.67,0.5709,low,0.5
CUST006227,799,excellent,88.56,89.63,72.69,46.41,97.17,83.1474,12.02,5,0,0,0,0,0,0,4,58884.13,0.1465,low,0.0
CUST006228,767,excellent,90.03,61.3,89.56,47.26,98.36,77.8987,45.63,12,0,0,0,0,0,0,6,123746.79,0.116,low,0.0
CUST006229,790,excellent,92.72,76.09,85.23,43.5,92.88,81.7028,13.14,12,0,0,0,0,0,0,3,45500.72,0.0647,low,0.0
CUST006230,782,excellent,96.15,93.09,43.47,34.81,86.8,80.2594,1.49,1,1,0,0,0,0,0,6,45783.12,0.1303,low,0.0
CUST006231,711,good,42.06,87.24,98.85,44.9,82.96,68.5062,14.25,14,1,2,0,0,0,0,6,52721.84,0.0127,low,0.0
CUST006232,709,good,51.73,98.23,65.32,46.87,61.7,68.2307,3.15,9,4,3,0,0,0,0,6,92668.26,0.0467,low,0.0
CUST006233,823,excellent,93.78,93.87,95.05,39.29,80.18,87.1878,2.4,15,1,0,0,0,0,0,7,145356.33,0.0791,low,0.0
CUST006234,823,excellent,96.13,82.91,96.65,45.85,96.07,87.2076,13.66,10,0,0,0,0,0,0,4,82295.34,0.0251,low,0.0
CUST006235,754,excellent,65.26,89.13,89.39,35.78,90.99,75.6654,3.97,11,1,0,0,0,0,0,4,136274.59,0.0631,low,0.0
CUST006236,815,excellent,95.85,90.46,79.19,41.92,91.49,85.9042,7.05,6,0,0,0,0,0,0,0,145908.76,0.019,low,0.0
CUST006237,654,risky,33.09,66.92,99.35,58.79,65.1,58.9521,31.14,14,2,3,0,0,0,0,6,37445.94,0.2202,low,0.0
CUST006238,850,excellent,99.17,96.79,90.8,49.66,93.15,91.648,1.79,12,0,0,0,0,0,1,4,197492.44,0.4232,low,0.2
CUST006239,-1,no_history,91.28,94.6,15.8,45.43,87.76,76.0175,4.58,0,1,0,0,0,0,0,0,85766.15,0.1651,low,0.0
CUST006240,794,excellent,88.11,98.58,38.26,62.4,99.82,82.3734,7.86,1,0,0,0,0,0,1,4,186031.8,0.4243,low,0.2
CUST006241,587,high_risk,24.54,83.94,51.21,39.03,24.88,47.8449,14.58,2,6,4,0,0,1,0,1,1178479.64,0.6491,low,0.0
CUST006242,738,good,96.76,78.5,21.0,31.54,93.2,73.0396,11.3,0,0,0,0,0,0,0,2,283254.34,0.0104,low,0.0
CUST006243,771,excellent,93.78,78.14,56.05,54.25,83.24,78.4202,11.22,3,1,0,0,0,0,2,5,96448.8,0.8223,low,0.2857
CUST006244,823,excellent,91.14,99.78,88.12,36.86,84.78,87.2126,8.01,18,1,0,0,0,0,0,7,83170.99,0.1661,low,0.0
CUST006245,784,excellent,89.63,81.89,60.8,60.52,95.24,80.6325,10.44,3,0,0,0,0,0,1,4,32742.66,0.3751,low,0.2
CUST006246,816,excellent,85.13,87.29,91.08,72.39,91.27,86.0138,11.75,14,0,0,0,0,0,1,7,110621.0,0.8087,low,0.125
CUST006247,785,excellent,92.44,74.34,84.16,53.43,82.44,80.8676,37.62,7,1,0,0,0,0,0,2,255759.71,0.115,low,0.0
CUST006248,824,excellent,89.49,97.91,89.47,42.02,90.55,87.3711,0.53,19,0,0,0,0,0,0,0,9425.01,0.075,low,0.0
CUST006249,722,good,49.29,96.02,74.65,32.37,99.12,70.4022,9.52,8,0,4,0,0,0,0,4,200728.5,0.2391,low,0.0
CUST006250,696,risky,41.68,98.27,56.68,66.96,77.17,65.9829,4.05,4,2,2,0,0,0,1,5,16943.63,1.2164,low,0.1667
CUST006251,788,excellent,73.64,88.02,93.35,52.11,99.84,81.3771,3.65,12,0,1,0,0,0,1,3,69847.79,0.7882,low,0.25
CUST006252,689,risky,77.9,38.93,77.64,58.65,84.07,64.8595,56.94,8,1,0,0,0,0,0,7,91021.36,0.0874,low,0.0
CUST006253,576,high_risk,1.78,90.08,67.29,31.87,51.0,46.0275,3.72,7,3,2,0,1,1,0,3,96296.36,0.3195,low,0.0
CUST006254,822,excellent,99.68,83.39,93.54,40.98,90.36,87.0686,11.0,15,0,0,0,0,0,0,3,9384.86,0.0281,low,0.0
CUST006255,812,excellent,93.67,91.39,83.92,34.56,90.7,85.3146,5.45,5,0,0,0,0,0,0,5,124542.11,0.0731,low,0.0
CUST006256,777,excellent,69.3,99.29,85.0,39.5,86.89,79.431,4.04,19,1,0,0,0,0,0,2,211238.48,0.0446,low,0.0
CUST006257,591,high_risk,9.74,97.48,48.0,40.57,46.54,48.5646,0.16,2,3,3,0,1,1,0,1,396706.38,0.5624,low,0.0
CUST006258,829,excellent,90.94,98.03,86.32,47.15,92.38,88.1389,9.54,19,0,0,0,0,0,0,5,126684.26,0.0257,low,0.0
CUST006259,784,excellent,87.81,75.36,90.04,46.8,90.73,80.5982,13.78,11,1,0,0,0,0,0,1,337171.6,0.1361,low,0.0
CUST006260,763,excellent,67.92,90.0,81.11,47.36,95.63,77.2392,2.34,5,0,1,0,0,0,0,6,44542.3,0.1444,low,0.0
CUST006261,687,risky,43.08,90.56,73.93,45.62,66.27,64.5242,3.39,8,2,1,0,0,0,0,4,164326.82,0.0659,low,0.0
CUST006262,790,excellent,99.56,81.22,46.39,60.66,93.62,81.5988,29.3,2,0,0,0,0,0,0,6,118012.83,0.0889,low,0.0
CUST006263,791,excellent,91.36,82.97,82.08,32.17,93.91,81.7884,10.03,9,0,0,0,0,0,0,1,115146.63,0.0806,low,0.0
CUST006264,742,good,60.5,88.66,88.57,32.9,93.95,73.7466,0.73,13,0,4,0,0,0,0,5,109915.04,0.1686,low,0.0
CUST006265,796,excellent,99.41,79.06,60.24,54.31,97.72,82.7491,20.08,3,0,0,0,0,0,1,4,228044.87,0.8876,low,0.2
CUST006266,725,good,76.25,95.86,26.06,42.77,71.69,70.7988,9.04,0,2,0,0,0,0,0,4,48632.92,0.0517,low,0.0
CUST006267,806,excellent,91.62,82.28,86.64,58.78,87.88,84.4127,13.92,17,1,0,0,0,0,1,5,25047.14,0.5001,low,0.1667
CUST006268,629,high_risk,25.65,92.48,40.43,43.13,76.99,54.799,2.46,1,2,1,0,0,0,0,0,45878.09,0.1837,low,0.0
CUST006269,828,excellent,88.34,85.21,99.56,74.25,90.82,87.9237,11.11,11,1,0,0,0,0,1,5,92847.52,0.4498,low,0.1667
CUST006270,774,excellent,89.48,80.11,72.31,30.0,97.98,78.9967,10.75,6,0,0,0,0,0,0,2,72504.95,0.0065,low,0.0
CUST006271,786,excellent,95.38,81.74,56.94,64.31,80.53,80.9308,13.35,3,1,0,0,0,0,1,4,138150.33,0.6409,low,0.2
CUST006272,752,excellent,63.3,90.31,90.01,60.99,65.2,75.3677,7.92,14,2,1,0,0,0,1,7,64406.73,0.8985,low,0.125
CUST006273,784,excellent,91.25,80.42,64.8,60.18,88.69,80.6705,28.69,3,1,0,0,0,0,1,6,74071.87,0.7157,low,0.1429
CUST006274,817,excellent,96.17,88.19,72.96,60.43,89.91,86.0949,2.14,6,1,0,0,0,0,1,3,29119.29,0.9451,low,0.25
CUST006275,774,excellent,85.28,97.89,39.41,47.41,91.61,79.0284,7.7,1,0,0,0,0,0,0,7,496964.72,0.0365,low,0.0
CUST006276,790,excellent,90.84,89.92,65.94,45.19,84.43,81.6222,12.9,5,1,0,0,0,0,1,7,46939.23,0.5789,low,0.125
CUST006277,830,excellent,85.13,96.94,91.19,62.28,95.79,88.3658,1.95,18,0,0,0,0,0,1,0,128457.7,0.981,low,0.5
CUST006278,701,good,41.51,99.78,92.76,40.28,44.22,66.8246,0.59,13,4,3,0,0,0,0,0,495955.27,0.1016,low,0.0
CUST006279,783,excellent,90.01,91.97,49.72,48.26,91.57,80.5339,5.37,1,0,0,0,0,0,0,0,34288.66,0.1524,low,0.0
CUST006280,825,excellent,86.69,98.79,90.74,48.87,90.77,87.5554,0.36,19,0,0,0,0,0,1,1,215693.36,0.9874,low,0.5
CUST006281,843,excellent,88.54,97.13,96.64,74.31,85.02,90.5562,5.29,18,1,0,0,0,0,1,1,108945.32,0.4526,low,0.5
CUST006282,805,excellent,97.68,91.63,76.85,42.15,68.26,84.2446,5.92,8,2,0,0,0,0,0,4,159922.12,0.0991,low,0.0
CUST006283,743,good,88.19,89.88,14.56,54.3,83.4,73.7844,1.37,0,1,0,0,0,0,1,7,50253.5,0.8287,low,0.125
CUST006284,813,excellent,98.0,92.78,49.86,60.43,98.93,85.5519,6.57,4,0,0,0,0,0,1,2,12972.23,0.6645,low,0.3333
CUST006285,801,excellent,91.86,88.58,70.47,44.52,97.23,83.4719,10.54,9,0,0,0,0,0,0,5,37994.13,0.0135,low,0.0
CUST006286,842,excellent,97.14,96.52,97.89,43.58,84.07,90.4025,5.52,20,1,0,0,0,0,0,6,38033.32,0.0955,low,0.0
CUST006287,825,excellent,95.01,88.65,90.83,54.94,85.22,87.4898,9.18,20,1,0,0,0,0,1,2,201479.52,0.4358,low,0.3333
CUST006288,604,high_risk,15.44,75.0,92.67,42.04,46.31,50.6418,12.63,14,3,4,0,0,0,0,4,139816.17,0.4989,low,0.0
CUST006289,843,excellent,99.34,94.62,79.02,62.77,92.95,90.5817,5.67,8,0,0,0,0,0,1,4,619394.22,0.3789,low,0.2
CUST006290,812,excellent,86.6,97.89,80.25,66.24,69.63,85.3014,6.24,7,2,0,0,0,0,1,4,82902.49,0.7081,low,0.2
CUST006291,825,excellent,98.97,89.36,73.7,75.25,75.31,87.5583,3.23,6,2,0,0,0,0,1,7,23093.61,0.9764,low,0.125
CUST006292,805,excellent,73.28,98.75,87.66,64.27,92.5,84.1005,2.23,10,0,0,0,0,0,1,2,484864.76,0.795,low,0.3333
CUST006293,835,excellent,99.89,93.87,89.18,33.02,93.05,89.1036,6.52,12,0,0,0,0,0,0,6,81805.85,0.1461,low,0.0
CUST006294,782,excellent,89.21,90.81,62.56,34.02,91.46,80.3978,7.91,4,0,0,0,0,0,0,1,33027.22,0.0097,low,0.0
CUST006295,616,high_risk,18.17,96.17,27.39,67.96,74.75,52.5897,7.97,0,2,3,0,0,0,1,3,1395800.24,2.0902,moderate,0.25
CUST006296,793,excellent,92.01,78.33,69.76,67.93,91.67,82.1262,14.37,6,1,0,0,0,0,1,0,160228.73,0.7129,low,0.5
CUST006297,746,good,63.63,92.4,97.56,60.73,46.87,74.3851,8.44,17,3,1,0,0,0,1,3,226651.48,1.3018,low,0.25
CUST006298,737,good,50.43,97.21,96.74,34.65,80.51,72.8398,5.7,15,1,3,0,0,0,0,3,76593.48,0.2142,low,0.0
CUST006299,731,good,55.43,99.15,64.49,36.29,94.42,71.8902,1.43,2,0,4,0,0,0,0,4,75280.91,0.139,low,0.0
CUST006300,805,excellent,88.41,88.78,91.27,45.46,83.18,84.1315,3.6,15,1,0,0,0,0,0,2,45767.36,0.0372,low,0.0
CUST006301,801,excellent,87.42,90.7,88.5,34.17,89.73,83.4708,0.26,18,1,0,0,0,0,0,3,292868.91,0.0911,low,0.0
CUST006302,709,good,57.2,89.47,55.91,35.71,93.02,68.1191,2.39,2,0,3,0,0,0,0,2,59672.76,0.1558,low,0.0
CUST006303,829,excellent,99.05,90.05,79.88,52.13,92.19,88.098,1.05,5,0,0,0,0,0,1,6,35055.06,0.6644,low,0.1429
CUST006304,801,excellent,90.97,92.55,68.82,47.57,88.5,83.5342,3.53,8,1,0,0,0,0,1,4,71840.25,0.3337,low,0.2
CUST006305,809,excellent,91.14,77.19,99.16,52.43,96.23,84.7948,14.47,13,0,0,0,0,0,1,3,124634.88,0.6075,low,0.25
CUST006306,675,risky,44.15,64.41,95.7,60.69,72.74,62.4751,45.84,11,2,2,0,0,0,0,6,80621.28,0.0529,low,0.0
CUST006307,834,excellent,98.1,94.6,78.29,48.22,97.06,88.9878,6.56,5,0,0,0,0,0,1,6,66072.16,0.7095,low,0.1429
CUST006308,783,excellent,98.66,81.02,55.38,37.74,96.03,80.5222,10.99,3,0,0,0,0,0,0,3,10531.37,0.029,low,0.0
CUST006309,798,excellent,86.12,93.05,80.83,32.38,96.15,83.0321,3.66,7,0,0,0,0,0,0,5,22068.41,0.1261,low,0.0
CUST006310,817,excellent,89.22,97.63,87.24,33.7,91.27,86.1016,4.14,14,0,0,0,0,0,0,0,1239521.92,0.0745,low,0.0
CUST006311,809,excellent,98.55,88.15,74.38,57.9,70.21,84.9058,3.3,8,2,0,0,0,0,1,7,29203.38,0.3913,low,0.125
CUST006312,711,good,68.67,91.38,32.65,38.74,82.16,68.4361,6.48,1,1,0,0,0,0,0,4,154718.84,0.14,low,0.0
CUST006313,720,good,48.36,82.26,98.29,61.88,85.02,70.0393,12.76,11,1,3,0,0,0,1,2,135598.62,1.2849,low,0.3333
CUST006314,801,excellent,95.71,88.46,86.79,39.22,65.76,83.5559,11.23,10,2,0,0,0,0,0,4,29475.04,0.121,low,0.0
CUST006315,789,excellent,86.25,89.02,82.21,36.23,86.56,81.5028,3.81,7,1,0,0,0,0,0,7,31808.43,0.0356,low,0.0
CUST006316,754,excellent,88.55,88.84,27.51,41.72,96.57,75.6031,0.08,0,0,0,0,0,0,0,4,91772.31,0.0484,low,0.0
CUST006317,830,excellent,97.48,91.29,91.43,47.71,84.25,88.4154,2.65,12,1,0,0,0,0,0,3,766194.31,0.0887,low,0.0
CUST006318,760,excellent,87.41,78.47,44.78,65.16,93.38,76.7079,13.2,1,0,0,0,0,0,1,1,28340.5,0.4641,low,0.5
CUST006319,806,excellent,85.07,94.0,86.25,38.43,95.93,84.3473,0.27,10,0,0,0,0,0,0,4,749314.27,0.1128,low,0.0
CUST006320,753,excellent,85.43,93.17,29.75,45.91,86.1,75.5179,3.72,0,1,0,0,0,0,0,5,152155.58,0.1246,low,0.0
CUST006321,721,good,42.93,89.85,96.56,72.9,63.83,70.1346,0.49,12,3,2,0,0,0,1,0,130611.62,0.7904,low,0.5
CUST006322,809,excellent,97.25,83.91,94.46,34.59,80.22,84.862,14.71,14,1,0,0,0,0,0,3,9557.49,0.1356,low,0.0
CUST006323,796,excellent,97.22,91.6,49.68,41.44,94.94,82.599,6.84,2,0,0,0,0,0,0,6,49601.91,0.0955,low,0.0
CUST006324,809,excellent,91.87,91.4,71.26,46.94,98.78,84.8363,5.73,7,0,0,0,0,0,0,2,62364.11,0.0505,low,0.0
CUST006325,807,excellent,89.09,99.26,67.77,42.9,91.36,84.5494,9.16,7,1,0,0,0,0,0,7,58831.36,0.0624,low,0.0
CUST006326,831,excellent,90.76,87.82,96.62,59.03,99.27,88.4333,11.32,14,0,0,0,0,0,0,3,84719.35,0.0758,low,0.0
CUST006327,799,excellent,85.9,88.25,71.52,84.97,73.61,83.1224,13.19,8,2,0,0,0,0,2,5,131507.4,0.7564,low,0.2857
CUST006328,763,excellent,85.66,90.82,38.99,43.52,97.07,77.1347,6.98,1,0,0,0,0,0,0,5,249767.87,0.0925,low,0.0
CUST006329,680,risky,40.28,81.78,76.84,44.28,87.45,63.3306,10.75,9,1,3,0,0,0,0,5,123208.05,0.231,low,0.0
CUST006330,841,excellent,85.35,96.38,99.99,64.56,99.83,90.2252,3.08,11,0,0,0,0,0,1,4,34898.3,0.4057,low,0.2
CUST006331,733,good,93.17,82.15,11.11,47.91,84.9,72.2017,12.52,0,1,0,0,0,0,0,3,100304.35,0.1017,low,0.0
CUST006332,778,excellent,79.32,93.92,72.59,32.27,96.83,79.7383,8.49,6,0,0,0,0,0,0,6,87181.23,0.1517,low,0.0
CUST006333,798,excellent,98.33,95.88,32.61,50.27,99.58,83.0576,5.59,1,0,0,0,0,0,1,5,38156.41,0.376,low,0.1667
CUST006334,817,excellent,86.34,93.43,92.64,47.2,92.45,86.1086,7.13,18,0,0,0,0,0,0,7,30693.47,0.0635,low,0.0
CUST006335,773,excellent,85.29,78.59,77.48,51.3,87.12,78.8911,10.58,6,1,0,0,0,0,1,3,38217.89,0.6093,low,0.25
CUST006336,822,excellent,98.6,95.3,77.09,37.52,86.65,87.0818,8.4,6,1,0,0,0,0,0,5,7371.18,0.1292,low,0.0
CUST006337,819,excellent,93.89,83.64,99.38,45.2,90.55,86.436,11.03,14,0,0,0,0,0,0,1,68756.98,0.1385,low,0.0
CUST006338,709,good,45.83,98.77,72.65,35.44,80.18,68.1305,3.91,7,1,3,0,0,0,0,1,109745.48,0.1352,low,0.0
CUST006339,666,risky,27.36,84.21,98.48,36.67,77.7,61.0484,12.77,15,2,1,0,0,0,0,6,39989.52,0.2395,low,0.0
CUST006340,825,excellent,85.19,89.04,94.29,67.75,99.85,87.4339,1.15,13,0,0,0,0,0,1,5,81090.27,0.8095,low,0.1667
CUST006341,600,high_risk,28.94,61.37,47.92,62.96,79.14,49.9389,36.99,1,2,4,0,0,0,0,1,125617.19,0.068,low,0.0
CUST006342,801,excellent,90.65,74.61,94.86,59.4,92.16,83.4964,47.52,17,0,0,0,0,0,0,3,138445.73,0.0217,low,0.0
CUST006343,835,excellent,97.57,93.31,98.3,45.16,77.4,89.1437,2.04,18,2,0,0,0,0,0,5,130228.97,0.0915,low,0.0
CUST006344,656,risky,51.38,85.65,40.68,32.84,62.91,59.3546,13.1,1,4,1,0,0,0,0,1,248785.44,0.2216,low,0.0
CUST006345,804,excellent,85.9,85.13,98.28,46.31,90.25,84.002,14.79,14,0,0,0,0,0,0,4,480271.69,0.1373,low,0.0
CUST006346,778,excellent,92.62,97.12,33.81,40.13,90.1,79.6485,1.66,1,1,0,0,0,0,0,0,70309.87,0.1479,low,0.0
CUST006347,825,excellent,90.29,88.92,87.75,61.28,98.7,87.4392,8.31,16,0,0,0,0,0,1,3,67214.05,0.4248,low,0.25
CUST006348,726,good,85.51,78.75,28.9,36.56,94.11,70.9553,11.67,0,0,0,0,0,0,0,1,371867.04,0.0571,low,0.0
CUST006349,821,excellent,95.1,89.86,99.31,47.89,69.7,86.9004,14.37,15,2,0,0,0,0,1,0,195925.93,0.592,low,0.5
CUST006350,797,excellent,87.15,75.47,85.82,69.61,97.91,82.7682,10.59,19,0,0,0,0,0,2,4,29565.49,0.5179,low,0.3333
CUST006351,799,excellent,98.3,92.09,49.03,38.36,99.59,83.1817,5.26,4,0,0,0,0,0,0,3,287553.86,0.0306,low,0.0
CUST006352,676,risky,29.4,95.11,71.81,71.92,68.56,62.6455,2.24,8,2,6,0,0,0,1,0,204177.53,1.2402,low,0.5
CUST006353,845,excellent,93.22,92.02,92.93,74.93,91.24,90.789,2.25,13,0,0,0,0,0,1,7,105658.11,0.6705,low,0.125
CUST006354,611,high_risk,16.93,91.78,80.27,39.27,23.6,51.788,4.15,9,6,6,0,0,1,0,6,196873.17,0.3998,low,0.0
CUST006355,796,excellent,98.48,85.13,60.39,40.74,95.75,82.714,11.71,4,0,0,0,0,0,0,4,200505.33,0.1521,low,0.0
CUST006356,807,excellent,90.38,90.86,84.57,40.66,88.66,84.5078,5.89,6,1,0,0,0,0,0,0,375446.45,0.0108,low,0.0
CUST006357,754,excellent,70.98,91.57,63.3,46.94,90.83,75.5874,9.0,3,1,0,0,0,0,0,6,85885.53,0.0901,low,0.0
CUST006358,637,high_risk,55.45,77.77,19.74,42.81,61.98,56.1766,14.22,0,3,1,0,0,0,0,5,203004.89,0.2415,low,0.0
CUST006359,815,excellent,89.02,77.45,96.9,74.89,94.77,85.8929,10.64,11,0,0,0,0,0,1,3,98533.26,0.9727,low,0.25
CUST006360,690,risky,30.91,96.95,87.88,61.51,56.8,64.9174,6.58,13,4,1,0,0,0,1,0,607499.21,0.9486,low,0.5
CUST006361,788,excellent,86.32,85.47,75.65,48.37,92.81,81.3192,10.68,9,0,0,0,0,0,1,0,20975.7,0.6372,low,0.5
CUST006362,809,excellent,96.11,90.23,71.87,48.74,84.38,84.7987,4.73,5,1,0,0,0,0,0,0,12870.39,0.0522,low,0.0
CUST006363,827,excellent,85.48,88.61,94.72,78.58,92.48,87.8166,4.94,13,0,0,0,0,0,1,3,123988.8,0.4699,low,0.25
CUST006364,812,excellent,87.8,89.53,99.23,33.53,95.35,85.3593,0.93,14,0,0,0,0,0,0,7,121240.59,0.1163,low,0.0
CUST006365,769,excellent,74.8,76.71,97.1,52.31,91.69,78.1564,12.54,15,1,0,0,0,0,1,5,75740.17,0.4877,low,0.1667
CUST006366,794,excellent,85.75,87.98,78.19,65.72,75.62,82.2666,13.19,8,2,0,0,0,0,1,0,214365.61,0.9023,low,0.5
CUST006367,815,excellent,87.58,99.55,79.91,45.91,86.6,85.7545,1.78,6,1,0,0,0,0,0,7,65344.15,0.0998,low,0.0
CUST006368,827,excellent,99.26,96.95,66.04,69.74,70.79,87.7851,0.05,8,2,0,0,0,0,1,7,115240.34,0.4803,low,0.125
CUST006369,823,excellent,99.54,80.89,99.13,48.01,84.01,87.1774,10.91,14,1,0,0,0,0,1,5,182505.5,0.6046,low,0.1667
CUST006370,831,excellent,98.91,99.15,65.05,55.43,87.61,88.427,3.48,7,1,0,0,0,0,1,0,37990.63,0.339,low,0.5
CUST006371,798,excellent,78.18,95.2,90.07,44.23,91.22,82.975,6.45,13,0,0,0,0,0,0,5,24051.3,0.0267,low,0.0
CUST006372,786,excellent,93.84,82.66,67.47,52.02,80.27,80.9911,10.34,5,1,0,0,0,0,1,0,267716.51,0.8137,low,0.5
CUST006373,805,excellent,99.87,84.22,73.94,35.01,93.43,84.1538,11.09,9,0,0,0,0,0,0,7,115186.05,0.1352,low,0.0
CUST006374,805,excellent,95.97,93.32,45.61,72.76,84.73,84.1735,1.3,1,1,0,0,0,0,1,1,197101.26,0.8808,low,0.5
CUST006375,810,excellent,88.27,92.4,89.48,32.07,96.96,84.9397,2.75,11,0,0,0,0,0,0,0,332327.21,0.1177,low,0.0
CUST006376,813,excellent,96.18,89.76,90.01,30.99,83.75,85.5684,0.34,14,1,0,0,0,0,0,1,69818.92,0.1124,low,0.0
CUST006377,600,high_risk,6.16,82.27,99.46,46.38,36.21,50.0157,13.41,20,5,5,1,0,0,0,0,55658.11,0.2192,low,0.0
CUST006378,746,good,78.25,75.65,85.76,33.85,80.78,74.4108,10.6,13,1,1,0,0,0,0,4,108128.02,0.1331,low,0.0
CUST006379,821,excellent,95.42,90.53,75.31,60.7,88.67,86.7902,3.53,5,1,0,0,0,0,1,1,102417.14,0.5924,low,0.5
CUST006380,793,excellent,87.16,96.66,59.95,41.53,94.68,82.118,5.35,3,0,0,0,0,0,0,7,70162.35,0.0891,low,0.0
CUST006381,817,excellent,98.06,98.05,65.36,31.61,94.04,86.1052,7.47,6,0,0,0,0,0,0,0,165938.95,0.0976,low,0.0
CUST006382,801,excellent,88.35,89.46,69.34,62.76,90.07,83.4432,4.76,5,0,0,0,0,0,1,0,89262.81,0.7126,low,0.5
CUST006383,729,good,87.51,89.06,12.41,30.79,91.35,71.4193,14.94,0,0,0,0,0,0,0,5,166866.06,0.1425,low,0.0
CUST006384,793,excellent,88.73,88.6,46.11,77.07,98.69,82.1311,6.77,3,0,0,0,0,0,1,3,260290.4,0.8981,low,0.25
CUST006385,814,excellent,93.92,95.98,59.04,63.4,88.8,85.7431,9.88,2,1,0,0,0,0,1,7,478017.22,0.6724,low,0.125
CUST006386,680,risky,37.89,92.14,69.7,47.45,71.85,63.287,8.59,9,2,2,0,0,0,0,6,123091.08,0.0871,low,0.0
CUST006387,832,excellent,98.42,91.67,96.22,30.23,92.31,88.6361,6.9,11,0,0,0,0,0,0,6,137111.15,0.1398,low,0.0
CUST006388,692,risky,41.0,85.91,86.87,30.97,90.58,65.3069,14.99,20,0,1,0,0,0,0,1,104350.92,0.0556,low,0.0
CUST006389,768,excellent,97.32,87.02,31.0,49.28,82.78,78.0247,10.24,1,1,0,0,0,0,0,5,345305.1,0.0978,low,0.0
CUST006390,651,risky,38.58,78.16,69.12,72.95,48.45,58.4569,10.39,6,3,4,0,0,0,1,1,93014.25,1.2545,low,0.5
CUST006391,773,excellent,79.35,92.25,79.55,33.84,80.03,78.7664,7.34,6,1,1,0,0,0,0,4,81476.65,0.0202,low,0.0
CUST006392,693,risky,49.1,77.88,92.63,45.71,64.89,65.5066,11.34,14,3,1,0,0,0,0,3,25579.1,0.1431,low,0.0
CUST006393,779,excellent,96.82,92.52,38.15,30.93,94.41,79.8991,6.68,1,0,0,0,0,0,0,3,49178.72,0.1195,low,0.0
CUST006394,768,excellent,85.49,78.52,77.8,33.52,95.31,78.0301,14.04,7,0,0,0,0,0,0,3,96280.35,0.1131,low,0.0
CUST006395,606,high_risk,7.08,91.21,57.81,74.35,60.41,50.9886,1.19,2,4,3,1,0,0,1,6,19309.42,2.1575,moderate,0.1429
CUST006396,779,excellent,88.58,95.17,47.55,49.57,81.37,79.7817,2.75,1,1,0,0,0,0,0,0,59261.41,0.1649,low,0.0
CUST006397,688,risky,62.17,94.65,38.75,46.48,41.25,64.7413,4.83,1,4,3,0,0,0,0,4,177483.07,0.2364,low,0.0
CUST006398,653,risky,21.06,89.67,95.87,32.58,69.13,58.8251,6.03,14,2,3,0,0,1,0,6,24150.48,0.2506,low,0.0
CUST006399,601,high_risk,10.26,84.23,77.42,63.1,43.24,50.1063,11.48,5,3,3,0,0,0,1,0,149669.94,1.7321,moderate,0.5
CUST006400,630,high_risk,45.71,78.28,43.48,47.73,41.74,54.9546,12.82,1,3,3,0,0,0,0,7,66815.08,0.0379,low,0.0
CUST006401,569,high_risk,16.16,92.68,11.3,31.79,64.59,44.7913,7.65,0,4,8,0,0,1,0,2,139442.17,0.5619,low,0.0
CUST006402,840,excellent,97.76,93.99,82.36,62.56,89.6,89.9852,6.77,7,1,0,0,0,0,1,4,25863.06,0.9821,low,0.2
CUST006403,741,good,59.62,95.94,90.1,49.67,54.03,73.5322,7.81,18,3,2,0,0,0,0,5,17487.49,0.1749,low,0.0
CUST006404,801,excellent,86.85,89.33,93.58,34.15,89.08,83.5562,13.59,10,1,0,0,0,0,0,5,154327.92,0.1063,low,0.0
CUST006405,608,high_risk,27.97,89.79,48.3,45.74,28.29,51.3753,9.09,2,6,3,0,0,1,0,3,125489.09,0.4017,low,0.0
CUST006406,621,high_risk,6.22,85.12,94.37,43.24,72.65,53.4576,14.35,18,2,4,1,1,1,0,5,90499.99,0.3261,low,0.0
CUST006407,828,excellent,85.76,98.77,96.47,44.41,94.42,88.0011,5.34,20,0,0,0,0,0,0,6,143714.47,0.1406,low,0.0
CUST006408,789,excellent,87.12,93.09,85.22,34.1,68.34,81.4471,7.12,19,2,0,0,0,0,0,0,58145.98,0.0205,low,0.0
CUST006409,838,excellent,96.95,90.55,90.63,52.2,97.49,89.6601,2.47,12,0,0,0,0,0,1,1,34091.9,0.9474,low,0.5
CUST006410,765,excellent,78.93,92.19,55.63,43.65,95.82,77.5748,5.31,4,0,1,0,0,0,0,1,79564.41,0.0111,low,0.0
CUST006411,706,good,67.13,88.21,31.98,45.46,83.16,67.6183,9.9,0,1,1,0,0,0,0,7,29445.41,0.1505,low,0.0
CUST006412,835,excellent,89.64,99.42,98.52,41.12,90.87,89.1768,7.36,15,0,0,0,0,0,0,4,83187.78,0.0315,low,0.0
CUST006413,811,excellent,98.9,99.27,52.92,44.12,84.16,85.1632,0.14,2,1,0,0,0,0,0,3,245335.11,0.0446,low,0.0
CUST006414,848,excellent,94.28,99.88,79.24,73.56,90.88,91.2906,7.61,9,1,0,0,0,0,1,1,24262.63,0.6252,low,0.5
CUST006415,820,excellent,86.94,89.71,91.04,63.55,93.51,86.7056,4.79,11,0,0,0,0,0,1,5,140693.87,0.6967,low,0.1667
CUST006416,766,excellent,76.68,81.71,87.67,37.48,93.91,77.6421,13.73,16,0,1,0,0,0,0,3,41238.24,0.0709,low,0.0
CUST006417,842,excellent,94.98,97.96,99.73,32.9,94.01,90.2823,2.93,20,0,0,0,0,0,0,6,16352.28,0.11,low,0.0
CUST006418,717,good,49.12,89.77,65.95,63.7,90.44,69.4303,11.92,9,1,2,0,0,0,1,4,136630.41,0.961,low,0.2
CUST006419,595,high_risk,26.12,45.02,84.14,52.79,86.9,49.2397,59.92,9,1,1,0,0,0,0,4,157211.78,0.2155,low,0.0
CUST006420,842,excellent,95.79,92.72,87.19,79.01,80.74,90.3975,8.88,11,1,0,0,0,0,1,7,16165.21,0.7273,low,0.125
CUST006421,796,excellent,96.76,81.8,74.21,55.91,75.02,82.6294,14.69,7,2,0,0,0,0,1,6,57152.07,0.9599,low,0.1429
CUST006422,830,excellent,99.91,83.47,81.07,74.3,86.93,88.291,11.9,6,1,0,0,0,0,1,3,18437.55,0.9637,low,0.25
CUST006423,815,excellent,93.45,88.52,79.01,53.58,93.5,85.8225,10.91,5,0,0,0,0,0,1,1,67148.66,0.682,low,0.5
CUST006424,787,excellent,85.55,92.27,67.42,34.22,99.77,81.1358,9.8,7,0,0,0,0,0,0,1,80298.11,0.0518,low,0.0
CUST006425,818,excellent,99.12,93.35,49.63,70.24,91.87,86.3536,6.41,3,1,0,0,0,0,1,0,63322.63,0.3384,low,0.5
CUST006426,764,excellent,69.89,88.02,89.45,36.52,94.28,77.3645,11.69,16,0,0,0,0,0,0,5,142781.51,0.1299,low,0.0
CUST006427,767,excellent,96.93,37.64,99.32,85.2,91.4,77.7754,50.92,14,0,0,0,0,0,2,4,18011.34,0.7779,low,0.3333
CUST006428,821,excellent,97.9,83.05,95.16,34.66,98.77,86.7971,10.16,19,0,0,0,0,0,0,0,40098.87,0.0423,low,0.0
CUST006429,778,excellent,85.62,85.6,65.07,47.43,95.09,79.6587,11.7,5,0,0,0,0,0,0,6,20632.09,0.1157,low,0.0
CUST006430,832,excellent,96.6,97.8,70.01,62.08,88.32,88.6894,7.27,7,1,0,0,0,0,1,0,45576.78,0.676,low,0.5
CUST006431,692,risky,62.6,88.98,68.17,45.03,20.24,65.3548,6.69,6,5,2,0,0,0,0,1,104329.57,0.0592,low,0.0
CUST006432,800,excellent,87.0,96.24,82.26,47.2,68.89,83.2698,3.62,8,2,0,0,0,0,0,5,350816.95,0.1082,low,0.0
CUST006433,697,risky,37.66,89.71,87.12,78.89,51.02,66.1524,5.77,15,3,2,0,0,0,1,2,84195.6,0.9348,low,0.3333
CUST006434,765,excellent,91.46,78.9,52.0,49.37,91.62,77.5792,14.87,2,1,0,0,0,0,0,2,36728.87,0.1607,low,0.0
CUST006435,775,excellent,90.35,99.29,36.48,30.39,92.05,79.1259,4.25,1,0,0,0,0,0,0,6,159583.93,0.1167,low,0.0
CUST006436,708,good,54.02,94.74,65.9,33.16,74.95,68.0253,9.38,6,2,4,0,0,0,0,0,131442.19,0.1149,low,0.0
CUST006437,774,excellent,92.45,77.89,65.97,41.45,92.05,78.9701,13.17,7,0,0,0,0,0,0,6,90777.84,0.1006,low,0.0
CUST006438,720,good,53.04,87.27,84.33,43.51,82.79,70.0259,11.57,6,1,2,0,0,0,0,5,33790.74,0.2105,low,0.0
CUST006439,755,excellent,90.33,88.33,36.3,30.83,92.39,75.8818,8.07,1,0,0,0,0,0,0,3,106299.49,0.1151,low,0.0
CUST006440,787,excellent,88.23,88.39,73.28,30.1,98.44,81.2435,6.42,7,0,0,0,0,0,0,4,269016.39,0.1571,low,0.0
CUST006441,702,good,56.86,86.43,78.57,49.32,44.73,67.0216,11.09,8,4,4,0,0,0,0,3,68993.98,0.0324,low,0.0
CUST006442,695,risky,34.89,93.14,85.69,66.2,71.7,65.7969,6.04,16,2,3,0,0,0,1,7,60031.22,1.1411,low,0.125
CUST006443,807,excellent,96.83,94.16,55.83,47.82,91.78,84.4745,6.74,4,0,0,0,0,0,0,2,35818.48,0.0911,low,0.0
CUST006444,652,risky,18.92,99.95,79.98,48.24,51.83,58.6089,5.07,5,3,4,0,0,1,0,6,33839.52,0.3328,low,0.0
CUST006445,842,excellent,93.51,97.72,68.97,79.92,99.39,90.3217,3.28,7,0,0,0,0,0,1,4,114477.19,0.5476,low,0.2
CUST006446,811,excellent,96.36,89.11,76.07,50.23,83.52,85.2448,5.19,8,1,0,0,0,0,1,5,255474.86,0.9296,low,0.1667
CUST006447,678,risky,46.51,94.11,46.49,45.62,69.19,62.9661,5.33,1,2,2,0,0,0,0,7,53564.19,0.0508,low,0.0
CUST006448,791,excellent,89.39,87.65,55.58,63.84,96.13,81.9142,11.59,4,0,0,0,0,0,1,4,67876.94,0.4206,low,0.2
CUST006449,810,excellent,85.05,93.15,79.27,60.02,94.72,85.0771,3.07,8,0,0,0,0,0,1,7,391366.91,0.3969,low,0.125
CUST006450,815,excellent,98.33,98.08,65.48,53.57,68.36,85.8545,1.97,5,2,0,0,0,0,1,5,85160.11,0.6529,low,0.1667
CUST006451,793,excellent,95.52,94.61,48.33,36.09,94.74,82.1487,0.3,1,0,0,0,0,0,0,3,146080.71,0.051,low,0.0
CUST006452,820,excellent,99.08,95.45,67.19,39.69,93.36,86.6968,6.76,6,0,0,0,0,0,0,5,36246.42,0.1549,low,0.0
CUST006453,734,good,92.69,48.62,74.01,48.06,93.87,72.3233,58.15,9,0,0,0,0,0,0,0,76136.16,0.1319,low,0.0
CUST006454,838,excellent,88.15,92.87,97.31,78.09,85.1,89.63,2.87,15,1,0,0,0,0,1,7,50402.76,0.9632,low,0.125
CUST006455,-1,no_history,98.11,97.21,28.09,34.68,83.99,79.5787,5.64,0,1,0,0,0,0,0,4,151503.46,0.0584,low,0.0
CUST006456,834,excellent,96.67,89.74,93.47,48.25,94.34,89.0345,2.79,12,0,0,0,0,0,0,6,275564.69,0.0649,low,0.0
CUST006457,715,good,53.63,87.75,87.79,47.08,62.19,69.1918,12.68,10,3,4,0,0,0,0,3,63420.18,0.1767,low,0.0
CUST006458,677,risky,27.76,88.09,97.49,40.78,79.9,62.8334,13.67,20,2,2,0,0,0,0,5,115280.94,0.0826,low,0.0
CUST006459,659,risky,42.9,79.11,56.45,49.32,76.39,59.7853,12.78,2,2,3,0,0,0,0,6,131324.07,0.1329,low,0.0
CUST006460,794,excellent,98.48,96.22,37.32,46.0,88.56,82.3871,8.96,1,1,0,0,0,0,0,4,80669.95,0.1656,low,0.0
CUST006461,835,excellent,99.2,93.67,88.85,31.38,99.18,89.2064,8.69,19,0,0,0,0,0,0,4,15136.44,0.0505,low,0.0
CUST006462,729,good,75.38,80.18,52.08,38.04,93.92,71.4445,13.66,2,0,0,0,0,0,0,0,167088.72,0.1308,low,0.0
CUST006463,763,excellent,87.88,79.58,46.73,57.21,98.69,77.2319,13.62,3,0,0,0,0,0,1,7,44977.79,0.5558,low,0.125
CUST006464,840,excellent,98.05,90.41,96.52,47.21,93.01,89.9427,5.44,14,0,0,0,0,0,0,7,238171.46,0.0587,low,0.0
CUST006465,766,excellent,88.37,78.06,46.2,68.72,95.95,77.7444,13.62,4,0,0,0,0,0,1,7,82132.84,0.8382,low,0.125
CUST006466,843,excellent,94.24,96.97,94.42,59.24,84.15,90.5769,9.61,20,1,0,0,0,0,1,4,115541.32,0.5522,low,0.2
CUST006467,704,good,42.38,98.49,63.42,42.48,91.16,67.2578,0.6,4,0,1,0,0,0,0,0,55972.49,0.0528,low,0.0
CUST006468,641,high_risk,22.34,93.31,76.44,39.32,56.45,56.8532,5.4,9,4,8,0,0,1,0,1,1266042.38,0.5897,low,0.0
CUST006469,765,excellent,85.42,88.53,50.38,48.36,86.0,77.4506,8.76,3,1,0,0,0,0,1,7,85990.19,0.4816,low,0.125
CUST006470,784,excellent,93.89,67.22,86.29,60.54,86.07,80.6323,30.41,16,1,0,0,0,0,0,1,24838.47,0.0908,low,0.0
CUST006471,827,excellent,96.96,88.71,79.78,54.55,98.81,87.849,0.62,6,0,0,0,0,0,1,4,25698.49,0.8396,low,0.2
CUST006472,765,excellent,95.74,86.89,11.84,78.73,82.41,77.4644,10.77,0,1,0,0,0,0,2,5,710995.29,0.6378,low,0.2857
CUST006473,652,risky,11.4,89.04,98.59,63.3,78.55,58.6755,3.05,15,2,8,0,0,0,1,3,41128.08,1.8202,moderate,0.25
CUST006474,835,excellent,97.72,89.8,82.4,76.19,81.12,89.2304,7.31,6,1,0,0,0,0,1,3,56289.66,0.6697,low,0.25
CUST006475,775,excellent,58.51,94.3,97.48,71.1,97.15,79.2149,5.8,16,0,3,0,0,0,1,2,188052.52,1.4932,low,0.3333
CUST006476,838,excellent,99.5,82.85,96.24,67.71,87.14,89.6008,13.99,10,1,0,0,0,0,1,2,66426.11,0.6444,low,0.3333
CUST006477,817,excellent,93.29,95.68,59.82,63.92,93.77,86.0963,6.84,4,0,0,0,0,0,1,2,176761.72,0.6347,low,0.3333
CUST006478,785,excellent,98.44,77.65,66.53,32.8,98.76,80.8845,12.32,5,0,0,0,0,0,0,3,45301.22,0.1633,low,0.0
CUST006479,799,excellent,77.7,92.78,99.83,35.93,96.4,83.2346,0.43,10,0,1,0,0,0,0,4,106664.31,0.0176,low,0.0
CUST006480,587,high_risk,8.45,94.71,44.83,69.9,37.34,47.8193,2.03,1,5,5,1,0,0,1,6,193790.32,1.8299,moderate,0.1429
CUST006481,642,high_risk,25.34,82.34,99.99,36.49,47.12,56.9306,11.84,10,4,6,0,0,1,0,3,46465.8,0.2772,low,0.0
CUST006482,672,risky,63.26,80.75,45.27,31.07,56.56,61.9167,14.0,2,3,4,0,0,0,0,5,60937.6,0.2047,low,0.0
CUST006483,830,excellent,91.11,86.67,88.44,79.4,91.88,88.2843,12.14,14,1,0,0,0,0,1,4,153494.03,0.8344,low,0.2
CUST006484,578,high_risk,26.93,88.27,24.49,31.52,36.33,46.3644,9.25,0,5,7,0,0,1,0,5,25014.28,0.5801,low,0.0
CUST006485,815,excellent,97.01,88.34,83.52,31.49,97.59,85.8921,8.33,9,0,0,0,0,0,0,7,35072.77,0.1183,low,0.0
CUST006486,757,excellent,93.85,90.39,34.85,44.08,65.88,76.188,3.01,0,2,0,0,0,0,0,7,156837.58,0.1434,low,0.0
CUST006487,678,risky,42.94,81.6,75.8,35.86,84.98,62.9623,13.42,7,1,1,0,0,0,0,0,94130.96,0.0347,low,0.0
CUST006488,830,excellent,94.6,86.94,95.45,53.73,94.83,88.3622,11.85,19,0,0,0,0,0,1,3,40420.46,0.5511,low,0.25
CUST006489,645,high_risk,45.43,88.74,33.48,39.0,61.01,57.5444,10.7,1,3,4,0,0,0,0,3,31598.01,0.1975,low,0.0
CUST006490,846,excellent,97.24,96.12,93.72,45.92,94.21,90.94,6.02,14,0,0,0,0,0,1,7,54810.76,0.8473,low,0.125
CUST006491,707,good,51.22,84.24,78.54,40.5,87.36,67.7648,11.48,5,1,4,0,0,0,0,2,28492.51,0.0057,low,0.0
CUST006492,790,excellent,97.93,91.79,39.0,47.55,92.62,81.6795,2.67,1,0,0,0,0,0,0,7,75678.68,0.1159,low,0.0
CUST006493,853,excellent,99.01,90.64,91.34,74.26,92.73,92.2438,0.44,12,0,0,0,0,0,1,6,95601.78,0.9106,low,0.1429
CUST006494,786,excellent,87.35,94.73,56.64,36.96,97.69,80.9529,8.03,2,0,0,0,0,0,0,5,173810.67,0.1072,low,0.0
CUST006495,600,high_risk,8.21,89.02,96.91,34.07,25.2,50.0407,10.0,11,5,1,1,1,1,0,3,114788.1,0.2597,low,0.0
CUST006496,694,risky,55.45,78.54,90.73,36.52,54.27,65.6586,13.49,10,4,2,0,0,0,0,7,57491.7,0.0841,low,0.0
CUST006497,807,excellent,98.03,81.36,82.77,43.65,90.42,84.5394,13.24,6,0,0,0,0,0,0,6,62345.78,0.1272,low,0.0
CUST006498,773,excellent,75.01,89.47,46.01,90.15,98.18,78.828,5.5,2,0,1,0,0,0,2,1,71043.54,0.9263,low,0.6667
CUST006499,809,excellent,87.28,95.38,65.68,63.12,94.52,84.7807,9.25,5,0,0,0,0,0,1,2,169540.05,0.6419,low,0.3333
CUST006500,804,excellent,85.32,99.9,71.56,42.3,92.14,84.009,8.37,7,0,0,0,0,0,0,0,145048.12,0.0111,low,0.0
CUST006501,808,excellent,95.76,90.21,73.18,33.87,97.18,84.6599,1.31,9,0,0,0,0,0,0,7,161632.17,0.1423,low,0.0
CUST006502,588,high_risk,21.96,76.19,61.59,39.82,43.08,48.0713,11.65,2,3,7,0,0,1,0,5,26809.22,0.5888,low,0.0
CUST006503,826,excellent,91.95,99.6,88.65,41.19,81.52,87.6305,2.58,14,1,0,0,0,0,0,7,39091.54,0.0268,low,0.0
CUST006504,798,excellent,88.58,97.04,68.91,32.97,92.9,83.0387,9.21,5,0,0,0,0,0,0,6,212101.66,0.1408,low,0.0
CUST006505,722,good,39.04,91.94,98.15,66.31,87.2,70.3172,3.49,11,1,3,0,0,0,1,0,52837.6,1.35,low,0.5
CUST006506,746,good,95.49,64.27,30.76,76.63,93.27,74.3079,34.08,0,0,0,0,0,0,1,0,44019.84,0.4437,low,0.5
CUST006507,761,excellent,89.5,75.18,69.17,32.45,94.1,76.9101,12.71,7,0,0,0,0,0,0,3,488648.24,0.1416,low,0.0
CUST006508,752,excellent,76.03,83.96,48.1,64.45,98.31,75.291,12.12,4,0,1,0,0,0,1,1,197154.78,0.6469,low,0.5
CUST006509,817,excellent,89.84,89.24,85.6,60.13,91.45,86.2157,6.39,13,1,0,0,0,0,1,2,119184.59,0.5425,low,0.3333
CUST006510,819,excellent,93.54,89.36,81.81,68.09,79.24,86.5507,5.8,6,2,0,0,0,0,1,2,144951.92,0.6329,low,0.3333
CUST006511,685,risky,57.41,92.12,39.32,30.56,75.65,64.25,5.98,1,2,1,0,0,0,0,7,34282.24,0.1366,low,0.0
CUST006512,835,excellent,95.94,98.89,78.12,42.96,98.56,89.1134,4.25,8,0,0,0,0,0,0,2,230605.96,0.1248,low,0.0
CUST006513,628,high_risk,16.37,92.25,83.3,48.05,40.21,54.7272,5.53,9,3,3,0,0,1,0,6,42317.99,0.6456,low,0.0
CUST006514,768,excellent,70.9,92.71,87.34,40.23,82.56,78.0061,8.94,10,1,0,0,0,0,0,1,25094.39,0.022,low,0.0
CUST006515,681,risky,52.99,92.37,54.11,31.49,59.43,63.4677,5.01,2,3,1,0,0,0,0,2,149395.24,0.099,low,0.0
CUST006516,719,good,95.43,41.72,62.45,47.17,98.85,69.8834,52.29,2,0,0,0,0,0,1,3,112474.41,0.8936,low,0.25
CUST006517,776,excellent,90.18,95.77,36.15,45.29,90.75,79.3186,8.18,1,1,0,0,0,0,0,0,129649.77,0.1507,low,0.0
CUST006518,689,risky,47.17,87.19,74.58,32.55,77.63,64.8711,10.83,6,2,3,0,0,0,0,1,101711.75,0.1207,low,0.0
CUST006519,813,excellent,95.69,85.75,77.39,48.15,98.19,85.4588,10.9,5,0,0,0,0,0,0,6,48682.8,0.1417,low,0.0
CUST006520,763,excellent,86.09,79.49,66.41,35.3,96.17,77.0868,13.84,5,0,0,0,0,0,0,6,49060.82,0.0563,low,0.0
CUST006521,615,high_risk,1.92,91.14,88.95,47.69,62.93,52.4185,5.48,14,3,7,0,1,1,0,5,296053.22,0.4061,low,0.0
CUST006522,635,high_risk,28.69,82.22,88.89,38.03,40.43,55.8872,12.0,11,4,6,0,0,1,0,7,139627.06,0.1965,low,0.0
CUST006523,729,good,53.89,91.46,88.79,46.9,72.17,71.5274,7.65,13,2,2,0,0,0,0,4,95287.32,0.132,low,0.0
CUST006524,805,excellent,97.41,77.83,98.21,62.62,57.33,84.1694,21.11,14,3,0,0,0,0,1,5,111091.74,0.8,low,0.1667
CUST006525,806,excellent,89.51,87.03,86.23,61.18,79.26,84.4134,10.51,11,2,0,0,0,0,1,1,123988.74,0.9317,low,0.5
CUST006526,797,excellent,85.46,93.05,55.96,77.05,88.4,82.7639,3.93,2,1,0,0,0,0,2,1,101255.88,0.3609,low,0.6667
CUST006527,778,excellent,89.17,87.84,42.99,61.23,95.34,79.6675,11.58,1,0,0,0,0,0,1,1,221664.38,0.7846,low,0.5
CUST006528,846,excellent,89.78,96.26,90.63,77.08,93.83,90.9871,1.69,19,0,0,0,0,0,1,7,157833.71,0.9841,low,0.125
CUST006529,757,excellent,68.84,86.26,66.29,86.31,76.46,76.1911,10.37,7,2,1,0,0,0,2,5,208466.62,0.3606,low,0.2857
CUST006530,793,excellent,79.52,89.83,86.65,46.26,97.68,82.1736,4.18,13,0,0,0,0,0,0,5,148293.97,0.0529,low,0.0
CUST006531,824,excellent,95.29,95.53,88.26,30.1,91.29,87.3889,5.4,17,1,0,0,0,0,0,4,145063.42,0.0409,low,0.0
CUST006532,808,excellent,73.0,99.4,86.38,71.11,91.62,84.6008,7.45,10,1,0,0,0,0,1,6,91381.13,0.8953,low,0.1429
CUST006533,694,risky,41.97,90.83,91.79,41.59,58.64,65.7286,9.74,12,3,2,0,0,0,0,7,172120.34,0.2325,low,0.0
CUST006534,722,good,90.15,44.4,64.41,58.01,99.88,70.3246,54.56,4,0,0,0,0,0,2,6,69871.0,0.8197,low,0.25
CUST006535,813,excellent,90.61,98.61,45.06,82.16,92.98,85.5685,3.84,1,0,0,0,0,0,2,6,326563.41,0.5815,low,0.25
CUST006536,835,excellent,96.0,99.04,82.75,46.27,88.33,89.1846,1.28,9,1,0,0,0,0,0,3,66163.13,0.1595,low,0.0
CUST006537,648,high_risk,36.91,99.88,10.41,44.29,91.75,58.0473,3.3,0,1,3,0,0,0,0,7,90946.94,0.1788,low,0.0
CUST006538,848,excellent,97.25,96.28,95.12,60.15,80.99,91.3061,5.26,12,1,0,0,0,0,1,7,35457.3,0.4735,low,0.125
CUST006539,641,high_risk,31.54,99.29,31.8,48.76,64.13,56.8836,0.58,0,3,4,0,0,0,0,1,119440.03,0.0315,low,0.0
CUST006540,620,high_risk,27.64,84.57,30.0,64.3,84.27,53.4045,10.79,1,1,1,0,0,0,1,1,536068.09,1.4989,low,0.5
CUST006541,813,excellent,96.16,94.51,60.25,46.91,97.58,85.496,9.7,2,0,0,0,0,0,0,3,232381.94,0.0417,low,0.0
CUST006542,797,excellent,90.15,96.21,45.13,61.51,95.78,82.9129,3.59,4,0,0,0,0,0,1,2,197609.84,0.9558,low,0.3333
CUST006543,515,high_risk,11.15,76.64,14.75,44.39,23.58,35.9063,12.87,0,6,6,1,1,1,0,5,228722.14,0.6538,low,0.0
CUST006544,714,good,46.7,87.16,91.69,34.44,92.82,68.9736,14.35,20,0,2,0,0,0,0,3,53197.04,0.0034,low,0.0
CUST006545,770,excellent,85.23,91.37,52.34,44.01,88.34,78.3283,4.72,3,1,0,0,0,0,0,6,55900.8,0.1634,low,0.0
CUST006546,813,excellent,98.27,85.79,65.19,65.22,91.14,85.5443,13.52,5,0,0,0,0,0,1,1,260341.36,0.8657,low,0.5
CUST006547,794,excellent,78.58,91.78,92.67,45.34,89.23,82.3959,6.31,15,1,0,0,0,0,1,5,23002.36,0.9843,low,0.1667
CUST006548,839,excellent,99.62,96.67,89.19,35.0,90.3,89.7763,5.53,11,0,0,0,0,0,0,2,132877.92,0.0018,low,0.0
CUST006549,784,excellent,98.89,90.36,49.22,33.04,83.35,80.7413,6.85,4,1,0,0,0,0,0,0,732535.85,0.0622,low,0.0
CUST006550,732,good,64.54,63.95,96.36,61.45,96.87,72.0601,45.92,18,0,4,0,0,0,0,0,76917.64,0.0431,low,0.0
CUST006551,821,excellent,95.43,91.85,74.74,56.13,91.21,86.8985,6.39,5,0,0,0,0,0,1,3,51453.3,0.9127,low,0.25
CUST006552,781,excellent,90.21,76.86,64.14,60.57,99.37,80.2452,10.25,3,0,0,0,0,0,1,7,34778.75,0.5363,low,0.125
CUST006553,801,excellent,93.44,78.19,99.98,33.89,90.31,83.5788,12.84,13,1,0,0,0,0,0,7,101163.3,0.121,low,0.0
CUST006554,682,risky,34.69,89.89,90.26,46.3,63.59,63.6348,5.31,20,3,4,0,0,0,0,0,43621.57,0.2451,low,0.0
CUST006555,850,excellent,96.77,99.32,72.39,73.98,97.17,91.6373,6.19,5,0,0,0,0,0,1,3,255125.19,0.7651,low,0.25
CUST006556,830,excellent,93.74,88.18,96.55,49.45,96.66,88.3554,5.96,12,0,0,0,0,0,0,5,158009.97,0.1232,low,0.0
CUST006557,786,excellent,96.99,95.39,33.02,43.46,92.08,81.071,5.38,1,0,0,0,0,0,0,3,195410.09,0.1423,low,0.0
CUST006558,771,excellent,91.31,90.92,34.88,43.89,95.93,78.447,4.99,0,0,0,0,0,0,0,6,124880.29,0.1401,low,0.0
CUST006559,792,excellent,91.42,76.82,91.74,47.06,84.19,81.9293,12.77,11,1,0,0,0,0,0,6,131998.48,0.1289,low,0.0
CUST006560,831,excellent,98.75,83.37,99.78,51.2,89.18,88.5788,12.13,11,1,0,0,0,0,1,2,36684.66,0.8991,low,0.3333
CUST006561,774,excellent,88.45,92.6,48.33,43.85,85.68,78.938,9.9,2,1,0,0,0,0,0,2,788276.39,0.0806,low,0.0
CUST006562,844,excellent,98.1,93.52,94.33,48.07,93.97,90.7444,4.95,16,0,0,0,0,0,0,2,29659.37,0.1248,low,0.0
CUST006563,776,excellent,93.87,96.35,36.85,30.3,90.25,79.3408,9.89,1,0,0,0,0,0,0,7,78810.35,0.1517,low,0.0
CUST006564,779,excellent,67.36,96.35,94.87,43.5,87.75,79.8362,7.64,18,1,1,0,0,0,0,1,45802.05,0.0065,low,0.0
CUST006565,824,excellent,97.07,99.76,58.92,49.41,95.88,87.2685,0.06,2,0,0,0,0,0,0,3,329217.07,0.1389,low,0.0
CUST006566,790,excellent,73.83,93.04,79.32,66.13,94.82,81.7442,4.83,6,0,1,0,0,0,1,3,36548.52,0.9042,low,0.25
CUST006567,582,high_risk,20.09,77.4,56.46,31.88,51.25,47.0335,12.27,4,4,3,0,0,1,0,7,185249.14,0.4682,low,0.0
CUST006568,838,excellent,90.03,91.41,99.88,61.96,95.99,89.7094,8.31,16,0,0,0,0,0,1,1,35374.02,0.7671,low,0.5
CUST006569,752,excellent,96.46,93.5,35.01,37.88,44.24,75.2728,7.55,1,3,0,0,0,0,0,2,165656.33,0.101,low,0.0
CUST006570,825,excellent,96.97,93.21,77.77,47.5,91.38,87.4558,0.14,5,0,0,0,0,0,0,5,49273.93,0.1394,low,0.0
CUST006571,780,excellent,97.52,94.24,30.41,30.25,99.59,79.9526,5.28,0,0,0,0,0,0,0,1,121263.24,0.0022,low,0.0
CUST006572,825,excellent,87.22,97.39,93.33,45.61,92.69,87.5732,8.82,11,0,0,0,0,0,0,7,107250.2,0.0345,low,0.0
CUST006573,823,excellent,95.1,83.34,86.93,64.57,94.01,87.1859,19.77,17,0,0,0,0,0,0,3,87916.36,0.1312,low,0.0
CUST006574,660,risky,29.38,98.34,74.42,46.44,43.67,59.9585,8.76,7,4,2,0,0,0,0,1,441682.17,0.1796,low,0.0
CUST006575,793,excellent,93.87,93.07,49.34,46.67,93.6,82.2018,4.12,1,0,0,0,0,0,0,2,186656.69,0.0733,low,0.0
CUST006576,587,high_risk,1.95,98.06,53.54,47.87,48.93,47.8112,8.97,3,4,3,0,1,1,0,6,160795.71,0.2166,low,0.0
CUST006577,705,good,59.12,91.71,67.6,36.84,54.05,67.4332,5.92,7,4,2,0,0,0,0,3,47958.42,0.1828,low,0.0
CUST006578,683,risky,32.06,95.83,94.76,30.4,65.88,63.8131,0.96,12,2,2,0,0,0,0,0,100792.49,0.0904,low,0.0
CUST006579,572,high_risk,6.44,89.45,33.3,38.76,73.74,45.3318,10.03,1,2,7,1,0,1,0,2,89755.55,0.297,low,0.0
CUST006580,789,excellent,93.63,90.69,60.88,41.63,81.59,81.4305,4.32,4,1,0,0,0,0,0,7,100996.4,0.0964,low,0.0
CUST006581,805,excellent,87.58,92.81,98.84,42.57,65.14,84.0934,4.01,16,2,0,0,0,0,0,3,58215.71,0.0402,low,0.0
CUST006582,775,excellent,73.53,92.78,80.36,47.19,88.95,79.2394,1.95,7,1,1,0,0,0,1,2,36043.89,0.7858,low,0.3333
CUST006583,811,excellent,93.4,94.19,73.57,31.89,99.22,85.0922,0.08,8,0,0,0,0,0,0,4,42574.19,0.1488,low,0.0
CUST006584,816,excellent,74.08,97.88,91.54,74.78,95.77,86.0802,6.11,18,0,1,0,0,0,2,6,186530.27,0.646,low,0.25
CUST006585,841,excellent,96.2,96.52,92.34,54.67,81.76,90.1227,8.4,15,1,0,0,0,0,1,5,139975.28,0.6625,low,0.1667
CUST006586,704,good,33.29,95.61,99.15,42.14,79.46,67.3646,3.75,12,2,1,0,0,0,0,1,55921.3,0.1204,low,0.0
CUST006587,780,excellent,86.48,75.63,82.49,53.54,92.7,79.9548,10.66,7,0,0,0,0,0,1,4,65142.85,0.9443,low,0.2
CUST006588,734,good,90.31,56.83,61.23,77.71,66.61,72.2746,49.42,2,2,0,0,0,0,1,5,169329.03,0.9921,low,0.1667
CUST006589,806,excellent,87.56,90.46,72.23,57.47,98.95,84.2585,8.89,5,0,0,0,0,0,1,0,14627.47,0.6582,low,0.5
CUST006590,831,excellent,89.31,93.88,76.37,77.13,99.76,88.5688,7.64,6,0,0,0,0,0,1,1,54665.46,0.462,low,0.5
CUST006591,823,excellent,97.42,85.6,86.67,45.75,98.13,87.1648,13.52,14,0,0,0,0,0,0,7,677423.04,0.1278,low,0.0
CUST006592,790,excellent,94.0,81.69,55.17,67.65,91.52,81.6,11.83,3,0,0,0,0,0,1,5,44238.23,0.6093,low,0.1667
CUST006593,813,excellent,92.68,88.68,93.25,53.95,70.88,85.5108,4.04,12,2,0,0,0,0,1,5,247005.37,0.914,low,0.1667
CUST006594,772,excellent,99.1,75.27,48.54,42.48,99.12,78.7073,13.51,3,0,0,0,0,0,0,6,426078.12,0.0074,low,0.0
CUST006595,807,excellent,88.42,83.72,87.93,60.73,91.54,84.4796,11.73,11,1,0,0,0,0,1,7,218274.71,0.5173,low,0.125
CUST006596,671,risky,52.03,66.98,80.71,76.54,38.21,61.8849,40.24,5,5,3,0,0,0,1,6,339713.2,0.9769,low,0.1429
CUST006597,824,excellent,92.62,89.93,92.55,49.46,91.19,87.344,8.06,16,0,0,0,0,0,0,3,404411.09,0.1041,low,0.0
CUST006598,856,excellent,98.38,98.05,99.68,43.07,96.21,92.7283,0.86,12,0,0,0,0,0,0,1,109365.38,0.1126,low,0.0
CUST006599,796,excellent,91.69,83.51,85.09,39.79,87.05,82.5922,14.51,16,1,0,0,0,0,0,5,86217.08,0.0819,low,0.0
CUST006600,638,high_risk,28.38,80.51,74.32,48.89,62.91,56.4149,10.05,6,3,3,0,0,1,0,6,210205.68,0.1764,low,0.0
CUST006601,809,excellent,86.84,83.98,96.92,64.9,82.03,84.8184,11.92,15,1,0,0,0,0,1,5,41755.97,0.8146,low,0.1667
CUST006602,833,excellent,93.97,97.42,96.68,30.81,90.65,88.762,3.86,16,0,0,0,0,0,0,2,290239.07,0.0987,low,0.0
CUST006603,614,high_risk,43.36,83.74,16.98,30.51,65.12,52.4062,14.46,0,2,2,0,0,0,0,3,390240.51,0.1373,low,0.0
CUST006604,711,good,55.21,79.62,90.17,31.42,86.52,68.5266,12.55,19,1,4,0,0,0,0,3,63580.43,0.041,low,0.0
CUST006605,825,excellent,85.12,96.88,93.57,50.53,94.75,87.4192,4.0,10,0,0,0,0,0,1,7,125318.08,0.457,low,0.125
CUST006606,575,high_risk,15.53,76.28,49.78,69.17,41.44,45.8483,10.18,1,6,3,1,0,0,1,4,173787.35,1.2817,low,0.2
CUST006607,816,excellent,89.13,89.65,98.72,46.39,85.43,86.0782,13.98,15,1,0,0,0,0,0,1,449131.9,0.0351,low,0.0
CUST006608,738,good,57.23,92.81,81.72,40.98,88.33,73.0632,4.42,7,1,4,0,0,0,0,7,41228.06,0.0593,low,0.0
CUST006609,776,excellent,99.28,97.44,19.68,32.15,91.21,79.2702,5.28,0,1,0,0,0,0,0,3,88285.76,0.1599,low,0.0
CUST006610,785,excellent,96.29,94.23,47.41,36.42,81.55,80.8816,8.85,3,1,0,0,0,0,0,5,45375.31,0.07,low,0.0
CUST006611,711,good,56.73,91.51,61.82,48.53,70.45,68.4804,2.26,2,2,4,0,0,0,0,5,52770.86,0.1905,low,0.0
CUST006612,714,good,52.18,95.36,65.05,32.17,91.52,68.995,8.21,7,1,3,0,0,0,0,5,19116.86,0.2112,low,0.0
CUST006613,823,excellent,98.16,92.31,90.41,33.04,82.28,87.1422,5.18,14,1,0,0,0,0,0,0,97516.21,0.0191,low,0.0
CUST006614,778,excellent,90.78,75.9,73.55,49.21,91.67,79.6636,11.25,9,0,0,0,0,0,0,5,54410.33,0.0213,low,0.0
CUST006615,752,excellent,86.22,81.45,45.98,40.49,97.31,75.2928,10.7,1,0,0,0,0,0,0,5,857314.81,0.0779,low,0.0
CUST006616,805,excellent,90.34,81.67,98.98,37.01,95.72,84.2377,10.07,10,0,0,0,0,0,0,6,61165.15,0.0759,low,0.0
CUST006617,683,risky,42.49,90.21,67.91,34.94,82.01,63.8142,9.97,9,1,3,0,0,0,0,7,208241.45,0.2225,low,0.0
CUST006618,623,high_risk,16.72,89.79,74.79,39.71,58.91,53.8697,13.43,7,4,8,0,0,1,0,3,26065.73,0.5163,low,0.0
CUST006619,601,high_risk,17.66,95.02,46.96,64.49,29.76,50.1562,6.53,3,5,3,0,0,0,1,7,232297.8,2.1086,moderate,0.125
CUST006620,668,risky,42.23,75.93,88.66,36.89,67.76,61.3216,14.39,12,2,1,0,0,0,0,0,59991.96,0.0381,low,0.0
CUST006621,813,excellent,89.15,92.75,84.85,45.92,92.24,85.5698,9.93,8,0,0,0,0,0,1,7,146875.62,0.8745,low,0.125
CUST006622,734,good,92.79,75.85,32.64,30.96,91.49,72.3707,12.11,0,1,0,0,0,0,0,5,167627.57,0.0578,low,0.0
CUST006623,825,excellent,86.87,92.23,90.37,58.91,99.67,87.4883,3.31,18,0,0,0,0,0,1,4,85107.41,0.4477,low,0.2
CUST006624,789,excellent,91.3,78.01,92.18,30.06,93.28,81.5167,14.36,19,0,0,0,0,0,0,7,81632.0,0.0388,low,0.0
CUST006625,817,excellent,93.86,89.29,80.52,44.91,99.58,86.1647,5.79,6,0,0,0,0,0,0,1,32557.12,0.1007,low,0.0
CUST006626,743,good,58.84,80.63,95.89,72.58,83.67,73.7914,12.73,19,1,3,0,0,0,1,4,19653.93,1.2686,low,0.2
CUST006627,780,excellent,95.06,80.7,53.33,46.84,98.04,79.969,10.06,2,0,0,0,0,0,1,6,139040.58,0.7472,low,0.1429
CUST006628,776,excellent,95.99,95.37,25.0,41.13,92.55,79.3248,8.27,0,0,0,0,0,0,0,7,67178.37,0.0622,low,0.0
CUST006629,830,excellent,95.2,85.91,99.44,46.2,97.34,88.3624,10.9,17,0,0,0,0,0,0,0,199406.42,0.1275,low,0.0
CUST006630,833,excellent,97.87,85.97,90.56,51.99,99.37,88.7667,12.08,14,0,0,0,0,0,1,3,119516.86,0.6493,low,0.25
CUST006631,599,high_risk,24.07,95.4,19.35,32.44,66.16,49.8067,1.18,0,2,6,0,0,0,0,0,258266.55,0.3721,low,0.0
CUST006632,815,excellent,98.94,82.68,83.14,55.33,84.37,85.8756,14.06,8,1,0,0,0,0,1,5,163254.4,0.8847,low,0.1667
CUST006633,661,risky,20.72,89.54,88.62,79.08,57.88,60.1036,10.28,14,3,8,0,0,0,1,5,1237265.62,1.7705,moderate,0.1667
CUST006634,711,good,53.03,91.34,71.0,76.26,52.24,68.4638,6.58,7,3,2,0,0,0,1,0,205336.5,1.4767,low,0.5
CUST006635,682,risky,27.34,98.51,97.55,37.02,62.41,63.6981,8.59,14,4,4,0,0,1,0,2,280417.83,0.1909,low,0.0
CUST006636,825,excellent,90.37,96.33,74.23,59.66,98.68,87.4962,0.29,6,0,0,0,0,0,1,5,926770.08,0.4058,low,0.1667
CUST006637,696,risky,41.65,82.35,94.8,40.08,84.22,65.9343,11.92,13,1,3,0,0,0,0,4,193846.24,0.104,low,0.0
CUST006638,792,excellent,90.51,90.87,70.1,40.04,85.64,82.0227,7.84,5,1,0,0,0,0,0,7,118727.41,0.0815,low,0.0
CUST006639,730,good,54.74,94.75,69.96,49.36,85.85,71.5992,3.81,6,1,3,0,0,0,0,7,110416.62,0.0474,low,0.0
CUST006640,688,risky,60.8,81.08,66.98,36.5,52.98,64.6001,14.69,9,3,1,0,0,0,0,2,248638.98,0.0521,low,0.0
CUST006641,738,good,79.09,78.33,30.68,74.73,97.15,72.968,13.15,1,0,0,0,0,0,1,3,206493.61,0.3939,low,0.25
CUST006642,811,excellent,94.53,90.99,79.71,37.76,90.45,85.1608,4.53,6,0,0,0,0,0,0,1,117022.24,0.0064,low,0.0
CUST006643,838,excellent,95.22,97.6,86.81,41.81,98.76,89.6866,7.46,10,0,0,0,0,0,0,0,766279.09,0.0262,low,0.0
CUST006644,751,excellent,61.84,92.8,87.14,75.66,60.78,75.1962,4.23,12,3,4,0,0,0,1,4,463153.56,1.0401,low,0.2
CUST006645,803,excellent,87.12,81.12,94.67,49.31,99.23,83.8848,10.23,16,0,0,0,0,0,0,6,87612.97,0.1269,low,0.0
CUST006646,804,excellent,85.39,89.6,90.48,42.9,93.44,83.973,5.6,14,0,0,0,0,0,0,7,114443.18,0.0777,low,0.0
CUST006647,821,excellent,90.05,89.24,95.94,48.54,93.18,86.8522,12.45,12,0,0,0,0,0,0,1,297033.74,0.1412,low,0.0
CUST006648,716,good,59.91,86.37,87.33,47.28,46.86,69.3934,13.98,11,4,1,0,0,0,0,2,99921.51,0.1242,low,0.0
CUST006649,822,excellent,92.89,97.71,69.1,48.1,99.93,86.9949,5.27,6,0,0,0,0,0,1,2,139070.66,0.8179,low,0.3333
CUST006650,839,excellent,91.62,97.17,97.75,49.14,90.13,89.8065,5.96,20,0,0,0,0,0,0,5,67405.07,0.0703,low,0.0
CUST006651,828,excellent,88.07,95.2,89.08,61.29,91.23,87.9986,9.15,13,0,0,0,0,0,1,3,198791.15,0.5693,low,0.25
CUST006652,837,excellent,94.68,89.69,92.82,60.94,94.85,89.5487,2.59,15,0,0,0,0,0,1,3,418046.88,0.5061,low,0.25
CUST006653,735,good,85.05,84.73,23.8,46.46,91.64,72.5655,10.14,0,1,0,0,0,0,0,6,207340.52,0.0145,low,0.0
CUST006654,784,excellent,97.08,85.32,65.15,31.3,81.27,80.602,11.32,7,1,0,0,0,0,0,2,176678.98,0.0337,low,0.0
CUST006655,751,excellent,62.51,83.79,88.33,79.7,79.61,75.1942,10.37,14,2,3,0,0,0,1,5,489618.43,1.388,low,0.1667
CUST006656,637,high_risk,34.56,75.06,90.71,35.6,44.63,56.2444,13.56,15,4,3,0,0,0,0,5,268441.84,0.2161,low,0.0
CUST006657,668,risky,37.54,85.59,82.69,33.75,66.98,61.2913,13.56,9,2,2,0,0,0,0,1,48394.53,0.0394,low,0.0
CUST006658,767,excellent,78.82,94.82,69.26,41.93,71.51,77.7636,5.18,6,2,1,0,0,0,0,6,212749.83,0.0539,low,0.0
CUST006659,744,good,98.43,79.0,21.85,43.21,82.33,73.9832,14.36,0,1,0,0,0,0,0,1,125105.77,0.0905,low,0.0
CUST006660,841,excellent,91.11,91.86,95.8,76.18,86.53,90.0869,3.51,17,1,0,0,0,0,2,4,66863.62,0.7479,low,0.3333
CUST006661,626,high_risk,12.41,94.11,89.7,42.17,40.71,54.319,7.42,10,4,1,1,1,1,0,0,205720.62,0.5747,low,0.0
CUST006662,630,high_risk,14.98,97.35,92.94,45.59,20.45,54.9942,7.51,14,7,5,1,0,1,0,3,124803.86,0.3296,low,0.0
CUST006663,668,risky,54.13,77.57,61.02,38.16,61.4,61.3236,12.42,4,4,4,0,0,0,0,5,48039.76,0.1401,low,0.0
CUST006664,781,excellent,86.5,95.14,63.76,31.83,86.81,80.2472,4.87,3,1,0,0,0,0,0,3,178665.13,0.1616,low,0.0
CUST006665,740,good,73.81,88.62,31.53,62.84,98.75,73.3062,10.27,0,0,0,0,0,0,1,5,43768.63,0.7403,low,0.1667
CUST006666,772,excellent,86.77,81.07,72.55,35.5,94.96,78.6187,14.06,9,0,0,0,0,0,0,0,25372.75,0.0475,low,0.0
CUST006667,765,excellent,58.09,96.62,89.93,48.49,98.88,77.5436,5.95,12,0,3,0,0,0,0,4,46197.63,0.1717,low,0.0
CUST006668,857,excellent,99.83,96.91,98.05,46.38,94.89,92.8476,2.48,10,0,0,0,0,0,0,6,217293.5,0.097,low,0.0
CUST006669,742,good,61.77,96.55,72.15,46.91,75.65,73.6644,0.61,7,2,4,0,0,0,0,1,344318.91,0.1767,low,0.0
CUST006670,618,high_risk,14.67,97.01,45.04,72.65,57.99,53.0555,7.72,1,4,5,0,0,0,1,1,144634.15,1.3892,low,0.5
CUST006671,835,excellent,94.12,89.15,89.76,62.72,96.61,89.0846,11.76,17,0,0,0,0,0,1,5,89808.56,0.6769,low,0.1667
CUST006672,718,good,86.14,78.94,21.81,47.66,77.53,69.6228,14.07,0,2,0,0,0,0,0,1,407493.83,0.0103,low,0.0
CUST006673,834,excellent,91.43,98.14,86.07,62.57,84.71,89.0786,7.77,10,1,0,0,0,0,1,3,28159.25,0.9886,low,0.25
CUST006674,825,excellent,97.19,75.36,97.05,65.61,96.9,87.4334,13.96,12,0,0,0,0,0,1,1,247210.88,0.6597,low,0.5
CUST006675,859,excellent,99.16,91.53,92.04,79.68,92.7,93.2076,8.55,20,0,0,0,0,0,1,3,151883.52,0.4746,low,0.25
CUST006676,717,good,73.4,92.28,23.48,34.67,91.55,69.5192,4.97,0,0,1,0,0,0,0,5,272996.94,0.0915,low,0.0
CUST006677,629,high_risk,14.86,96.11,67.4,44.8,62.53,54.8753,7.14,7,3,8,1,1,1,0,0,287554.33,0.4467,low,0.0
CUST006678,706,good,52.59,73.93,93.99,46.33,83.31,67.6466,37.55,14,1,1,0,0,0,0,2,67969.16,0.1883,low,0.0
CUST006679,823,excellent,87.82,94.7,91.56,48.22,93.89,87.0907,3.01,13,0,0,0,0,0,0,6,96177.21,0.1375,low,0.0
CUST006680,800,excellent,87.31,83.77,88.53,51.53,91.97,83.3199,11.27,11,0,0,0,0,0,1,7,27833.35,0.9144,low,0.125
CUST006681,753,excellent,67.97,98.73,64.25,33.09,91.25,75.48,5.09,2,1,1,0,0,0,0,5,66643.83,0.0463,low,0.0
CUST006682,830,excellent,97.67,89.51,90.79,37.98,99.25,88.3787,10.27,18,0,0,0,0,0,0,3,26954.34,0.0521,low,0.0
CUST006683,795,excellent,97.9,88.24,38.68,67.71,91.46,82.4575,4.77,1,1,0,0,0,0,1,0,420495.0,0.7701,low,0.5
CUST006684,849,excellent,99.33,88.34,96.83,60.93,95.89,91.4748,13.05,17,0,0,0,0,0,1,4,31210.28,0.3684,low,0.2
CUST006685,736,good,94.11,45.42,80.0,45.24,96.53,72.7401,53.82,6,0,0,0,0,0,1,6,477361.78,0.3428,low,0.1429
CUST006686,839,excellent,86.07,96.5,98.31,61.57,98.32,89.8088,5.42,15,0,0,0,0,0,1,5,27807.83,0.5352,low,0.1667
CUST006687,823,excellent,96.5,97.81,71.18,52.3,81.58,87.1848,6.81,8,1,0,0,0,0,1,5,18731.01,0.758,low,0.1667
CUST006688,689,risky,44.56,92.37,95.48,47.42,25.13,64.8845,5.76,11,5,2,0,0,0,0,4,73149.26,0.1792,low,0.0
CUST006689,819,excellent,94.9,98.83,70.24,41.44,90.33,86.5779,8.72,7,0,0,0,0,0,0,1,119250.84,0.1186,low,0.0
CUST006690,830,excellent,94.85,98.88,70.57,62.98,85.45,88.2903,1.22,5,1,0,0,0,0,1,0,77104.91,0.3765,low,0.5
CUST006691,831,excellent,91.01,97.93,95.28,30.96,98.33,88.4527,9.04,16,0,0,0,0,0,0,4,86870.51,0.0375,low,0.0
CUST006692,752,excellent,98.51,86.12,13.53,38.8,91.58,75.3817,11.22,0,0,0,0,0,0,0,5,36858.67,0.1444,low,0.0
CUST006693,844,excellent,97.18,97.55,91.47,43.23,93.57,90.6783,6.91,16,0,0,0,0,0,0,2,313488.12,0.0545,low,0.0
CUST006694,770,excellent,91.45,75.72,66.97,45.85,90.52,78.4088,23.86,5,1,0,0,0,0,0,6,64245.04,0.1173,low,0.0
CUST006695,779,excellent,69.79,90.91,88.45,64.38,84.05,79.8084,5.37,19,1,0,0,0,0,1,0,111085.14,0.9384,low,0.5
CUST006696,824,excellent,86.36,97.75,77.61,78.67,82.42,87.3009,7.02,7,1,0,0,0,0,1,5,141271.45,0.4572,low,0.1667
CUST006697,824,excellent,99.49,94.18,74.75,38.4,92.77,87.4025,4.21,6,0,0,0,0,0,0,0,78078.72,0.029,low,0.0
CUST006698,784,excellent,87.39,99.08,56.82,36.41,81.98,80.6708,9.27,2,1,0,0,0,0,0,3,21269.02,0.1452,low,0.0
CUST006699,770,excellent,98.06,93.06,16.1,45.38,91.17,78.3094,5.82,0,0,0,0,0,0,0,0,20869.56,0.0222,low,0.0
CUST006700,756,excellent,96.4,79.48,34.46,44.67,88.18,76.0411,14.33,1,1,0,0,0,0,0,4,12150.89,0.0664,low,0.0
CUST006701,784,excellent,73.96,89.88,92.02,47.78,92.81,80.7127,0.05,15,0,0,0,0,0,1,7,206659.1,0.4141,low,0.125
CUST006702,812,excellent,78.64,92.13,91.74,63.88,99.4,85.2514,4.56,16,0,1,0,0,0,1,5,78480.6,0.7054,low,0.1667
CUST006703,819,excellent,91.93,95.38,89.74,30.56,91.61,86.4676,0.49,11,0,0,0,0,0,0,5,19124.5,0.0204,low,0.0
CUST006704,869,excellent,99.85,98.28,97.9,59.68,97.01,94.7867,1.31,15,0,0,0,0,0,1,5,70944.6,0.8977,low,0.1667
CUST006705,734,good,57.88,94.74,80.58,35.39,81.02,72.4087,6.56,6,1,1,0,0,0,0,2,61153.24,0.168,low,0.0
CUST006706,786,excellent,98.65,88.7,61.97,33.7,71.26,80.9263,0.47,2,2,0,0,0,0,0,0,81763.69,0.1071,low,0.0
CUST006707,795,excellent,91.27,99.66,48.63,43.53,90.53,82.5452,4.78,2,0,0,0,0,0,0,3,99713.0,0.0976,low,0.0
CUST006708,785,excellent,92.23,84.26,60.65,43.09,98.6,80.8256,11.29,2,0,0,0,0,0,0,2,22126.34,0.0134,low,0.0
CUST006709,776,excellent,65.23,95.43,96.97,42.66,90.64,79.3348,2.13,16,0,1,0,0,0,0,2,164891.43,0.1605,low,0.0
CUST006710,647,high_risk,35.54,92.31,45.83,75.51,42.06,57.7645,5.69,1,3,2,0,0,0,1,2,84433.16,1.0011,low,0.3333
CUST006711,775,excellent,88.84,84.25,68.21,45.1,80.68,79.1767,11.37,9,1,0,0,0,0,1,4,27524.46,0.7393,low,0.2
CUST006712,794,excellent,93.45,73.56,84.37,48.47,99.94,82.2747,49.52,6,0,0,0,0,0,0,0,203500.12,0.0042,low,0.0
CUST006713,852,excellent,96.86,88.83,92.2,79.27,97.66,92.0736,3.1,14,0,0,0,0,0,1,2,127929.63,0.8206,low,0.3333
CUST006714,678,risky,46.99,97.71,47.59,40.84,60.88,63.069,6.17,3,3,2,0,0,0,0,3,47297.82,0.1658,low,0.0
CUST006715,703,good,44.78,96.01,94.85,32.45,52.97,67.2468,3.09,12,4,3,0,0,0,0,6,146303.36,0.1399,low,0.0
CUST006716,744,good,63.7,88.79,82.7,61.03,75.77,74.0193,0.15,6,2,3,0,0,0,1,4,319868.43,1.3343,low,0.2
CUST006717,840,excellent,98.27,93.3,89.86,45.86,95.46,89.9949,5.59,12,0,0,0,0,0,1,7,364571.97,0.4556,low,0.125
CUST006718,842,excellent,96.24,98.94,74.63,60.74,96.34,90.2698,4.49,5,0,0,0,0,0,1,2,45214.38,0.9146,low,0.3333
CUST006719,754,excellent,89.76,88.17,33.84,42.78,83.96,75.6181,12.65,0,1,0,0,0,0,0,1,340864.16,0.0652,low,0.0
CUST006720,706,good,61.43,82.54,60.66,30.71,92.22,67.6552,11.5,2,0,2,0,0,0,0,4,74942.0,0.1354,low,0.0
CUST006721,598,high_risk,9.3,96.6,35.99,48.57,71.21,49.613,6.6,1,2,2,1,1,1,0,4,253401.82,0.2608,low,0.0
CUST006722,806,excellent,86.54,89.07,77.73,63.43,93.1,84.322,14.49,6,0,0,0,0,0,1,3,250488.78,0.8805,low,0.25
CUST006723,642,high_risk,23.05,95.78,65.55,71.55,41.54,56.9442,0.75,5,3,7,0,0,0,1,1,37005.26,1.9431,moderate,0.5
CUST006724,822,excellent,99.49,99.96,59.33,39.03,94.28,87.0415,1.29,2,0,0,0,0,0,0,4,114828.53,0.0466,low,0.0
CUST006725,804,excellent,85.67,89.74,73.8,64.77,95.13,83.9643,0.65,7,0,0,0,0,0,1,5,67200.63,0.8341,low,0.1667
CUST006726,792,excellent,93.18,98.65,48.66,32.62,91.9,81.9598,4.94,1,0,0,0,0,0,0,4,52567.64,0.0397,low,0.0
CUST006727,826,excellent,99.88,88.72,85.7,46.13,85.69,87.6096,1.69,10,1,0,0,0,0,0,7,315060.59,0.0241,low,0.0
CUST006728,632,high_risk,17.22,81.16,92.12,32.89,77.87,55.2705,13.23,14,2,5,0,0,0,0,0,192326.53,0.6076,low,0.0
CUST006729,701,good,36.83,99.97,75.25,37.66,88.69,66.8031,2.58,5,1,2,0,0,0,0,0,264612.47,0.0908,low,0.0
CUST006730,599,high_risk,23.7,77.91,80.34,33.98,26.49,49.765,10.79,6,5,3,1,0,1,0,1,166568.95,0.4666,low,0.0
CUST006731,833,excellent,98.0,91.02,71.31,67.73,98.1,88.8874,6.53,7,0,0,0,0,0,1,2,91396.64,0.5428,low,0.3333
CUST006732,817,excellent,91.69,88.32,79.04,67.31,90.73,86.2469,1.6,7,1,0,0,0,0,1,6,94859.59,0.5265,low,0.1429
CUST006733,849,excellent,93.96,90.51,96.55,69.36,99.97,91.4564,7.64,11,0,0,0,0,0,1,6,143042.09,0.5647,low,0.1429
CUST006734,813,excellent,85.02,89.31,98.9,56.53,84.13,85.4503,11.62,18,1,0,0,0,0,1,1,1313098.33,0.9145,low,0.5
CUST006735,745,good,85.76,99.46,14.64,38.67,82.84,74.1998,2.15,0,1,0,0,0,0,0,0,38843.88,0.1181,low,0.0
CUST006736,688,risky,40.04,77.49,98.5,79.4,47.66,64.7416,14.66,13,4,2,0,0,0,1,1,42794.71,0.7758,low,0.5
CUST006737,780,excellent,94.85,92.27,38.63,36.3,96.3,79.9337,9.55,1,0,0,0,0,0,0,7,191541.46,0.055,low,0.0
CUST006738,813,excellent,92.91,89.13,92.48,30.61,93.11,85.5002,9.8,10,0,0,0,0,0,0,3,55918.48,0.1029,low,0.0
CUST006739,664,risky,46.13,88.92,59.42,33.92,55.62,60.6882,14.61,3,4,4,0,0,0,0,7,108521.98,0.0545,low,0.0
CUST006740,701,good,64.93,87.26,61.96,41.63,45.16,66.8751,12.92,2,4,4,0,0,0,0,4,191599.81,0.0536,low,0.0
CUST006741,794,excellent,91.88,75.88,92.69,42.23,93.2,82.3651,10.2,11,0,0,0,0,0,0,2,466268.31,0.1389,low,0.0
CUST006742,832,excellent,94.37,95.37,89.14,46.23,90.97,88.7302,10.0,13,0,0,0,0,0,0,5,30741.85,0.0843,low,0.0
CUST006743,583,high_risk,8.67,88.34,60.83,33.64,51.34,47.1595,8.3,3,3,2,0,1,1,0,7,165984.28,0.1757,low,0.0
CUST006744,803,excellent,97.28,97.7,43.72,42.82,96.59,83.8569,6.45,1,0,0,0,0,0,0,3,164348.37,0.1409,low,0.0
CUST006745,784,excellent,91.98,92.25,41.1,47.55,99.23,80.7081,5.41,1,0,0,0,0,0,1,5,102667.11,0.3379,low,0.1667
CUST006746,784,excellent,87.74,80.6,87.94,35.41,91.15,80.7367,10.59,17,0,0,0,0,0,0,0,13216.67,0.1495,low,0.0
CUST006747,785,excellent,93.96,77.46,67.54,45.72,99.77,80.8029,11.84,5,0,0,0,0,0,0,7,29557.28,0.1255,low,0.0
CUST006748,852,excellent,95.08,99.37,88.32,66.69,90.39,92.0446,1.96,10,0,0,0,0,0,1,5,84946.01,0.6878,low,0.1667
CUST006749,830,excellent,93.37,98.05,85.58,41.61,92.73,88.367,7.62,18,0,0,0,0,0,0,6,202338.14,0.0738,low,0.0
CUST006750,651,risky,22.74,93.3,85.05,64.74,43.15,58.498,8.04,11,5,4,0,0,0,1,7,65126.59,2.0301,moderate,0.125
CUST006751,782,excellent,75.22,81.36,98.52,63.84,84.54,80.3506,10.08,15,1,0,0,0,0,1,0,51749.11,0.6631,low,0.5
CUST006752,810,excellent,89.71,82.25,88.53,72.87,83.95,85.0358,10.74,18,1,0,0,0,0,1,0,153380.45,0.9814,low,0.5
CUST006753,797,excellent,91.28,91.36,73.76,33.84,91.1,82.9144,0.5,5,0,0,0,0,0,0,7,101624.13,0.0076,low,0.0
CUST006754,820,excellent,93.84,94.7,54.55,74.75,97.75,86.6842,4.89,4,0,0,0,0,0,1,7,108190.25,0.5252,low,0.125
CUST006755,855,excellent,99.12,93.57,84.57,73.77,96.51,92.4753,3.73,5,0,0,0,0,0,1,5,117161.17,0.4486,low,0.1667
CUST006756,625,high_risk,15.55,80.84,88.14,37.4,75.16,54.1717,12.83,18,2,3,0,0,1,0,6,22552.75,0.6369,low,0.0
CUST006757,817,excellent,97.94,77.8,83.55,73.72,85.67,86.0911,10.6,9,1,0,0,0,0,1,2,46446.92,0.4209,low,0.3333
CUST006758,754,excellent,92.27,75.21,48.28,37.94,97.75,75.6686,12.2,4,0,0,0,0,0,0,3,133317.16,0.1019,low,0.0
CUST006759,780,excellent,92.66,89.55,48.34,40.95,93.07,79.949,10.32,3,0,0,0,0,0,0,0,57311.04,0.0222,low,0.0
CUST006760,748,good,85.64,90.76,28.25,40.2,91.59,74.6198,6.63,0,0,0,0,0,0,0,4,75683.57,0.1348,low,0.0
CUST006761,835,excellent,99.75,94.86,72.52,67.92,81.12,89.1516,6.62,8,1,0,0,0,0,1,7,181940.58,0.6971,low,0.125
CUST006762,812,excellent,86.62,88.23,95.37,61.8,81.32,85.4027,8.41,14,1,0,0,0,0,1,5,29806.05,0.6833,low,0.1667
CUST006763,813,excellent,88.63,94.02,92.16,31.52,92.41,85.4416,1.09,19,0,0,0,0,0,0,1,271164.05,0.026,low,0.0
CUST006764,797,excellent,93.05,78.53,87.48,48.11,87.71,82.8296,20.95,17,1,0,0,0,0,1,6,197570.52,0.8654,low,0.1429
CUST006765,739,good,89.02,88.43,14.39,34.77,98.58,73.181,9.49,0,0,0,0,0,0,0,5,628811.37,0.1334,low,0.0
CUST006766,836,excellent,94.17,94.78,96.59,36.6,97.79,89.3194,3.0,10,0,0,0,0,0,0,2,74641.83,0.0455,low,0.0
CUST006767,763,excellent,60.39,93.19,93.58,48.63,92.37,77.2323,4.59,14,0,2,0,0,0,0,2,23445.84,0.0505,low,0.0
CUST006768,776,excellent,89.27,98.97,34.91,39.09,91.86,79.2662,8.89,1,0,0,0,0,0,0,1,405247.3,0.1665,low,0.0
CUST006769,776,excellent,95.41,81.84,52.65,42.49,92.34,79.3257,11.73,2,0,0,0,0,0,0,0,169303.03,0.1626,low,0.0
CUST006770,624,high_risk,18.95,91.82,49.16,73.43,60.46,53.9412,5.68,1,4,3,0,0,0,1,7,195471.71,1.8957,moderate,0.125
CUST006771,754,excellent,90.42,88.07,42.67,45.27,67.05,75.6989,4.32,1,2,0,0,0,0,0,7,183027.13,0.0832,low,0.0
CUST006772,794,excellent,96.88,90.01,77.43,30.2,67.81,82.3261,1.16,5,2,0,0,0,0,0,7,104408.75,0.1483,low,0.0
CUST006773,755,excellent,54.91,99.72,90.18,49.55,81.54,75.7728,1.4,14,1,3,0,0,0,0,2,170979.66,0.1832,low,0.0
CUST006774,630,high_risk,14.7,90.37,96.98,41.34,40.98,55.0351,7.33,11,3,8,1,1,1,0,6,62558.76,0.2575,low,0.0
CUST006775,653,risky,59.76,47.46,91.82,45.27,54.17,58.8698,65.42,10,3,2,0,0,0,0,6,144749.34,0.0336,low,0.0
CUST006776,796,excellent,95.06,77.51,82.91,51.49,84.94,82.6059,12.7,7,1,0,0,0,0,1,5,53849.81,0.5979,low,0.1667
CUST006777,861,excellent,92.8,99.75,96.77,71.58,93.67,93.4484,8.52,11,0,0,0,0,0,1,5,65420.56,0.779,low,0.1667
CUST006778,750,excellent,87.66,89.81,28.28,39.72,90.91,74.9283,8.16,0,0,0,0,0,0,0,4,99703.11,0.0728,low,0.0
CUST006779,800,excellent,99.33,90.04,69.28,31.25,80.42,83.3371,3.23,9,1,0,0,0,0,0,1,234407.85,0.1556,low,0.0
CUST006780,822,excellent,93.89,94.67,86.76,38.19,88.92,86.9865,0.84,15,1,0,0,0,0,0,3,40010.63,0.1371,low,0.0
CUST006781,791,excellent,89.29,80.88,88.36,36.84,94.35,81.8886,11.58,16,0,0,0,0,0,0,5,178297.57,0.0839,low,0.0
CUST006782,776,excellent,96.71,86.48,51.14,30.7,87.17,79.2512,14.26,2,1,0,0,0,0,0,0,95119.05,0.1413,low,0.0
CUST006783,712,good,37.97,96.34,88.01,41.92,90.61,68.6457,5.42,10,1,1,0,0,0,0,2,153012.09,0.1144,low,0.0
CUST006784,710,good,67.17,88.8,30.51,38.55,97.76,68.357,2.04,1,0,1,0,0,0,0,5,1484511.07,0.1607,low,0.0
CUST006785,796,excellent,88.88,75.05,98.51,47.72,95.17,82.6881,11.97,17,0,0,0,0,0,0,3,45640.82,0.1504,low,0.0
CUST006786,686,risky,50.16,89.52,73.28,34.05,55.31,64.3417,8.66,7,4,4,0,0,0,0,1,308169.34,0.2126,low,0.0
CUST006787,729,good,64.47,94.17,66.68,40.92,65.8,71.4924,9.3,8,2,3,0,0,0,0,1,47558.74,0.1151,low,0.0
CUST006788,825,excellent,89.49,95.63,93.34,34.8,99.43,87.436,2.13,10,0,0,0,0,0,0,2,92931.98,0.1166,low,0.0
CUST006789,760,excellent,68.93,88.6,91.65,48.1,74.05,76.6692,7.83,10,2,1,0,0,0,0,6,65410.86,0.0239,low,0.0
CUST006790,758,excellent,91.38,95.92,16.08,34.09,97.13,76.293,2.45,0,0,0,0,0,0,0,7,196405.34,0.0689,low,0.0
CUST006791,806,excellent,68.86,99.35,91.13,69.86,97.04,84.2679,7.81,12,0,0,0,0,0,2,4,58198.87,0.5984,low,0.3333
CUST006792,823,excellent,87.15,88.07,98.32,59.47,95.75,87.1919,6.44,19,0,0,0,0,0,1,4,108534.14,0.5959,low,0.2
CUST006793,848,excellent,95.67,99.87,93.54,40.06,99.01,91.385,1.75,10,0,0,0,0,0,0,2,38309.34,0.0303,low,0.0
CUST006794,784,excellent,96.82,94.35,31.2,44.64,93.83,80.7182,7.97,0,0,0,0,0,0,0,4,155326.4,0.0221,low,0.0
CUST006795,697,risky,66.94,75.45,45.59,41.06,91.14,66.1259,13.63,1,0,0,0,0,0,0,0,331278.6,0.153,low,0.0
CUST006796,811,excellent,92.17,93.6,93.25,39.54,68.46,85.1289,3.18,18,2,0,0,0,0,0,0,69842.37,0.1563,low,0.0
CUST006797,800,excellent,87.97,84.23,68.18,74.56,95.93,83.3356,11.7,5,0,0,0,0,0,1,3,54147.87,0.351,low,0.25
CUST006798,833,excellent,90.07,98.23,86.22,58.39,90.26,88.7933,8.52,17,1,0,0,0,0,1,2,308359.45,0.7441,low,0.3333
CUST006799,820,excellent,85.82,99.21,94.25,39.46,87.94,86.6781,9.86,18,1,0,0,0,0,0,7,135749.45,0.0839,low,0.0
CUST006800,791,excellent,86.19,87.59,75.4,55.61,85.13,81.8278,27.27,5,1,0,0,0,0,0,2,33348.37,0.0652,low,0.0
CUST006801,838,excellent,99.35,91.99,79.34,61.48,91.72,89.5914,4.17,5,0,0,0,0,0,1,1,74582.76,0.3464,low,0.5
CUST006802,668,risky,55.23,91.27,30.21,65.38,44.71,61.2534,5.79,1,3,3,0,0,0,1,4,216079.08,1.4469,low,0.2
CUST006803,850,excellent,94.59,96.41,98.27,57.7,90.87,91.6273,0.03,12,0,0,0,0,0,1,4,586212.13,0.8863,low,0.2
CUST006804,817,excellent,86.49,99.99,80.68,40.67,97.51,86.1897,0.07,9,0,0,0,0,0,0,0,244253.37,0.1224,low,0.0
CUST006805,798,excellent,85.49,96.82,72.84,44.99,85.31,82.9232,7.18,6,1,0,0,0,0,0,3,196624.62,0.0197,low,0.0
CUST006806,611,high_risk,14.54,98.12,54.86,45.19,45.4,51.8144,9.78,4,4,3,1,1,1,0,3,71357.74,0.3857,low,0.0
CUST006807,821,excellent,86.41,99.8,86.12,62.59,74.89,86.8512,1.63,18,2,0,0,0,0,2,1,110710.68,0.5354,low,0.6667
CUST006808,605,high_risk,16.34,79.16,72.28,60.52,55.22,50.8821,11.36,8,4,3,0,0,0,1,4,221054.45,2.166,moderate,0.2
CUST006809,764,excellent,87.52,78.52,67.35,30.23,99.88,77.3007,13.01,6,0,0,0,0,0,0,6,223999.41,0.1237,low,0.0
CUST006810,794,excellent,91.17,99.11,47.75,46.33,88.65,82.301,4.92,4,1,0,0,0,0,1,6,119303.37,0.6677,low,0.1429
CUST006811,794,excellent,91.99,97.35,50.59,34.78,98.32,82.3001,6.82,2,0,0,0,0,0,0,5,66868.83,0.1461,low,0.0
CUST006812,767,excellent,99.8,97.96,11.79,30.99,86.97,77.8806,7.28,0,1,0,0,0,0,0,5,56024.92,0.1156,low,0.0
CUST006813,766,excellent,62.11,97.83,99.94,40.97,74.83,77.6578,0.51,13,2,3,0,0,0,0,0,190896.71,0.008,low,0.0
CUST006814,771,excellent,87.69,91.07,39.86,46.51,99.14,78.556,4.07,1,0,0,0,0,0,1,2,206175.25,0.6107,low,0.3333
CUST006815,807,excellent,88.69,97.3,71.52,39.69,96.46,84.5754,1.63,7,0,0,0,0,0,0,4,60803.88,0.0425,low,0.0
CUST006816,701,good,43.59,91.65,73.41,41.84,88.47,66.7942,0.21,5,1,3,0,0,0,0,4,132700.28,0.2309,low,0.0
CUST006817,826,excellent,92.79,98.15,92.6,39.14,80.01,87.7244,0.1,11,1,0,0,0,0,0,1,38151.74,0.052,low,0.0
CUST006818,590,high_risk,11.7,98.51,47.87,33.94,40.7,48.2932,7.8,3,5,4,0,1,1,0,3,82024.15,0.5206,low,0.0
CUST006819,808,excellent,89.63,92.21,80.26,44.54,91.32,84.6607,1.76,8,0,0,0,0,0,0,1,52037.28,0.1403,low,0.0
CUST006820,801,excellent,93.28,88.57,67.04,61.19,80.51,83.4464,5.92,8,1,0,0,0,0,1,4,109468.14,0.6304,low,0.2
CUST006821,777,excellent,86.83,89.32,51.23,47.11,98.63,79.4421,2.53,3,0,0,0,0,0,0,2,94127.75,0.1285,low,0.0
CUST006822,746,good,76.03,78.0,78.4,33.51,92.57,74.3786,10.84,5,0,1,0,0,0,0,0,116667.67,0.0701,low,0.0
CUST006823,842,excellent,97.61,90.27,95.85,54.28,92.34,90.2836,8.65,20,0,0,0,0,0,1,3,29836.24,0.52,low,0.25
CUST006824,839,excellent,95.03,97.99,83.33,51.1,95.47,89.8137,6.37,8,0,0,0,0,0,1,6,1034183.85,0.3525,low,0.1429
CUST006825,804,excellent,77.6,94.13,93.61,48.16,97.52,84.0111,8.2,11,0,1,0,0,0,0,5,78978.45,0.0115,low,0.0
CUST006826,756,excellent,58.17,92.14,94.93,40.6,96.74,75.9781,7.22,20,0,1,0,0,0,0,7,289396.83,0.0746,low,0.0
CUST006827,726,good,54.09,99.88,87.33,48.3,41.5,70.9774,1.96,20,4,4,0,0,0,0,4,138589.04,0.0452,low,0.0
CUST006828,747,good,62.02,91.05,99.5,47.14,58.53,74.5152,3.15,20,3,3,0,0,0,0,2,98392.66,0.0917,low,0.0
CUST006829,839,excellent,86.71,94.65,97.9,73.65,90.73,89.8651,3.71,11,0,0,0,0,0,1,4,410511.53,0.9669,low,0.2
CUST006830,824,excellent,87.55,97.21,86.44,53.92,90.9,87.2512,1.86,11,1,0,0,0,0,1,3,361253.36,0.7514,low,0.25
CUST006831,561,high_risk,1.55,83.78,53.56,44.49,53.95,43.5541,13.17,3,3,8,0,1,1,0,6,590342.59,0.3531,low,0.0
CUST006832,808,excellent,99.88,88.21,70.4,31.96,94.96,84.6721,7.2,5,0,0,0,0,0,0,2,125360.81,0.1362,low,0.0
CUST006833,822,excellent,95.19,95.33,78.29,63.84,70.15,87.0565,6.56,5,2,0,0,0,0,1,3,60184.99,0.4449,low,0.25
CUST006834,808,excellent,98.66,96.88,48.02,41.29,97.33,84.6581,8.19,1,0,0,0,0,0,0,5,27602.11,0.002,low,0.0
CUST006835,775,excellent,91.69,93.56,34.37,39.33,98.44,79.0906,8.24,0,0,0,0,0,0,0,5,373329.05,0.0371,low,0.0
CUST006836,773,excellent,93.21,76.32,74.2,55.42,66.89,78.8822,25.21,5,2,0,0,0,0,0,7,105085.42,0.1065,low,0.0
CUST006837,809,excellent,90.93,83.41,93.06,46.58,93.24,84.7924,10.53,13,0,0,0,0,0,0,7,107047.26,0.0613,low,0.0
CUST006838,775,excellent,90.67,75.41,72.98,42.66,96.41,79.2099,14.75,5,0,0,0,0,0,0,6,40549.39,0.1422,low,0.0
CUST006839,707,good,69.86,89.37,20.85,43.23,91.25,67.8352,1.91,0,0,0,0,0,0,0,2,45737.12,0.033,low,0.0
CUST006840,630,high_risk,24.35,95.08,60.27,35.27,54.24,55.0391,3.19,2,3,7,0,0,0,0,6,117376.2,0.5247,low,0.0
CUST006841,774,excellent,86.51,88.94,58.57,40.29,91.47,78.9237,9.19,2,0,0,0,0,0,0,2,141378.62,0.0299,low,0.0
CUST006842,809,excellent,91.97,99.17,66.42,30.13,98.57,84.7724,0.83,7,0,0,0,0,0,0,4,92171.67,0.0395,low,0.0
CUST006843,834,excellent,99.31,92.41,94.34,47.91,75.31,88.9528,0.73,17,2,0,0,0,0,0,0,363235.49,0.1571,low,0.0
CUST006844,830,excellent,94.17,98.33,86.53,30.72,98.1,88.3217,5.3,14,0,0,0,0,0,0,4,42667.74,0.0838,low,0.0
CUST006845,846,excellent,94.74,98.37,84.42,57.15,98.83,90.9327,2.35,5,0,0,0,0,0,1,0,127095.53,0.7838,low,0.5
CUST006846,817,excellent,93.65,96.91,56.87,62.71,95.63,86.2131,7.68,4,0,0,0,0,0,1,0,104716.5,0.5727,low,0.5
CUST006847,698,risky,53.6,95.27,62.88,40.94,54.71,66.3386,2.39,2,3,3,0,0,0,0,2,30811.27,0.2266,low,0.0
CUST006848,787,excellent,71.05,94.76,88.6,60.46,84.76,81.109,4.41,11,1,0,0,0,0,1,0,516872.99,0.7637,low,0.5
CUST006849,693,risky,50.5,84.9,90.29,42.84,45.02,65.4744,13.51,18,3,3,0,0,0,0,5,32350.15,0.1543,low,0.0
CUST006850,770,excellent,90.12,75.91,71.74,41.78,90.97,78.351,11.12,6,1,0,0,0,0,0,1,240825.18,0.0227,low,0.0
CUST006851,808,excellent,86.14,98.79,72.66,47.14,93.24,84.7245,9.58,6,0,0,0,0,0,1,7,209356.36,0.524,low,0.125
CUST006852,806,excellent,86.6,81.59,98.75,57.28,90.68,84.398,12.12,13,0,0,0,0,0,1,0,43568.59,0.7679,low,0.5
CUST006853,583,high_risk,1.91,90.18,81.52,45.63,27.02,47.2173,6.29,6,6,5,0,1,1,0,4,82271.07,0.5398,low,0.0
CUST006854,809,excellent,98.16,90.19,74.29,40.12,83.34,84.9013,6.9,5,1,0,0,0,0,0,4,374057.65,0.0669,low,0.0
CUST006855,834,excellent,94.93,99.89,89.23,31.74,92.26,88.9771,7.25,14,0,0,0,0,0,0,2,94024.24,0.1004,low,0.0
CUST006856,817,excellent,91.58,94.95,67.73,55.21,98.78,86.0954,6.09,7,0,0,0,0,0,1,5,1018611.57,0.7688,low,0.1667
CUST006857,801,excellent,90.66,95.78,66.01,49.29,82.54,83.5506,2.11,9,1,0,0,0,0,0,1,77431.32,0.0875,low,0.0
CUST006858,836,excellent,96.41,95.38,73.49,60.1,99.42,89.3333,6.27,9,0,0,0,0,0,2,7,97578.73,0.5426,low,0.2222
CUST006859,821,excellent,93.13,90.0,93.43,31.72,99.86,86.7674,7.66,17,0,0,0,0,0,0,6,210669.35,0.049,low,0.0
CUST006860,833,excellent,93.88,84.83,95.74,71.09,91.35,88.913,10.85,12,1,0,0,0,0,1,5,95438.83,0.3372,low,0.1667
CUST006861,695,risky,45.87,79.7,90.05,44.19,80.19,65.9128,11.22,14,1,3,0,0,0,0,3,112277.3,0.0782,low,0.0
CUST006862,823,excellent,92.15,99.86,47.23,86.23,91.69,87.0886,7.48,4,0,0,0,0,0,2,3,117547.14,0.6636,low,0.4
CUST006863,692,risky,47.7,83.81,71.38,40.57,87.62,65.3625,10.48,6,1,2,0,0,0,0,6,97509.41,0.1894,low,0.0
CUST006864,756,excellent,93.64,80.49,32.56,44.84,97.03,75.9914,12.19,0,0,0,0,0,0,0,6,199887.09,0.0392,low,0.0
CUST006865,688,risky,49.88,62.15,93.11,64.17,82.13,64.7023,36.16,15,1,1,0,0,0,0,3,134591.91,0.2189,low,0.0
CUST006866,816,excellent,75.61,99.64,82.9,74.88,97.97,86.0742,7.4,7,0,1,0,0,0,1,2,40558.81,0.8473,low,0.3333
CUST006867,634,high_risk,48.4,35.32,98.14,63.2,71.65,55.7454,68.79,11,2,3,0,0,0,0,2,341394.16,0.0537,low,0.0
CUST006868,720,good,53.15,95.05,79.48,37.38,72.08,69.9818,6.9,8,2,3,0,0,0,0,3,24934.68,0.1261,low,0.0
CUST006869,712,good,41.49,92.23,96.95,47.64,71.93,68.6905,1.45,20,2,3,0,0,0,0,5,107158.57,0.1263,low,0.0
CUST006870,644,high_risk,40.6,98.0,22.4,36.12,67.81,57.3633,1.1,0,2,3,0,0,0,0,6,119611.44,0.0202,low,0.0
CUST006871,787,excellent,97.32,93.25,30.39,48.96,97.24,81.215,3.84,0,0,0,0,0,0,0,7,172868.74,0.1001,low,0.0
CUST006872,813,excellent,86.18,95.53,79.59,48.09,99.03,85.4735,3.66,6,0,0,0,0,0,0,4,66759.4,0.0905,low,0.0
CUST006873,828,excellent,93.59,85.32,88.7,77.77,85.79,88.0135,10.38,10,1,0,0,0,0,1,6,11226.18,0.8334,low,0.1429
CUST006874,828,excellent,99.83,89.04,76.91,49.28,98.75,87.9933,2.32,9,0,0,0,0,0,0,0,211787.72,0.1384,low,0.0
CUST006875,728,good,58.0,88.25,81.61,48.52,75.45,71.4148,0.08,7,2,1,0,0,0,0,2,63901.69,0.1585,low,0.0
CUST006876,822,excellent,87.53,86.39,98.28,67.06,89.72,86.9721,20.72,15,1,0,0,0,0,1,4,164361.85,0.4948,low,0.2
CUST006877,834,excellent,97.34,94.08,65.77,72.98,94.73,88.927,7.91,7,0,0,0,0,0,1,6,98355.32,0.4922,low,0.1429
CUST006878,792,excellent,90.9,79.36,64.53,75.1,91.4,81.9537,11.33,3,0,0,0,0,0,1,2,408633.96,0.8651,low,0.3333
CUST006879,803,excellent,86.4,89.33,93.44,32.33,95.2,83.808,7.63,14,0,0,0,0,0,0,6,137070.83,0.0063,low,0.0
CUST006880,814,excellent,99.84,82.24,90.18,38.8,86.02,85.6272,12.85,16,1,0,0,0,0,0,0,108355.14,0.1496,low,0.0
CUST006881,723,good,53.63,89.64,93.09,48.28,60.08,70.4632,3.2,12,4,2,0,0,0,0,3,304744.09,0.0837,low,0.0
CUST006882,757,excellent,89.56,96.91,34.23,34.64,71.84,76.2021,4.24,0,2,0,0,0,0,0,0,504902.11,0.0492,low,0.0
CUST006883,776,excellent,99.37,72.95,45.22,75.49,83.52,79.3483,47.29,3,1,0,0,0,0,2,0,69750.88,0.8524,low,0.6667
CUST006884,701,good,69.18,78.98,47.97,30.01,86.88,66.7896,11.64,3,1,0,0,0,0,0,6,75844.63,0.1008,low,0.0
CUST006885,708,good,49.44,93.09,73.79,49.27,68.33,68.0605,8.73,5,2,1,0,0,0,0,7,96588.0,0.124,low,0.0
CUST006886,670,risky,41.78,81.22,70.66,31.42,89.89,61.7181,13.58,5,1,1,0,0,0,0,2,24887.42,0.1894,low,0.0
CUST006887,807,excellent,94.24,96.17,49.66,57.28,94.32,84.4439,1.64,1,0,0,0,0,0,1,5,446045.25,0.8239,low,0.1667
CUST006888,719,good,55.92,91.23,96.53,42.94,40.86,69.7996,2.78,20,6,4,0,0,0,0,4,104910.05,0.0533,low,0.0
CUST006889,759,excellent,73.55,95.47,68.96,33.89,84.5,76.5668,3.59,7,1,1,0,0,0,0,0,50566.4,0.0879,low,0.0
CUST006890,777,excellent,99.81,77.9,58.93,38.3,84.63,79.4348,14.29,2,1,0,0,0,0,0,6,46009.82,0.1495,low,0.0
CUST006891,749,good,69.78,89.62,63.63,48.74,91.06,74.836,14.71,4,0,1,0,0,0,1,7,58918.83,0.5063,low,0.125
CUST006892,659,risky,16.94,99.01,85.99,62.31,60.95,59.8559,5.07,12,4,5,0,0,0,1,4,136254.71,1.9722,moderate,0.2
CUST006893,704,good,41.35,99.13,81.54,47.05,71.8,67.327,8.01,5,2,2,0,0,0,1,1,215422.52,1.249,low,0.5
CUST006894,826,excellent,90.85,92.27,84.0,57.32,98.61,87.6734,0.08,7,0,0,0,0,0,1,0,80755.1,0.6828,low,0.5
CUST006895,799,excellent,95.37,73.51,83.16,53.56,98.84,83.145,37.22,7,0,0,0,0,0,1,3,258626.09,0.6934,low,0.25
CUST006896,707,good,77.08,85.62,16.8,36.26,90.1,67.8217,13.29,0,0,0,0,0,0,0,6,96481.41,0.1623,low,0.0
CUST006897,722,good,66.66,92.49,39.49,34.33,98.98,70.3343,9.14,1,0,0,0,0,0,0,7,45850.79,0.0578,low,0.0
CUST006898,609,high_risk,20.97,92.15,14.53,67.11,86.02,51.4775,4.05,0,1,4,0,0,0,1,3,224295.8,1.9767,moderate,0.25
CUST006899,725,good,47.56,91.93,94.9,42.91,80.15,70.7665,6.48,15,1,3,0,0,0,0,1,47409.5,0.1067,low,0.0
CUST006900,771,excellent,94.76,74.38,46.38,78.34,82.38,78.5078,39.88,3,1,0,0,0,0,1,1,22405.64,0.6502,low,0.5
CUST006901,720,good,57.25,88.25,91.98,41.07,56.3,70.0438,6.12,20,3,4,0,0,0,0,6,494979.35,0.1054,low,0.0
CUST006902,774,excellent,91.44,81.05,51.85,61.01,87.79,78.9796,10.45,3,1,0,0,0,0,1,1,106323.43,0.7267,low,0.5
CUST006903,708,good,65.2,88.43,33.81,40.62,94.49,67.9307,8.34,1,0,1,0,0,0,0,7,22499.62,0.1602,low,0.0
CUST006904,807,excellent,95.84,89.79,68.79,46.44,90.37,84.4795,0.83,5,0,0,0,0,0,0,1,35265.05,0.0891,low,0.0
CUST006905,799,excellent,89.08,82.71,80.84,65.27,85.63,83.2063,12.53,5,1,0,0,0,0,1,5,39716.13,0.8312,low,0.1667
CUST006906,687,risky,52.42,90.45,55.34,30.07,76.59,64.4494,0.38,2,2,2,0,0,0,0,2,87621.32,0.1913,low,0.0
CUST006907,673,risky,51.35,79.68,71.89,40.15,55.34,62.2088,14.08,8,3,4,0,0,0,0,6,141871.79,0.2285,low,0.0
CUST006908,712,good,56.32,90.06,83.04,61.24,43.68,68.6789,2.71,6,3,4,0,0,0,1,7,211286.61,1.308,low,0.125
CUST006909,854,excellent,98.17,90.12,92.84,75.2,94.96,92.3396,7.7,11,0,0,0,0,0,1,0,107366.14,0.853,low,0.5
CUST006910,816,excellent,96.23,80.78,71.82,74.12,99.64,86.0665,12.63,9,0,0,0,0,0,1,4,283659.42,0.8044,low,0.2
CUST006911,754,excellent,85.15,93.01,28.29,46.35,90.11,75.5945,8.94,0,0,0,0,0,0,0,4,101593.03,0.0824,low,0.0
CUST006912,791,excellent,86.18,93.37,54.22,63.58,91.78,81.8456,0.55,3,0,0,0,0,0,1,1,94815.77,0.6387,low,0.5
CUST006913,771,excellent,88.78,76.12,63.03,66.9,84.35,78.4884,14.12,3,1,0,0,0,0,1,5,211166.28,0.5082,low,0.1667
CUST006914,775,excellent,89.28,82.94,50.32,61.15,93.44,79.1377,28.52,3,0,0,0,0,0,1,3,89464.33,0.7011,low,0.25
CUST006915,820,excellent,94.49,84.13,97.17,44.36,92.93,86.613,11.72,11,0,0,0,0,0,0,7,83553.96,0.1156,low,0.0
CUST006916,827,excellent,87.54,93.54,90.62,63.47,92.24,87.8647,2.15,10,0,0,0,0,0,1,0,90908.87,0.5794,low,0.5
CUST006917,741,good,56.84,88.0,93.11,48.67,83.61,73.4885,12.47,15,1,2,0,0,0,0,2,232660.45,0.0442,low,0.0
CUST006918,781,excellent,86.03,98.22,63.51,39.52,70.79,80.1321,9.39,4,2,0,0,0,0,0,6,68761.25,0.0115,low,0.0
CUST006919,739,good,88.69,55.11,76.28,49.66,91.99,73.1797,30.32,8,0,0,0,0,0,0,6,125762.07,0.0879,low,0.0
CUST006920,837,excellent,97.58,85.15,80.31,89.39,89.0,89.5822,14.37,9,1,0,0,0,0,2,3,118572.61,0.3577,low,0.4
CUST006921,696,risky,57.92,71.15,91.84,58.63,47.96,66.0518,35.36,15,3,1,0,0,0,0,4,61159.55,0.0556,low,0.0
CUST006922,757,excellent,89.71,92.74,25.18,37.17,94.0,76.112,1.6,0,0,0,0,0,0,0,5,39398.66,0.0457,low,0.0
CUST006923,699,risky,45.6,90.04,83.08,33.17,76.94,66.4469,1.73,9,2,3,0,0,0,0,4,71822.68,0.1547,low,0.0
CUST006924,818,excellent,97.1,94.96,70.16,51.62,81.87,86.3458,9.51,7,1,0,0,0,0,1,6,64538.41,0.3697,low,0.1429
CUST006925,800,excellent,90.95,96.87,32.39,92.63,83.98,83.4121,4.62,1,1,0,0,0,0,2,0,145697.48,0.379,low,0.6667
CUST006926,779,excellent,86.88,79.45,61.4,69.7,93.79,79.8001,14.74,2,0,0,0,0,0,1,0,207246.42,0.9,low,0.5
CUST006927,796,excellent,95.91,76.14,89.6,38.47,89.82,82.6783,13.1,15,1,0,0,0,0,0,6,211056.93,0.1111,low,0.0
CUST006928,777,excellent,70.7,90.6,90.54,59.97,80.69,79.5724,0.68,14,1,1,0,0,0,1,2,158023.64,0.6522,low,0.3333
CUST006929,747,good,94.98,75.53,11.43,78.01,91.19,74.5358,12.15,0,0,0,0,0,0,1,1,93281.04,0.775,low,0.5
CUST006930,653,risky,46.88,79.23,62.76,47.23,44.44,58.7577,10.85,3,3,3,0,0,0,0,2,14798.38,0.0992,low,0.0
CUST006931,712,good,51.28,89.25,92.28,44.08,57.47,68.717,11.87,18,3,1,0,0,0,0,7,57517.1,0.1263,low,0.0
CUST006932,843,excellent,97.89,95.61,84.39,61.88,86.91,90.4854,6.74,7,1,0,0,0,0,1,4,58041.62,0.9194,low,0.2
CUST006933,809,excellent,95.24,89.13,60.52,68.95,87.46,84.7926,1.33,4,1,0,0,0,0,1,6,246066.61,0.8768,low,0.1429
CUST006934,771,excellent,90.01,84.15,58.04,33.28,96.45,78.427,12.07,2,0,0,0,0,0,0,4,11561.94,0.0891,low,0.0
CUST006935,789,excellent,96.76,94.64,28.78,61.34,88.27,81.5344,1.72,0,1,0,0,0,0,1,7,72452.24,0.4561,low,0.125
CUST006936,830,excellent,98.23,93.81,88.38,45.92,79.37,88.3094,9.49,15,2,0,0,0,0,0,7,681268.16,0.0927,low,0.0
CUST006937,756,excellent,95.94,77.79,55.16,42.36,65.48,75.9754,10.97,2,2,0,0,0,0,0,2,420040.46,0.0521,low,0.0
CUST006938,764,excellent,99.03,71.28,56.62,47.98,80.57,77.3919,37.56,4,1,0,0,0,0,0,3,74045.78,0.0666,low,0.0
CUST006939,835,excellent,86.58,97.54,87.93,64.75,99.15,89.1463,1.09,15,0,0,0,0,0,1,1,131486.8,0.9125,low,0.5
CUST006940,728,good,70.51,76.02,78.89,30.02,89.54,71.2753,15.0,5,1,1,0,0,0,0,1,152545.81,0.0502,low,0.0
CUST006941,781,excellent,69.39,94.0,93.53,40.97,95.42,80.1544,8.17,19,0,1,0,0,0,0,0,33438.85,0.0967,low,0.0
CUST006942,784,excellent,67.73,99.14,96.64,36.61,90.67,80.6704,8.34,17,1,1,0,0,0,0,1,183675.53,0.1242,low,0.0
CUST006943,829,excellent,98.89,94.75,77.02,51.56,84.94,88.2417,2.48,5,1,0,0,0,0,1,0,165179.55,0.5455,low,0.5
CUST006944,732,good,60.49,84.22,80.27,40.57,95.13,72.047,10.42,5,0,3,0,0,0,0,7,48201.6,0.0182,low,0.0
CUST006945,828,excellent,95.3,89.38,94.98,54.92,81.6,88.0661,2.86,17,1,0,0,0,0,1,5,141184.62,0.4696,low,0.1667
CUST006946,837,excellent,98.33,91.63,78.68,62.25,94.94,89.4233,1.29,6,0,0,0,0,0,1,1,39148.3,0.4709,low,0.5
CUST006947,793,excellent,93.33,80.81,78.46,38.68,95.89,82.1347,10.42,8,0,0,0,0,0,0,6,68492.11,0.017,low,0.0
CUST006948,789,excellent,89.48,85.25,72.42,61.23,77.01,81.5819,23.93,5,2,0,0,0,0,0,6,16438.42,0.0385,low,0.0
CUST006949,696,risky,46.2,88.48,99.69,69.97,22.73,65.9367,3.09,20,5,1,0,0,0,1,1,34247.18,1.4433,low,0.5
CUST006950,785,excellent,89.95,79.72,88.07,31.48,91.29,80.8835,11.09,10,0,0,0,0,0,0,4,128437.38,0.0469,low,0.0
CUST006951,846,excellent,96.27,95.54,92.44,55.04,92.57,90.9865,9.38,12,0,0,0,0,0,1,7,94829.33,0.4087,low,0.125
CUST006952,789,excellent,89.36,88.61,67.27,45.26,90.88,81.5608,12.22,8,0,0,0,0,0,0,1,192932.26,0.0205,low,0.0
CUST006953,751,excellent,90.49,80.46,47.64,30.43,92.46,75.2456,12.89,2,0,0,0,0,0,0,4,315223.85,0.1256,low,0.0
CUST006954,799,excellent,90.01,81.52,85.47,61.69,82.88,83.2356,14.42,15,1,0,0,0,0,1,0,111777.9,0.7829,low,0.5
CUST006955,842,excellent,93.22,99.81,90.87,42.29,99.49,90.3795,4.81,12,0,0,0,0,0,0,2,68708.42,0.1312,low,0.0
CUST006956,709,good,49.39,92.67,52.4,68.81,83.81,68.2101,7.23,4,1,4,0,0,0,1,3,321034.37,0.8572,low,0.25
CUST006957,798,excellent,94.0,93.31,51.56,51.62,92.76,83.065,1.72,3,0,0,0,0,0,2,2,226124.51,0.5323,low,0.5
CUST006958,819,excellent,74.03,99.51,92.45,76.1,92.2,86.4599,3.21,19,0,0,0,0,0,1,4,235063.6,0.36,low,0.2
CUST006959,691,risky,38.78,92.05,92.19,30.42,70.51,65.1093,4.93,16,2,2,0,0,0,0,4,74976.99,0.0107,low,0.0
CUST006960,752,excellent,95.12,75.75,32.05,53.03,92.74,75.399,13.73,0,0,0,0,0,0,1,1,184510.75,0.4394,low,0.5
CUST006961,816,excellent,88.56,90.27,94.21,38.47,99.23,85.9795,9.88,11,0,0,0,0,0,0,6,63863.34,0.1093,low,0.0
CUST006962,819,excellent,86.0,97.95,72.93,70.9,89.84,86.4972,6.7,8,1,0,0,0,0,1,5,28988.87,0.6766,low,0.1667
CUST006963,831,excellent,88.06,89.4,88.69,77.45,97.68,88.459,7.31,13,0,0,0,0,0,1,4,47970.3,0.6104,low,0.2
CUST006964,765,excellent,95.45,88.49,30.51,35.08,94.69,77.5057,3.51,1,0,0,0,0,0,0,0,288635.92,0.141,low,0.0
CUST006965,823,excellent,93.44,97.85,64.12,57.42,97.63,87.1826,0.04,2,0,0,0,0,0,1,4,58872.47,0.9153,low,0.2
CUST006966,692,risky,48.9,86.99,88.86,45.24,43.37,65.401,13.2,12,3,1,0,0,0,0,5,233855.84,0.11,low,0.0
CUST006967,591,high_risk,12.05,93.56,55.82,32.54,46.56,48.5699,9.5,4,4,3,0,0,1,0,2,114341.86,0.3013,low,0.0
CUST006968,817,excellent,87.73,90.37,95.96,48.58,91.26,86.1932,2.75,10,0,0,0,0,0,0,1,16925.5,0.0877,low,0.0
CUST006969,601,high_risk,45.37,31.77,86.02,55.04,64.05,50.2192,65.58,13,4,3,0,0,0,0,0,28593.04,0.0199,low,0.0
CUST006970,799,excellent,93.75,96.44,54.53,36.54,96.39,83.2162,9.46,4,0,0,0,0,0,0,0,89794.47,0.0316,low,0.0
CUST006971,835,excellent,96.16,93.96,93.13,47.38,86.9,89.2383,2.08,11,1,0,0,0,0,1,7,212014.84,0.4148,low,0.125
CUST006972,800,excellent,87.9,89.56,63.32,76.4,84.96,83.2668,1.06,2,1,0,0,0,0,1,3,629543.57,0.901,low,0.25
CUST006973,789,excellent,76.3,86.66,76.69,74.75,97.62,81.4418,14.64,5,0,0,0,0,0,1,6,55280.64,0.4567,low,0.1429
CUST006974,585,high_risk,13.83,89.33,69.81,30.21,24.06,47.5386,10.93,7,5,5,1,1,1,0,0,38743.92,0.61,low,0.0
CUST006975,824,excellent,87.81,91.0,92.95,59.2,93.93,87.2877,3.29,12,0,0,0,0,0,1,5,94008.18,0.473,low,0.1667
CUST006976,795,excellent,89.72,88.91,79.45,38.7,86.26,82.4877,1.39,5,1,0,0,0,0,0,1,45756.1,0.0352,low,0.0
CUST006977,817,excellent,93.97,93.77,59.56,63.39,98.08,86.101,2.91,2,0,0,0,0,0,1,6,221720.14,0.3371,low,0.1429
CUST006978,636,high_risk,37.65,64.52,97.02,46.31,43.53,56.0703,30.94,12,3,1,0,0,0,0,3,446881.37,0.1795,low,0.0
CUST006979,829,excellent,93.32,91.93,74.92,67.55,98.84,88.1205,8.99,6,0,0,0,0,0,1,1,14136.23,0.7162,low,0.5
CUST006980,862,excellent,96.14,96.89,94.41,78.07,90.36,93.7172,4.25,14,0,0,0,0,0,1,7,60102.1,0.3454,low,0.125
CUST006981,814,excellent,88.04,94.65,95.56,40.83,80.8,85.7055,0.82,11,1,0,0,0,0,0,3,45939.97,0.0858,low,0.0
CUST006982,598,high_risk,6.52,95.22,76.29,31.44,42.9,49.7279,6.34,5,6,4,1,0,1,0,6,111422.41,0.3969,low,0.0
CUST006983,758,excellent,85.17,92.86,29.57,56.52,85.55,76.311,0.61,0,1,0,0,0,0,1,3,42977.0,0.5013,low,0.25
CUST006984,693,risky,61.2,76.34,80.95,49.85,40.65,65.5132,13.48,8,3,1,0,0,0,0,3,204844.92,0.14,low,0.0
CUST006985,792,excellent,99.96,86.13,49.81,46.31,90.29,81.9561,10.27,1,0,0,0,0,0,0,5,212566.92,0.0617,low,0.0
CUST006986,760,excellent,88.18,91.38,32.66,41.57,93.25,76.6562,9.41,1,0,0,0,0,0,0,5,498134.8,0.0415,low,0.0
CUST006987,835,excellent,94.86,92.61,81.11,67.3,92.84,89.1651,6.03,6,0,0,0,0,0,1,1,118147.32,0.8004,low,0.5
CUST006988,801,excellent,89.92,93.27,48.47,73.97,93.52,83.4723,4.23,4,0,0,0,0,0,1,1,107983.73,0.4752,low,0.5
CUST006989,828,excellent,99.01,99.87,58.23,47.46,99.74,88.0678,4.73,3,0,0,0,0,0,0,7,19179.42,0.0303,low,0.0
CUST006990,796,excellent,92.37,79.6,87.32,36.1,96.73,82.5896,12.06,20,0,0,0,0,0,0,6,23953.12,0.076,low,0.0
CUST006991,749,good,61.42,95.63,92.44,37.79,70.4,74.8743,8.28,11,2,1,0,0,0,0,5,67868.65,0.1708,low,0.0
CUST006992,771,excellent,88.64,88.63,47.49,46.03,91.83,78.525,6.42,1,0,0,0,0,0,1,3,102446.59,0.3874,low,0.25
CUST006993,840,excellent,90.41,89.96,94.96,71.23,99.57,89.9573,2.91,17,0,0,0,0,0,2,1,61243.53,0.8667,low,0.6667
CUST006994,817,excellent,93.87,90.62,93.71,39.4,81.8,86.2149,3.92,17,1,0,0,0,0,0,4,105555.3,0.0499,low,0.0
CUST006995,612,high_risk,15.44,98.34,44.2,71.61,43.55,52.0539,0.56,1,4,7,1,0,0,1,4,93470.2,1.8918,moderate,0.2
CUST006996,806,excellent,91.54,94.2,67.26,45.99,93.22,84.3102,7.56,7,0,0,0,0,0,0,2,405770.12,0.0268,low,0.0
CUST006997,787,excellent,91.56,90.03,46.66,77.8,73.32,81.1671,4.88,2,2,0,0,0,0,1,4,93331.03,0.4071,low,0.2
CUST006998,810,excellent,88.85,96.4,92.4,36.85,74.83,85.0439,6.29,16,2,0,0,0,0,0,3,27081.09,0.1376,low,0.0
CUST006999,720,good,46.12,89.34,99.74,41.2,79.19,69.9432,1.62,18,2,3,0,0,0,0,2,42356.32,0.071,low,0.0
CUST007000,752,excellent,99.47,77.86,46.05,35.18,67.08,75.3076,10.64,1,2,0,0,0,0,0,7,323681.83,0.0813,low,0.0
CUST007001,817,excellent,89.63,84.43,86.53,74.01,91.04,86.1834,28.01,17,0,0,0,0,0,1,1,50948.07,0.5001,low,0.5
CUST007002,675,risky,58.67,43.28,90.23,75.28,89.31,62.5098,61.79,10,1,4,0,0,0,1,2,279542.51,1.0048,low,0.3333
CUST007003,820,excellent,91.35,89.7,95.2,40.48,94.67,86.676,14.23,17,0,0,0,0,0,0,5,129120.43,0.0334,low,0.0
CUST007004,831,excellent,91.44,95.64,69.49,74.34,99.07,88.4595,2.34,6,0,0,0,0,0,1,6,55718.22,0.6287,low,0.1429
CUST007005,871,excellent,96.28,96.65,99.52,79.55,96.14,95.1872,3.02,15,0,0,0,0,0,1,7,50543.87,0.6383,low,0.125
CUST007006,752,excellent,71.3,88.77,58.95,49.86,99.79,75.3936,8.7,4,0,0,0,0,0,0,3,285214.61,0.1372,low,0.0
CUST007007,665,risky,44.81,78.32,56.59,44.81,86.27,60.7738,10.43,3,1,2,0,0,0,0,3,172723.52,0.0094,low,0.0
CUST007008,766,excellent,90.25,89.25,45.17,44.03,80.92,77.6315,1.99,1,1,0,0,0,0,0,7,56030.38,0.1315,low,0.0
CUST007009,589,high_risk,4.04,94.97,86.29,32.78,20.81,48.2095,9.77,15,5,3,1,1,1,0,6,31434.64,0.4231,low,0.0
CUST007010,722,good,54.83,90.03,73.1,41.36,90.07,70.3072,0.61,6,1,1,0,0,0,0,0,91487.75,0.1627,low,0.0
CUST007011,742,good,71.05,91.74,27.99,77.26,92.77,73.5913,5.08,0,0,1,0,0,0,2,4,71745.64,0.4184,low,0.3333
CUST007012,802,excellent,85.53,87.75,70.25,70.96,97.34,83.625,14.32,8,0,0,0,0,0,1,4,205843.62,0.8247,low,0.2
CUST007013,790,excellent,94.3,88.32,62.7,32.63,94.62,81.6304,13.45,2,0,0,0,0,0,0,2,814290.52,0.1218,low,0.0
CUST007014,782,excellent,86.47,87.07,64.94,44.82,97.84,80.3912,10.25,2,0,0,0,0,0,0,6,313832.34,0.045,low,0.0
CUST007015,796,excellent,85.98,83.22,89.6,47.52,94.87,82.739,14.05,11,0,0,0,0,0,0,5,69690.38,0.1275,low,0.0
CUST007016,830,excellent,90.91,82.03,98.53,77.66,92.84,88.2587,10.31,18,0,0,0,0,0,1,2,20241.8,0.6875,low,0.3333
CUST007017,804,excellent,88.14,91.34,71.83,66.65,83.22,84.0136,2.32,6,1,0,0,0,0,1,4,51448.65,0.7267,low,0.2
CUST007018,726,good,62.18,98.92,66.6,47.95,48.23,71.0477,6.52,9,4,4,0,0,0,0,3,261032.21,0.0541,low,0.0
CUST007019,554,high_risk,7.43,77.34,34.55,39.84,72.82,42.2503,12.13,1,2,3,1,1,1,0,1,90341.68,0.5458,low,0.0
CUST007020,823,excellent,86.34,94.86,91.16,65.77,83.07,87.2337,5.91,15,1,0,0,0,0,1,7,44133.26,0.6363,low,0.125
CUST007021,653,risky,39.76,90.93,45.91,61.74,55.37,58.7942,3.07,3,4,3,0,0,0,1,6,98297.25,1.1865,low,0.1429
CUST007022,810,excellent,93.02,96.51,65.22,42.11,95.52,85.0544,3.74,5,0,0,0,0,0,0,5,81169.8,0.0095,low,0.0
CUST007023,819,excellent,87.27,99.6,87.93,39.53,89.29,86.4959,8.47,15,1,0,0,0,0,0,6,8843.31,0.1529,low,0.0
CUST007024,798,excellent,91.28,77.92,85.94,49.72,98.3,83.0175,10.12,15,0,0,0,0,0,0,6,84097.24,0.0125,low,0.0
CUST007025,726,good,86.99,75.62,37.18,32.76,90.6,71.0479,14.95,1,0,0,0,0,0,0,3,112240.91,0.0048,low,0.0
CUST007026,724,good,65.44,99.85,33.29,37.76,90.29,70.6597,0.21,1,0,1,0,0,0,0,6,87936.47,0.1571,low,0.0
CUST007027,817,excellent,97.54,82.61,83.96,53.86,93.36,86.2383,10.49,9,0,0,0,0,0,1,1,42404.15,0.38,low,0.5
CUST007028,794,excellent,92.73,94.63,59.57,35.2,90.28,82.3286,4.69,2,1,0,0,0,0,0,5,296189.52,0.0163,low,0.0
CUST007029,782,excellent,86.9,94.08,56.75,38.0,93.28,80.2793,7.91,2,0,0,0,0,0,0,5,45231.45,0.1231,low,0.0
CUST007030,791,excellent,91.24,93.53,62.98,40.05,83.77,81.8246,6.13,4,1,0,0,0,0,0,7,77193.68,0.0428,low,0.0
CUST007031,801,excellent,86.12,75.92,95.02,66.75,96.41,83.4884,12.18,15,0,0,0,0,0,2,0,110836.69,0.9719,low,0.6667
CUST007032,841,excellent,99.49,82.63,80.67,88.69,95.09,90.0877,12.36,7,0,0,0,0,0,2,2,167455.44,0.8992,low,0.5
CUST007033,794,excellent,86.3,96.25,54.88,51.57,98.79,82.3502,6.28,2,0,0,0,0,0,1,0,67617.56,0.8999,low,0.5
CUST007034,824,excellent,97.57,84.84,88.32,48.38,96.1,87.2988,10.64,13,0,0,0,0,0,1,3,70901.82,0.4186,low,0.25
CUST007035,832,excellent,89.57,94.7,98.19,44.2,96.78,88.5861,4.98,10,0,0,0,0,0,0,2,320610.8,0.085,low,0.0
CUST007036,832,excellent,92.92,88.52,79.36,86.64,90.7,88.7161,9.75,6,1,0,0,0,0,2,0,105512.38,0.804,low,0.6667
CUST007037,805,excellent,87.92,80.72,84.73,69.02,95.3,84.1298,25.49,7,0,0,0,0,0,1,1,207836.87,0.3433,low,0.5
CUST007038,851,excellent,99.63,96.32,84.46,60.62,93.59,91.8593,4.44,7,0,0,0,0,0,1,0,96078.22,0.4788,low,0.5
CUST007039,717,good,56.55,98.15,68.69,43.45,55.98,69.4827,4.97,5,3,2,0,0,0,0,7,113972.71,0.013,low,0.0
CUST007040,851,excellent,95.04,96.65,83.26,73.08,98.24,91.8811,7.16,8,0,0,0,0,0,1,0,495051.65,0.3605,low,0.5
CUST007041,773,excellent,92.87,95.73,26.27,38.4,97.72,78.7777,5.09,0,0,0,0,0,0,0,3,38197.29,0.0036,low,0.0
CUST007042,814,excellent,94.62,87.53,98.85,33.88,80.79,85.6706,11.15,14,1,0,0,0,0,0,6,170865.96,0.1578,low,0.0
CUST007043,822,excellent,96.14,83.34,67.92,89.0,92.94,87.0342,10.2,8,0,0,0,0,0,2,7,410015.16,0.9304,low,0.2222
CUST007044,620,high_risk,34.87,98.08,20.0,41.0,45.7,53.3016,1.68,0,4,4,0,0,0,0,5,46406.24,0.0584,low,0.0
CUST007045,741,good,59.53,80.8,94.57,62.57,89.21,73.4393,10.18,10,1,2,0,0,0,1,2,190299.84,1.2355,low,0.3333
CUST007046,769,excellent,87.66,79.54,57.74,61.63,87.6,78.1263,10.33,3,1,0,0,0,0,1,6,59061.74,0.9563,low,0.1429
CUST007047,780,excellent,94.29,90.21,44.71,48.88,82.86,79.9448,9.63,1,1,0,0,0,0,0,2,206977.57,0.111,low,0.0
CUST007048,800,excellent,89.24,99.38,56.76,43.34,94.55,83.3487,4.03,2,0,0,0,0,0,0,5,78960.3,0.0096,low,0.0
CUST007049,754,excellent,93.81,75.52,49.98,36.99,89.36,75.619,12.61,1,1,0,0,0,0,0,0,92959.47,0.1555,low,0.0
CUST007050,789,excellent,94.55,89.05,32.03,76.73,91.34,81.4188,8.47,0,1,0,0,0,0,1,0,61034.74,0.5658,low,0.5
CUST007051,760,excellent,87.88,86.74,26.61,62.43,97.1,76.7244,10.39,0,0,0,0,0,0,1,3,57789.44,0.572,low,0.25
CUST007052,764,excellent,86.02,93.03,46.84,42.76,80.1,77.3272,3.32,1,1,0,0,0,0,0,1,30842.01,0.0842,low,0.0
CUST007053,795,excellent,96.27,81.03,69.86,59.25,80.35,82.4411,12.52,8,1,0,0,0,0,1,3,75510.8,0.8018,low,0.25
CUST007054,678,risky,25.66,81.69,94.56,68.26,85.58,63.0539,12.84,13,1,1,0,0,0,1,1,328331.76,0.9779,low,0.5
CUST007055,723,good,68.7,91.37,34.21,48.67,90.28,70.4829,6.75,0,0,0,0,0,0,1,6,120573.43,0.7389,low,0.1429
CUST007056,655,risky,15.58,92.75,85.2,77.22,64.16,59.1961,7.4,12,4,8,1,0,0,1,0,123868.42,1.5341,moderate,0.5
CUST007057,778,excellent,94.19,79.97,48.88,61.92,91.87,79.6684,23.13,3,0,0,0,0,0,0,0,70318.28,0.0988,low,0.0
CUST007058,801,excellent,88.08,82.29,90.64,62.46,80.8,83.4355,15.96,16,1,0,0,0,0,1,2,153328.17,0.4428,low,0.3333
CUST007059,767,excellent,88.15,89.28,25.04,73.57,90.52,77.8039,1.77,0,1,0,0,0,0,1,0,159187.84,0.963,low,0.5
CUST007060,820,excellent,86.14,91.0,87.03,66.66,94.72,86.6414,6.59,14,0,0,0,0,0,1,4,72185.22,0.8409,low,0.2
CUST007061,814,excellent,87.88,92.19,89.04,39.77,99.44,85.6915,9.46,14,0,0,0,0,0,0,3,39243.04,0.075,low,0.0
CUST007062,805,excellent,99.06,98.56,31.44,53.84,98.16,84.1525,0.57,0,0,0,0,0,0,1,5,79754.03,0.7232,low,0.1667
CUST007063,839,excellent,93.16,89.24,85.29,92.64,83.53,89.7878,8.61,14,1,0,0,0,0,2,3,204540.11,0.7674,low,0.4
CUST007064,740,good,91.05,86.06,16.99,33.1,97.94,73.3389,10.65,0,0,0,0,0,0,0,0,23091.56,0.0714,low,0.0
CUST007065,794,excellent,99.66,66.25,68.39,82.26,90.89,82.3327,34.49,8,0,0,0,0,0,2,5,28532.18,0.63,low,0.2857
CUST007066,820,excellent,96.61,78.36,97.13,49.99,96.95,86.5864,13.34,18,0,0,0,0,0,0,5,367943.38,0.0964,low,0.0
CUST007067,776,excellent,86.71,99.05,33.53,46.91,95.21,79.3044,4.09,1,0,0,0,0,0,0,1,16276.05,0.1665,low,0.0
CUST007068,819,excellent,99.92,93.93,67.66,39.75,92.43,86.519,4.4,6,0,0,0,0,0,0,3,92150.39,0.0079,low,0.0
CUST007069,796,excellent,85.32,89.7,76.81,51.39,91.91,82.6249,7.49,6,0,0,0,0,0,1,7,196442.31,0.3628,low,0.125
CUST007070,725,good,78.08,77.23,45.51,43.11,92.14,70.8496,10.25,2,0,1,0,0,0,0,4,160810.27,0.0113,low,0.0
CUST007071,776,excellent,93.96,76.36,55.53,59.49,92.02,79.2749,10.04,2,0,0,0,0,0,1,4,246039.87,0.9012,low,0.2
CUST007072,716,good,85.57,52.64,35.92,86.6,94.95,69.2849,57.97,1,0,0,0,0,0,2,3,137022.62,0.744,low,0.4
CUST007073,855,excellent,96.57,88.05,96.87,79.01,97.77,92.4227,7.25,13,0,0,0,0,0,1,5,48922.54,0.6578,low,0.1667
CUST007074,804,excellent,99.95,78.19,78.77,46.85,89.83,83.9239,14.52,7,1,0,0,0,0,1,7,40472.71,0.5963,low,0.125
CUST007075,798,excellent,95.39,98.87,47.79,32.02,96.21,83.0419,6.87,2,0,0,0,0,0,0,4,234264.7,0.1298,low,0.0
CUST007076,577,high_risk,0.66,95.5,71.62,37.09,28.19,46.1508,9.67,6,5,2,0,1,1,0,3,292012.69,0.503,low,0.0
CUST007077,814,excellent,88.15,92.94,85.42,49.63,91.92,85.7034,9.62,15,1,0,0,0,0,0,6,107877.88,0.1105,low,0.0
CUST007078,736,good,86.85,88.48,36.97,35.83,66.33,72.7033,14.24,1,2,0,0,0,0,0,3,68455.37,0.136,low,0.0
CUST007079,766,excellent,93.68,89.78,46.86,30.3,78.59,77.639,12.65,2,2,0,0,0,0,0,3,440200.43,0.0777,low,0.0
CUST007080,818,excellent,92.38,96.96,88.61,33.01,83.45,86.3587,5.45,12,1,0,0,0,0,0,2,438819.93,0.0399,low,0.0
CUST007081,603,high_risk,15.24,92.0,70.38,45.41,24.9,50.5224,0.54,8,5,4,1,0,1,0,5,45761.43,0.5181,low,0.0
CUST007082,813,excellent,95.16,89.81,86.28,42.7,80.79,85.5394,0.8,15,1,0,0,0,0,0,6,83721.36,0.1069,low,0.0
CUST007083,646,high_risk,25.84,92.72,79.09,33.03,56.15,57.6406,4.83,9,3,3,0,0,0,0,0,171809.99,0.1694,low,0.0
CUST007084,755,excellent,78.86,78.35,59.19,70.29,88.56,75.8707,11.4,3,1,0,0,0,0,1,5,42803.16,0.6786,low,0.1667
CUST007085,818,excellent,93.09,91.56,88.16,49.1,81.97,86.3813,6.35,11,1,0,0,0,0,1,4,444721.0,0.8798,low,0.2
CUST007086,852,excellent,98.86,97.9,99.22,37.25,94.84,92.0616,1.49,14,0,0,0,0,0,0,6,286818.56,0.0804,low,0.0
CUST007087,818,excellent,93.76,93.61,93.71,33.16,80.85,86.3552,0.48,14,1,0,0,0,0,0,7,353940.01,0.0241,low,0.0
CUST007088,664,risky,49.83,76.84,46.09,37.63,95.71,60.7401,10.48,1,0,1,0,0,0,0,7,59533.98,0.0793,low,0.0
CUST007089,783,excellent,86.59,89.88,69.39,39.49,89.29,80.5555,1.56,8,1,0,0,0,0,0,5,153075.72,0.0096,low,0.0
CUST007090,775,excellent,94.2,95.78,43.5,38.26,71.77,79.2333,6.54,1,2,0,0,0,0,0,4,467454.56,0.0696,low,0.0
CUST007091,772,excellent,97.18,88.78,31.88,38.94,93.12,78.6333,7.34,1,0,0,0,0,0,0,4,265562.48,0.0703,low,0.0
CUST007092,604,high_risk,12.95,78.5,96.51,38.42,42.43,50.6423,12.24,16,4,5,0,0,1,0,3,57739.26,0.19,low,0.0
CUST007093,814,excellent,91.33,86.95,94.81,36.23,97.88,85.6844,14.17,10,0,0,0,0,0,0,3,22812.65,0.0854,low,0.0
CUST007094,715,good,44.67,97.5,97.59,33.27,63.8,69.2292,1.92,14,4,4,0,0,0,0,0,82370.21,0.145,low,0.0
CUST007095,608,high_risk,12.12,76.2,91.03,48.71,56.46,51.2734,10.69,20,4,5,0,0,1,0,6,55818.09,0.2871,low,0.0
CUST007096,806,excellent,93.58,88.5,72.62,49.59,91.37,84.2911,13.97,9,0,0,0,0,0,1,7,168020.55,0.7626,low,0.125
CUST007097,624,high_risk,28.43,83.72,59.73,40.9,58.88,54.0046,10.61,3,3,3,0,0,1,0,7,127481.19,0.2517,low,0.0
CUST007098,772,excellent,69.13,97.3,81.27,43.16,87.1,78.6007,0.06,6,1,1,0,0,0,0,2,216654.56,0.0677,low,0.0
CUST007099,803,excellent,72.98,92.16,97.75,79.78,80.7,83.9007,5.82,13,1,1,0,0,0,1,3,53162.79,0.5805,low,0.25
CUST007100,835,excellent,94.17,88.24,99.98,49.72,98.15,89.2168,8.66,16,0,0,0,0,0,0,6,331512.96,0.1032,low,0.0
CUST007101,808,excellent,94.01,79.49,93.41,44.29,95.23,84.7165,10.31,20,0,0,0,0,0,0,3,37498.78,0.1458,low,0.0
CUST007102,762,excellent,93.07,96.78,19.17,34.02,91.69,77.055,7.23,0,0,0,0,0,0,0,1,11428.0,0.0701,low,0.0
CUST007103,794,excellent,91.27,88.18,67.49,41.33,96.09,82.2642,1.46,5,0,0,0,0,0,0,4,61227.34,0.1516,low,0.0
CUST007104,746,good,57.45,93.81,69.11,79.79,77.46,74.3415,6.97,6,2,3,0,0,0,1,3,147268.77,0.8891,low,0.25
CUST007105,792,excellent,88.45,88.83,85.29,33.01,83.42,82.0425,10.56,16,1,0,0,0,0,0,7,354161.03,0.0112,low,0.0
CUST007106,758,excellent,77.22,97.06,45.0,48.8,85.12,76.2868,6.28,3,1,1,0,0,0,0,4,117534.33,0.0151,low,0.0
CUST007107,820,excellent,97.31,88.13,64.65,64.75,99.96,86.6638,1.8,2,0,0,0,0,0,1,0,126750.37,0.9471,low,0.5
CUST007108,797,excellent,97.48,82.84,67.15,43.71,94.29,82.8428,11.4,7,0,0,0,0,0,0,0,84652.87,0.1458,low,0.0
CUST007109,753,excellent,65.35,89.25,89.27,33.2,91.77,75.5372,0.73,17,0,1,0,0,0,0,2,84228.59,0.108,low,0.0
CUST007110,767,excellent,67.16,93.87,83.38,47.27,88.92,77.7919,4.8,5,1,0,0,0,0,0,0,42074.18,0.0907,low,0.0
CUST007111,637,high_risk,18.31,99.68,76.38,73.55,21.16,56.2391,3.14,5,5,5,0,0,0,1,2,378900.17,2.2804,moderate,0.3333
CUST007112,792,excellent,88.37,98.64,53.99,42.32,91.84,82.0345,3.14,3,0,0,0,0,0,0,2,441616.45,0.1542,low,0.0
CUST007113,767,excellent,64.04,96.22,94.14,46.82,77.19,77.8007,9.07,18,2,4,0,0,0,0,2,220452.43,0.1181,low,0.0
CUST007114,788,excellent,85.36,88.06,80.15,31.37,98.71,81.325,3.2,5,0,0,0,0,0,0,3,1228976.53,0.072,low,0.0
CUST007115,628,high_risk,17.45,86.38,75.16,79.41,43.92,54.628,14.54,7,6,8,0,0,0,1,2,160020.09,1.5161,moderate,0.3333
CUST007116,740,good,60.22,89.26,92.13,31.36,84.67,73.2775,7.08,10,1,4,0,0,0,0,1,55611.49,0.0622,low,0.0
CUST007117,851,excellent,97.73,92.46,92.77,68.45,90.96,91.8025,4.35,10,0,0,0,0,0,1,3,101963.95,0.6965,low,0.25
CUST007118,819,excellent,96.3,76.94,94.29,60.04,95.69,86.5049,14.47,10,0,0,0,0,0,1,5,72425.72,0.7946,low,0.1667
CUST007119,675,risky,26.77,99.88,91.87,39.3,53.89,62.4329,3.2,18,4,4,0,0,1,0,5,24033.37,0.4698,low,0.0
CUST007120,767,excellent,85.62,89.25,50.14,39.96,94.99,77.7583,0.96,2,0,0,0,0,0,0,7,215883.59,0.0689,low,0.0
CUST007121,777,excellent,95.67,98.98,22.15,47.51,82.08,79.4609,7.22,0,1,0,0,0,0,0,6,190909.17,0.1304,low,0.0
CUST007122,754,excellent,88.14,90.28,47.38,37.82,67.8,75.6044,1.12,3,2,0,0,0,0,0,5,109799.08,0.1149,low,0.0
CUST007123,792,excellent,98.45,91.36,34.71,49.29,99.73,81.9755,8.66,0,0,0,0,0,0,0,1,94733.04,0.115,low,0.0
CUST007124,688,risky,47.35,81.2,60.07,48.2,99.42,64.7075,14.0,3,0,3,0,0,0,0,7,148297.95,0.1941,low,0.0
CUST007125,812,excellent,99.6,77.93,87.33,47.87,92.34,85.358,11.4,19,0,0,0,0,0,0,1,61960.28,0.0064,low,0.0
CUST007126,835,excellent,90.94,97.33,98.69,42.73,91.18,89.2221,8.2,17,0,0,0,0,0,0,3,110742.66,0.0399,low,0.0
CUST007127,817,excellent,96.89,88.93,82.24,34.97,97.92,86.2146,4.6,6,0,0,0,0,0,0,0,319810.19,0.0614,low,0.0
CUST007128,793,excellent,88.88,80.75,92.02,32.78,96.81,82.0959,14.31,19,0,0,0,0,0,0,1,158966.41,0.1238,low,0.0
CUST007129,798,excellent,86.13,89.59,81.29,45.68,91.53,82.9358,1.72,8,0,0,0,0,0,0,7,18450.84,0.0363,low,0.0
CUST007130,674,risky,40.38,85.03,70.88,32.44,88.96,62.4107,13.48,6,1,2,0,0,0,0,1,84541.89,0.1498,low,0.0
CUST007131,741,good,51.46,97.79,94.22,48.79,70.75,73.4342,3.62,16,2,2,0,0,0,0,6,19937.63,0.1906,low,0.0
CUST007132,821,excellent,96.05,81.5,98.6,49.02,90.35,86.7934,27.24,16,0,0,0,0,0,1,7,384461.43,0.5255,low,0.125
CUST007133,753,excellent,63.26,87.33,95.38,77.84,60.71,75.5014,11.74,13,3,4,0,0,0,1,5,356153.11,1.0485,low,0.1667
CUST007134,704,good,51.98,88.87,98.03,34.64,42.66,67.288,2.24,19,3,2,0,0,0,0,2,122746.81,0.1652,low,0.0
CUST007135,736,good,69.12,94.84,55.64,33.6,83.67,72.717,8.97,2,1,1,0,0,0,0,2,237541.15,0.1302,low,0.0
CUST007136,755,excellent,93.89,83.08,41.79,30.08,87.75,75.8373,10.73,1,1,0,0,0,0,0,1,138034.42,0.0917,low,0.0
CUST007137,628,high_risk,17.98,93.9,60.6,30.03,81.5,54.7052,7.78,2,1,6,0,0,1,0,6,116369.87,0.1703,low,0.0
CUST007138,737,good,85.88,83.05,32.56,38.07,92.46,72.9125,11.01,1,0,0,0,0,0,0,2,102910.92,0.0164,low,0.0
CUST007139,750,excellent,99.49,83.65,13.14,38.83,92.75,75.0452,12.85,0,0,0,0,0,0,0,2,127111.41,0.15,low,0.0
CUST007140,717,good,46.26,81.78,96.56,61.51,81.58,69.5186,10.91,11,1,4,0,0,0,1,6,36886.43,0.9625,low,0.1429
CUST007141,809,excellent,95.74,82.38,94.18,33.75,91.01,84.8278,10.7,17,1,0,0,0,0,0,5,27714.76,0.1655,low,0.0
CUST007142,729,good,50.95,99.08,85.47,34.53,77.31,71.558,2.81,17,2,3,0,0,0,0,4,32692.09,0.0077,low,0.0
CUST007143,838,excellent,98.94,94.61,93.4,38.99,88.05,89.7259,4.2,19,1,0,0,0,0,0,2,277181.58,0.0249,low,0.0
CUST007144,782,excellent,87.0,95.75,72.58,30.72,71.92,80.3277,2.0,7,2,0,0,0,0,0,7,63988.68,0.0412,low,0.0
CUST007145,812,excellent,93.74,93.57,72.53,39.86,95.59,85.3037,9.68,7,0,0,0,0,0,0,5,99895.53,0.1642,low,0.0
CUST007146,816,excellent,92.3,89.43,75.48,60.57,94.26,85.9416,12.61,7,0,0,0,0,0,1,0,195358.84,0.9434,low,0.5
CUST007147,646,high_risk,46.85,77.28,61.3,35.0,53.82,57.6592,11.38,3,3,1,0,0,0,0,5,111237.91,0.1498,low,0.0
CUST007148,788,excellent,98.99,82.35,51.78,51.56,90.58,81.3307,10.02,2,0,0,0,0,0,1,7,50468.99,0.4788,low,0.125
CUST007149,845,excellent,99.47,88.27,94.26,73.09,80.33,90.7771,5.54,11,1,0,0,0,0,1,6,296445.56,0.4262,low,0.1429
CUST007150,672,risky,27.43,95.52,85.36,48.56,60.27,61.9429,2.71,15,4,4,0,0,0,0,0,67617.91,0.0364,low,0.0
CUST007151,778,excellent,97.46,99.45,21.34,34.53,91.33,79.7339,5.34,0,0,0,0,0,0,0,2,41988.1,0.0538,low,0.0
CUST007152,573,high_risk,17.07,92.38,11.14,38.69,62.59,45.4861,3.81,0,3,3,1,0,1,0,7,58030.97,0.2464,low,0.0
CUST007153,812,excellent,90.42,91.88,85.68,35.87,97.5,85.3983,5.73,12,0,0,0,0,0,0,0,34990.86,0.1636,low,0.0
CUST007154,829,excellent,97.98,99.61,71.78,41.75,90.12,88.1304,5.81,6,0,0,0,0,0,0,2,31438.74,0.0411,low,0.0
CUST007155,773,excellent,86.78,86.16,70.55,38.77,81.29,78.8076,12.45,7,1,0,0,0,0,0,6,157915.79,0.1422,low,0.0
CUST007156,828,excellent,96.56,93.39,63.65,69.75,96.11,87.9442,5.8,2,0,0,0,0,0,1,5,136424.79,0.5988,low,0.1667
CUST007157,733,good,78.33,89.66,27.26,50.77,87.12,72.1922,3.65,0,1,1,0,0,0,1,3,80058.97,0.4159,low,0.25
CUST007158,746,good,46.24,94.26,99.4,69.25,90.46,74.3401,7.31,20,0,3,0,0,0,1,4,68672.22,1.474,low,0.2
CUST007159,819,excellent,94.22,87.52,93.75,40.62,90.95,86.4551,11.77,11,1,0,0,0,0,0,7,26829.56,0.1532,low,0.0
CUST007160,814,excellent,85.32,97.66,91.34,34.44,93.7,85.6769,8.54,19,0,0,0,0,0,0,1,29576.78,0.0054,low,0.0
CUST007161,740,good,89.52,35.64,98.46,74.93,90.63,73.3473,51.56,15,0,0,0,0,0,1,4,68962.18,0.3334,low,0.2
CUST007162,783,excellent,96.16,90.4,57.26,44.74,67.12,80.5492,7.26,4,2,0,0,0,0,0,2,31287.97,0.1005,low,0.0
CUST007163,731,good,53.5,92.11,66.41,79.21,86.76,71.9162,4.04,8,1,4,0,0,0,1,2,178864.45,1.2945,low,0.3333
CUST007164,720,good,36.5,98.03,80.82,74.89,91.9,69.9876,9.39,9,1,4,0,0,0,1,7,113153.15,1.1067,low,0.125
CUST007165,754,excellent,93.33,80.01,39.7,38.36,91.81,75.6409,11.85,1,0,0,0,0,0,0,2,271548.67,0.0318,low,0.0
CUST007166,808,excellent,74.37,97.51,83.27,75.11,94.67,84.7495,3.99,6,0,1,0,0,0,2,3,77523.28,0.7217,low,0.4
CUST007167,790,excellent,94.57,78.21,70.23,55.11,91.21,81.73,13.13,8,0,0,0,0,0,1,0,21054.59,0.7634,low,0.5
CUST007168,838,excellent,91.36,96.68,92.72,65.53,82.05,89.6462,3.53,11,1,0,0,0,0,1,3,26253.45,0.7741,low,0.25
CUST007169,725,good,69.33,81.74,54.22,45.25,93.19,70.7635,11.16,4,0,1,0,0,0,1,5,483988.34,0.6725,low,0.1667
CUST007170,722,good,97.13,34.54,69.86,59.2,96.26,70.3828,58.51,7,0,0,0,0,0,0,7,168154.1,0.1417,low,0.0
CUST007171,757,excellent,72.06,91.47,56.24,70.56,80.47,76.2011,6.95,2,1,1,0,0,0,1,2,202088.6,0.7077,low,0.3333
CUST007172,760,excellent,94.07,78.82,45.58,36.49,96.54,76.7111,13.55,2,0,0,0,0,0,0,5,29306.77,0.1655,low,0.0
CUST007173,766,excellent,71.55,81.27,80.9,62.74,98.06,77.6371,28.36,7,0,1,0,0,0,1,4,165792.06,0.7396,low,0.2
CUST007174,602,high_risk,13.16,97.79,70.0,30.33,29.21,50.3975,4.3,9,6,3,0,1,1,0,0,207128.94,0.5696,low,0.0
CUST007175,782,excellent,86.75,96.7,51.3,36.54,96.49,80.3695,1.87,3,0,0,0,0,0,0,6,47023.14,0.1609,low,0.0
CUST007176,865,excellent,94.66,98.95,98.46,70.32,96.18,94.2342,8.12,20,0,0,0,0,0,1,1,609454.23,0.5836,low,0.5
CUST007177,759,excellent,77.22,93.35,49.3,61.33,80.22,76.5811,6.65,4,1,1,0,0,0,1,7,47297.24,0.7303,low,0.125
CUST007178,803,excellent,97.19,80.9,85.04,35.09,92.87,83.8375,12.57,11,0,0,0,0,0,0,5,673909.64,0.0958,low,0.0
CUST007179,819,excellent,89.62,96.87,77.62,59.15,85.6,86.5466,9.61,5,1,0,0,0,0,1,4,43492.82,0.3665,low,0.2
CUST007180,714,good,51.52,86.71,85.17,46.0,76.48,69.0676,12.13,20,2,2,0,0,0,0,5,137624.91,0.2422,low,0.0
CUST007181,872,excellent,97.12,98.44,92.66,87.82,90.83,95.2877,5.92,13,1,0,0,0,0,2,2,119222.21,0.6634,low,0.5
CUST007182,733,good,73.81,59.51,89.02,52.18,99.06,72.1635,31.49,10,0,0,0,0,0,0,3,65351.94,0.1253,low,0.0
CUST007183,676,risky,44.57,94.63,73.85,34.86,41.65,62.7173,9.03,6,3,4,0,0,0,0,4,35909.97,0.0816,low,0.0
CUST007184,798,excellent,90.64,78.93,71.84,74.53,94.4,83.0739,15.0,5,0,0,0,0,0,1,3,119233.69,0.608,low,0.25
CUST007185,787,excellent,91.78,90.87,46.86,50.75,97.12,81.1978,2.38,1,0,0,0,0,0,1,5,142192.33,0.9624,low,0.1667
CUST007186,782,excellent,87.98,87.27,61.34,41.86,99.17,80.2781,11.92,3,0,0,0,0,0,0,3,32145.49,0.0709,low,0.0
CUST007187,833,excellent,95.5,98.17,91.34,36.49,86.63,88.8914,7.28,13,1,0,0,0,0,0,1,42192.23,0.0836,low,0.0
CUST007188,802,excellent,85.43,89.29,92.4,40.27,90.36,83.6129,10.24,16,0,0,0,0,0,0,0,235363.69,0.1327,low,0.0
CUST007189,809,excellent,91.0,83.29,85.55,58.35,93.69,84.8703,10.97,12,0,0,0,0,0,1,1,201076.82,0.7228,low,0.5
CUST007190,799,excellent,93.55,90.42,55.62,49.82,99.07,83.1,3.03,2,0,0,0,0,0,0,6,107437.68,0.0319,low,0.0
CUST007191,712,good,61.47,96.51,32.8,38.69,94.06,68.6656,0.45,0,0,3,0,0,0,0,6,159649.24,0.1397,low,0.0
CUST007192,804,excellent,89.92,96.3,78.02,49.27,69.31,83.9238,3.03,5,2,0,0,0,0,1,0,23438.63,0.7743,low,0.5
CUST007193,788,excellent,90.53,88.72,69.71,32.72,92.5,81.28,1.02,7,0,0,0,0,0,0,5,68254.3,0.0403,low,0.0
CUST007194,811,excellent,94.12,84.01,84.41,51.2,92.47,85.1734,13.6,8,0,0,0,0,0,1,6,47362.29,0.8277,low,0.1429
CUST007195,852,excellent,93.45,98.37,89.19,69.03,94.47,91.9464,1.68,10,0,0,0,0,0,1,4,82663.31,0.4885,low,0.2
CUST007196,724,good,49.81,98.95,91.08,46.68,51.52,70.6014,3.68,11,4,3,0,0,0,0,0,86832.55,0.207,low,0.0
CUST007197,747,good,59.48,95.74,79.83,37.49,91.59,74.421,6.78,9,1,4,0,0,0,0,4,116139.41,0.0835,low,0.0
CUST007198,691,risky,59.72,76.9,73.59,36.45,65.49,65.2073,10.85,5,2,1,0,0,0,0,2,52259.7,0.0281,low,0.0
CUST007199,861,excellent,95.27,97.83,91.64,74.3,96.13,93.4821,3.48,18,0,0,0,0,0,1,3,133076.5,0.7262,low,0.25
CUST007200,708,good,46.81,97.39,89.63,48.4,41.38,68.0215,5.77,14,4,4,0,0,0,0,2,160499.93,0.0257,low,0.0
CUST007201,805,excellent,85.76,95.88,88.19,33.67,88.18,84.1942,8.81,10,1,0,0,0,0,0,1,480459.85,0.0621,low,0.0
CUST007202,785,excellent,95.48,85.66,56.3,40.69,91.98,80.8281,11.96,2,1,0,0,0,0,0,0,57904.2,0.1609,low,0.0
CUST007203,729,good,51.28,84.43,89.56,49.54,98.79,71.5435,12.62,15,0,1,0,0,0,0,7,118707.97,0.1877,low,0.0
CUST007204,660,risky,56.14,77.48,24.15,49.31,85.42,59.9896,10.21,0,1,1,0,0,0,0,0,44351.39,0.0529,low,0.0
CUST007205,586,high_risk,14.76,96.6,49.16,32.79,28.85,47.682,1.77,1,6,3,0,1,1,0,1,49928.71,0.6139,low,0.0
CUST007206,793,excellent,87.2,80.68,90.5,48.22,90.8,82.1999,13.86,12,0,0,0,0,0,1,3,436715.69,0.9736,low,0.25
CUST007207,680,risky,43.39,79.71,84.19,46.61,70.15,63.4029,14.52,9,2,4,0,0,0,0,2,15330.41,0.0059,low,0.0
CUST007208,778,excellent,86.39,94.4,55.18,31.87,96.72,79.6943,1.76,3,0,0,0,0,0,0,2,116667.83,0.1213,low,0.0
CUST007209,815,excellent,92.44,89.92,68.84,69.57,92.03,85.8169,7.2,9,0,0,0,0,0,1,6,177256.74,0.6593,low,0.1429
CUST007210,664,risky,54.53,91.48,26.42,40.2,61.34,60.6473,3.26,0,3,4,0,0,0,0,5,38144.83,0.2139,low,0.0
CUST007211,767,excellent,89.42,90.47,46.75,30.18,93.54,77.8221,8.79,1,0,0,0,0,0,0,3,367913.7,0.066,low,0.0
CUST007212,776,excellent,88.5,97.23,42.85,41.34,86.56,79.3606,8.03,1,1,0,0,0,0,0,3,155662.64,0.0556,low,0.0
CUST007213,776,excellent,79.81,91.54,67.35,44.65,93.05,79.2675,3.57,8,0,1,0,0,0,0,2,786791.97,0.1492,low,0.0
CUST007214,701,good,47.72,99.56,69.37,32.31,66.34,66.8395,5.18,7,2,4,0,0,0,0,6,97174.48,0.0393,low,0.0
CUST007215,764,excellent,88.34,88.23,17.13,74.98,99.61,77.4164,0.8,0,0,0,0,0,0,1,2,44303.16,0.3638,low,0.3333
CUST007216,818,excellent,87.8,96.46,98.33,35.39,84.42,86.3965,1.13,15,1,0,0,0,0,0,7,2329259.64,0.1505,low,0.0
CUST007217,797,excellent,90.51,78.74,93.53,65.06,70.79,82.9143,11.72,16,2,0,0,0,0,1,3,244958.17,0.6963,low,0.25
CUST007218,844,excellent,98.44,84.66,97.39,69.03,92.58,90.6219,12.52,14,0,0,0,0,0,1,5,19853.86,0.9097,low,0.1667
CUST007219,779,excellent,85.82,90.77,65.46,43.67,83.86,79.8433,2.31,5,1,0,0,0,0,0,0,217586.57,0.1127,low,0.0
CUST007220,795,excellent,91.91,88.46,69.52,40.77,93.7,82.582,6.8,6,0,0,0,0,0,0,0,34233.85,0.0466,low,0.0
CUST007221,709,good,45.4,92.03,98.71,49.92,49.48,68.2449,7.32,10,3,2,0,0,0,0,6,42674.78,0.1408,low,0.0
CUST007222,794,excellent,69.71,97.75,98.5,48.9,89.68,82.3555,5.85,15,1,0,0,0,0,0,0,34795.2,0.0395,low,0.0
CUST007223,673,risky,42.3,95.22,37.62,71.42,69.74,62.1279,3.53,1,2,3,0,0,0,1,6,135361.68,1.4414,low,0.1429
CUST007224,810,excellent,87.15,95.58,77.81,43.47,97.65,84.9599,2.05,8,0,0,0,0,0,0,6,87333.36,0.1574,low,0.0
CUST007225,815,excellent,94.35,90.3,88.06,37.15,88.45,85.8825,3.02,18,1,0,0,0,0,0,0,297290.11,0.1522,low,0.0
CUST007226,769,excellent,92.95,77.47,60.5,37.0,96.18,78.1689,14.73,3,0,0,0,0,0,0,1,55290.97,0.0017,low,0.0
CUST007227,817,excellent,85.26,99.31,85.87,49.74,87.44,86.2325,0.52,15,1,0,0,0,0,0,2,106059.17,0.0964,low,0.0
CUST007228,784,excellent,86.12,81.69,82.24,46.52,90.0,80.6401,11.61,8,0,0,0,0,0,0,7,1009899.09,0.027,low,0.0
CUST007229,800,excellent,98.96,78.57,88.63,42.05,76.96,83.4021,10.23,20,2,0,0,0,0,0,6,82901.35,0.1224,low,0.0
CUST007230,611,high_risk,11.58,86.79,74.35,43.66,62.23,51.8305,11.08,6,4,7,0,0,1,0,7,128532.78,0.4826,low,0.0
CUST007231,829,excellent,95.54,94.91,88.67,32.74,96.81,88.1681,0.01,13,0,0,0,0,0,0,0,70865.75,0.0278,low,0.0
CUST007232,794,excellent,97.87,92.71,43.31,44.4,94.05,82.4071,3.42,1,0,0,0,0,0,0,6,41114.21,0.1362,low,0.0
CUST007233,709,good,42.58,89.06,82.06,74.65,77.51,68.1471,13.34,8,2,4,0,0,0,1,5,257653.19,1.2624,low,0.1667
CUST007234,704,good,54.98,87.78,66.27,38.62,80.14,67.3937,10.87,7,1,2,0,0,0,0,1,178261.0,0.1138,low,0.0
CUST007235,799,excellent,85.49,98.66,71.63,41.71,87.35,83.171,4.09,9,1,0,0,0,0,0,7,17416.12,0.1346,low,0.0
CUST007236,764,excellent,66.05,90.05,67.96,75.49,95.38,77.412,1.6,6,0,0,0,0,0,1,1,354797.84,0.7301,low,0.5
CUST007237,717,good,51.19,87.26,89.11,69.47,60.17,69.4251,14.7,20,3,3,0,0,0,1,1,60525.18,1.474,low,0.5
CUST007238,809,excellent,93.9,98.28,57.75,44.8,93.06,84.7994,4.12,2,0,0,0,0,0,0,3,46051.14,0.1087,low,0.0
CUST007239,806,excellent,93.26,83.65,95.74,48.66,73.94,84.355,14.59,10,2,0,0,0,0,0,2,673094.72,0.0872,low,0.0
CUST007240,863,excellent,99.4,99.95,94.87,56.74,91.89,93.8678,0.21,20,1,0,0,0,0,1,3,77212.15,0.5918,low,0.25
CUST007241,693,risky,63.07,89.13,48.91,35.75,57.09,65.4331,6.31,4,3,3,0,0,0,0,2,44402.01,0.0717,low,0.0
CUST007242,814,excellent,91.29,91.01,90.12,35.23,94.02,85.697,0.65,16,0,0,0,0,0,0,2,330476.94,0.1434,low,0.0
CUST007243,804,excellent,89.37,88.04,95.1,46.17,74.0,83.9744,5.68,10,2,0,0,0,0,0,3,91651.01,0.1266,low,0.0
CUST007244,567,high_risk,5.79,75.82,82.01,37.25,36.62,44.4621,12.0,7,5,4,1,0,1,0,0,521204.76,0.3059,low,0.0
CUST007245,823,excellent,91.22,93.41,86.91,49.88,92.58,87.231,9.35,11,0,0,0,0,0,0,5,28007.18,0.0191,low,0.0
CUST007246,716,good,61.1,99.91,39.01,45.59,75.96,69.3643,2.62,1,2,4,0,0,0,0,1,90490.77,0.2382,low,0.0
CUST007247,789,excellent,78.87,85.38,93.73,47.58,94.52,81.4902,13.6,18,0,0,0,0,0,0,4,220970.41,0.0281,low,0.0
CUST007248,829,excellent,95.12,96.1,80.57,54.61,85.63,88.2303,6.16,7,1,0,0,0,0,1,3,109873.54,0.9023,low,0.25
CUST007249,646,high_risk,37.6,79.62,36.61,62.11,88.94,57.6424,20.6,1,1,3,0,0,0,0,1,340107.7,0.0991,low,0.0
CUST007250,805,excellent,85.65,77.32,98.23,68.12,95.07,84.2267,14.16,12,0,0,0,0,0,1,7,89506.69,0.5336,low,0.125
CUST007251,758,excellent,94.47,75.89,71.26,45.83,51.61,76.2623,14.27,9,3,0,0,0,0,0,1,89926.19,0.0723,low,0.0
CUST007252,801,excellent,97.49,78.35,79.94,46.95,91.88,83.5006,10.71,6,0,0,0,0,0,0,7,40226.25,0.0879,low,0.0
CUST007253,832,excellent,85.86,99.76,92.3,64.34,84.52,88.7097,1.62,11,1,0,0,0,0,1,0,166326.87,0.8041,low,0.5
CUST007254,820,excellent,97.63,77.29,97.15,57.14,90.13,86.6559,14.61,15,0,0,0,0,0,1,2,225387.25,0.9595,low,0.3333
CUST007255,788,excellent,89.04,82.54,72.09,45.96,99.71,81.308,20.76,6,0,0,0,0,0,1,6,248324.46,0.6027,low,0.1429
CUST007256,810,excellent,91.71,96.87,48.37,69.31,96.07,84.9524,1.72,2,0,0,0,0,0,2,4,176454.63,0.8091,low,0.3333
CUST007257,785,excellent,92.77,79.96,66.71,46.75,96.27,80.7662,12.92,7,0,0,0,0,0,0,7,100699.4,0.1444,low,0.0
CUST007258,802,excellent,85.97,89.73,86.93,44.84,91.74,83.7066,5.52,20,0,0,0,0,0,0,5,52104.57,0.1559,low,0.0
CUST007259,594,high_risk,19.96,78.81,77.78,35.54,31.12,48.965,10.91,7,5,3,0,0,1,0,6,203456.69,0.3007,low,0.0
CUST007260,763,excellent,86.67,97.53,34.27,31.66,91.93,77.0919,2.98,1,0,0,0,0,0,0,1,123215.07,0.0552,low,0.0
CUST007261,825,excellent,92.88,90.83,92.31,45.78,93.62,87.5434,9.24,19,0,0,0,0,0,0,0,41216.32,0.0934,low,0.0
CUST007262,766,excellent,68.89,93.4,83.43,30.53,98.98,77.5981,0.93,5,0,1,0,0,0,0,6,228451.7,0.0024,low,0.0
CUST007263,810,excellent,87.99,97.08,68.28,48.68,99.65,84.9977,6.88,8,0,0,0,0,0,1,6,50225.28,0.4571,low,0.1429
CUST007264,849,excellent,96.76,94.84,77.08,76.61,98.83,91.425,2.17,9,0,0,0,0,0,1,1,19963.46,0.6344,low,0.5
CUST007265,774,excellent,90.43,83.56,62.1,37.12,92.56,78.9998,13.65,3,0,0,0,0,0,0,4,58793.52,0.052,low,0.0
CUST007266,821,excellent,91.79,96.36,53.87,79.65,98.28,86.9066,5.28,3,0,0,0,0,0,1,1,250172.73,0.6249,low,0.5
CUST007267,806,excellent,96.36,82.11,75.83,49.4,96.36,84.3125,10.16,7,0,0,0,0,0,0,7,262897.18,0.1323,low,0.0
CUST007268,775,excellent,93.62,90.11,49.44,38.43,81.04,79.1647,4.66,2,1,0,0,0,0,0,5,127138.3,0.1065,low,0.0
CUST007269,800,excellent,94.32,91.41,67.07,33.12,94.86,83.2933,9.59,7,0,0,0,0,0,0,7,17557.61,0.0898,low,0.0
CUST007270,834,excellent,95.02,87.84,85.47,74.15,91.81,89.0248,12.65,11,1,0,0,0,0,1,0,431089.76,0.3838,low,0.5
CUST007271,834,excellent,99.7,89.14,85.56,50.26,94.37,88.9352,10.94,17,0,0,0,0,0,1,6,57816.11,0.4308,low,0.1429
CUST007272,803,excellent,79.24,99.19,84.14,38.44,99.33,83.8916,6.1,8,0,1,0,0,0,0,0,69517.37,0.0444,low,0.0
CUST007273,719,good,53.55,82.57,88.43,66.95,73.81,69.8551,13.64,14,2,2,0,0,0,1,3,117732.72,1.1684,low,0.25
CUST007274,754,excellent,92.05,79.83,33.61,49.53,95.3,75.6912,10.02,1,0,0,0,0,0,0,6,23011.26,0.0749,low,0.0
CUST007275,767,excellent,88.95,87.23,49.7,38.57,91.49,77.7626,13.82,4,0,0,0,0,0,0,5,39706.15,0.1402,low,0.0
CUST007276,790,excellent,69.83,94.44,98.85,48.4,92.14,81.6533,3.57,13,0,0,0,0,0,0,2,63579.67,0.0872,low,0.0
CUST007277,788,excellent,92.68,89.19,62.15,32.66,95.08,81.29,2.9,2,0,0,0,0,0,0,7,218439.17,0.0527,low,0.0
CUST007278,830,excellent,91.34,96.85,65.5,77.5,97.26,88.3289,9.36,9,0,0,0,0,0,1,2,90070.33,0.7344,low,0.3333
CUST007279,765,excellent,86.99,91.6,34.74,52.26,91.04,77.4641,9.28,0,0,0,0,0,0,1,0,44423.19,0.4341,low,0.5
CUST007280,834,excellent,93.0,83.02,82.8,94.12,96.3,88.9206,13.49,5,0,0,0,0,0,2,7,215580.69,0.5785,low,0.2222
CUST007281,792,excellent,93.92,88.72,45.57,61.09,95.18,81.9493,2.89,1,0,0,0,0,0,1,0,20846.3,0.3635,low,0.5
CUST007282,776,excellent,97.95,89.92,38.73,36.45,85.83,79.2956,1.47,1,1,0,0,0,0,0,0,77883.75,0.0134,low,0.0
CUST007283,740,good,87.79,87.8,30.55,31.97,85.23,73.3685,14.2,1,1,0,0,0,0,0,6,67130.69,0.0858,low,0.0
CUST007284,773,excellent,95.85,96.02,31.94,33.4,83.74,78.8564,5.0,0,1,0,0,0,0,0,1,113664.17,0.0691,low,0.0
CUST007285,818,excellent,95.5,93.98,70.93,58.02,82.86,86.3478,3.05,6,1,0,0,0,0,1,0,345335.38,0.5032,low,0.5
CUST007286,762,excellent,59.88,96.52,96.5,34.91,91.08,76.9846,7.46,14,0,4,0,0,0,0,7,75112.44,0.0395,low,0.0
CUST007287,668,risky,46.63,92.22,53.76,32.82,60.65,61.3957,1.72,4,3,3,0,0,0,0,6,188375.97,0.1981,low,0.0
CUST007288,789,excellent,96.43,75.41,78.91,33.8,98.91,81.4794,13.85,6,0,0,0,0,0,0,4,44167.87,0.0704,low,0.0
CUST007289,779,excellent,94.24,78.78,66.66,33.7,98.83,79.8695,12.92,8,0,0,0,0,0,0,6,121122.52,0.112,low,0.0
CUST007290,797,excellent,70.58,98.77,77.31,71.81,98.03,82.9153,2.26,5,0,1,0,0,0,1,0,173537.63,0.9225,low,0.5
CUST007291,601,high_risk,14.78,82.18,75.26,30.71,59.31,50.1185,13.87,6,4,6,1,1,1,0,5,28119.51,0.3595,low,0.0
CUST007292,779,excellent,97.89,88.32,35.4,45.39,92.87,79.8927,13.5,1,0,0,0,0,0,0,3,36205.33,0.1484,low,0.0
CUST007293,818,excellent,94.03,88.46,92.14,49.87,81.31,86.3893,11.96,20,1,0,0,0,0,0,3,107202.59,0.1002,low,0.0
CUST007294,721,good,54.5,98.91,51.46,46.48,91.04,70.221,3.24,3,1,3,0,0,0,0,6,119799.18,0.1145,low,0.0
CUST007295,623,high_risk,40.88,98.85,12.43,38.43,42.28,53.9007,2.85,0,3,1,0,0,0,0,0,326073.34,0.1633,low,0.0
CUST007296,781,excellent,93.37,75.86,76.93,40.95,90.45,80.1202,11.98,7,0,0,0,0,0,0,7,75711.26,0.1254,low,0.0
CUST007297,810,excellent,96.36,97.63,74.8,33.1,74.03,84.949,8.18,5,2,0,0,0,0,0,0,65923.15,0.0282,low,0.0
CUST007298,830,excellent,98.28,98.38,77.19,63.4,65.65,88.3975,9.66,6,2,0,0,0,0,1,0,87291.99,0.341,low,0.5
CUST007299,589,high_risk,2.78,97.03,51.71,49.58,54.39,48.2373,0.28,2,4,4,0,1,1,0,5,24741.58,0.4824,low,0.0
CUST007300,755,excellent,86.7,78.75,47.03,49.94,97.51,75.7728,14.06,2,0,0,0,0,0,0,3,123569.86,0.0399,low,0.0
CUST007301,776,excellent,92.79,90.3,49.33,31.47,92.62,79.3769,0.59,1,0,0,0,0,0,0,3,63337.96,0.0985,low,0.0
CUST007302,845,excellent,93.76,92.08,99.54,57.28,98.08,90.9039,3.15,12,0,0,0,0,0,1,2,64737.4,0.3515,low,0.3333
CUST007303,826,excellent,94.44,84.02,80.29,76.66,96.77,87.6467,11.78,5,0,0,0,0,0,1,1,151627.53,0.9675,low,0.5
CUST007304,799,excellent,93.26,97.95,49.51,43.17,94.65,83.2326,0.14,1,0,0,0,0,0,0,4,194541.69,0.1664,low,0.0
CUST007305,828,excellent,94.03,89.06,88.78,53.94,97.44,88.0827,5.81,13,0,0,0,0,0,1,6,52975.06,0.9941,low,0.1429
CUST007306,767,excellent,77.4,86.38,68.09,56.64,88.89,77.7715,28.98,8,1,0,0,0,0,1,2,24952.74,0.7487,low,0.3333
CUST007307,797,excellent,99.7,90.07,53.72,31.29,96.73,82.7758,6.26,2,0,0,0,0,0,0,0,43781.03,0.0072,low,0.0
CUST007308,798,excellent,93.87,88.7,53.81,63.79,91.31,83.047,8.81,4,0,0,0,0,0,1,3,61839.6,0.4454,low,0.25
CUST007309,810,excellent,92.06,86.01,69.6,75.34,90.35,85.0331,14.5,7,0,0,0,0,0,1,2,139021.81,0.5926,low,0.3333
CUST007310,792,excellent,87.87,94.91,47.36,60.14,96.07,81.9521,8.67,4,0,0,0,0,0,1,5,17039.77,0.5464,low,0.1667
CUST007311,775,excellent,97.52,88.94,30.73,45.45,91.77,79.1487,2.54,0,1,0,0,0,0,0,4,198711.95,0.1196,low,0.0
CUST007312,789,excellent,89.33,94.9,65.21,36.17,83.52,81.488,9.25,9,1,0,0,0,0,0,7,122416.47,0.0353,low,0.0
CUST007313,789,excellent,65.32,98.04,90.64,73.77,82.91,81.5406,3.96,10,1,0,0,0,0,1,7,31491.23,0.3338,low,0.125
CUST007314,810,excellent,86.33,94.53,91.85,41.93,83.89,84.9358,9.68,13,1,0,0,0,0,0,1,289515.92,0.01,low,0.0
CUST007315,671,risky,40.83,82.68,75.0,34.16,80.4,61.8015,10.23,9,1,2,0,0,0,0,4,111597.5,0.1616,low,0.0
CUST007316,748,good,99.0,81.96,20.35,54.57,69.83,74.7305,10.47,0,2,0,0,0,0,1,4,43007.77,0.6778,low,0.2
CUST007317,760,excellent,87.15,98.87,20.0,36.59,99.15,76.7362,8.26,0,0,0,0,0,0,0,6,241351.14,0.1378,low,0.0
CUST007318,806,excellent,86.96,88.76,70.17,69.05,97.71,84.2656,7.5,8,0,0,0,0,0,2,4,847421.4,0.846,low,0.3333
CUST007319,659,risky,27.51,88.56,72.26,30.41,98.25,59.9004,11.55,6,0,4,0,0,0,0,6,64045.3,0.0564,low,0.0
CUST007320,804,excellent,94.0,92.49,44.89,69.85,95.83,83.9488,5.85,1,0,0,0,0,0,1,3,288912.24,0.7346,low,0.25
CUST007321,802,excellent,87.3,94.79,66.81,48.11,97.85,83.6091,0.79,6,0,0,0,0,0,0,6,17142.15,0.0665,low,0.0
CUST007322,819,excellent,93.3,81.99,99.39,47.38,95.34,86.4307,14.17,12,0,0,0,0,0,0,3,123503.67,0.04,low,0.0
CUST007323,766,excellent,66.14,93.36,83.35,48.53,91.99,77.7126,1.58,7,1,0,0,0,0,1,5,23940.23,0.9206,low,0.1667
CUST007324,773,excellent,87.93,87.43,56.37,45.67,88.0,78.829,10.24,4,1,0,0,0,0,0,1,34861.63,0.1028,low,0.0
CUST007325,618,high_risk,22.83,88.82,69.92,63.69,25.77,53.0696,13.16,6,5,3,0,0,0,1,2,120206.93,2.153,moderate,0.3333
CUST007326,778,excellent,99.64,88.0,32.27,38.91,96.02,79.6084,4.02,0,0,0,0,0,0,0,3,105183.01,0.0189,low,0.0
CUST007327,817,excellent,93.7,98.96,72.6,45.71,82.63,86.2088,2.69,6,1,0,0,0,0,0,4,75954.81,0.0769,low,0.0
CUST007328,823,excellent,96.97,99.15,67.72,49.73,83.6,87.1744,5.94,8,1,0,0,0,0,0,6,260978.91,0.0828,low,0.0
CUST007329,808,excellent,86.04,92.22,97.23,30.79,92.77,84.7213,2.07,16,0,0,0,0,0,0,6,29356.99,0.1179,low,0.0
CUST007330,534,high_risk,9.75,75.28,22.16,46.08,51.2,39.0489,10.93,0,4,1,0,1,1,0,0,507562.68,0.4314,low,0.0
CUST007331,800,excellent,89.87,95.07,76.71,34.06,85.15,83.4007,5.76,8,1,0,0,0,0,0,3,141411.83,0.0541,low,0.0
CUST007332,583,high_risk,9.14,97.36,45.53,32.02,47.14,47.1549,1.92,1,3,4,1,1,1,0,0,91503.32,0.6179,low,0.0
CUST007333,712,good,50.15,96.85,84.49,43.31,50.33,68.6435,1.56,8,3,4,0,0,0,0,7,59243.61,0.0998,low,0.0
CUST007334,720,good,57.93,88.63,83.08,46.61,59.82,69.9697,3.04,5,4,4,0,0,0,0,7,56678.79,0.2106,low,0.0
CUST007335,651,risky,24.34,91.46,90.9,74.53,24.27,58.4712,5.58,18,5,6,0,0,0,1,5,31113.95,1.4498,low,0.1667
CUST007336,675,risky,33.4,89.07,78.74,47.91,75.03,62.5183,5.66,5,2,1,0,0,0,0,7,111229.41,0.0595,low,0.0
CUST007337,737,good,89.58,89.78,11.16,36.75,91.9,72.8254,10.26,0,1,0,0,0,0,0,3,53636.38,0.1557,low,0.0
CUST007338,817,excellent,99.92,84.25,86.24,45.43,84.57,86.1847,24.24,10,1,0,0,0,0,0,2,38411.56,0.0405,low,0.0
CUST007339,577,high_risk,4.97,77.96,82.45,39.12,47.13,46.1221,10.75,7,4,0,0,1,1,0,0,116636.26,0.5581,low,0.0
CUST007340,757,excellent,94.43,83.42,38.97,31.1,91.68,76.2,14.37,1,1,0,0,0,0,0,4,224958.68,0.0995,low,0.0
CUST007341,817,excellent,96.54,89.48,90.42,30.34,89.65,86.1968,2.65,13,1,0,0,0,0,0,7,219629.15,0.0566,low,0.0
CUST007342,749,good,88.92,57.3,78.65,49.89,96.58,74.7601,37.02,8,0,0,0,0,0,0,5,342864.37,0.0218,low,0.0
CUST007343,823,excellent,87.63,99.09,93.04,36.73,92.19,87.2466,7.47,13,0,0,0,0,0,0,1,259354.36,0.1278,low,0.0
CUST007344,787,excellent,89.89,79.82,90.08,30.37,91.7,81.1272,10.72,17,0,0,0,0,0,0,7,108833.31,0.1327,low,0.0
CUST007345,805,excellent,96.44,97.05,57.93,36.42,89.54,84.1535,0.84,4,1,0,0,0,0,0,1,175072.23,0.1051,low,0.0
CUST007346,809,excellent,95.48,96.77,62.78,44.66,84.79,84.8089,3.85,2,1,0,0,0,0,0,5,29096.05,0.0745,low,0.0
CUST007347,757,excellent,54.64,88.73,95.42,71.59,89.65,76.181,2.28,12,1,3,0,0,0,1,7,228123.26,0.9943,low,0.125
CUST007348,830,excellent,91.18,88.25,75.21,87.55,99.34,88.358,0.23,5,0,0,0,0,0,2,0,112128.9,0.8138,low,0.6667
CUST007349,758,excellent,65.67,93.23,81.12,39.77,93.01,76.3983,6.58,9,0,0,0,0,0,0,7,50139.68,0.056,low,0.0
CUST007350,829,excellent,90.47,96.01,67.74,79.51,95.17,88.0959,5.97,5,0,0,0,0,0,1,5,103437.53,0.3437,low,0.1667
CUST007351,632,high_risk,44.62,33.23,92.49,75.95,82.48,55.3023,52.42,17,1,3,0,0,0,1,4,188543.26,0.9105,low,0.2
CUST007352,751,excellent,95.83,60.36,63.3,45.69,94.28,75.1399,40.49,3,0,0,0,0,0,0,4,265679.79,0.0995,low,0.0
CUST007353,818,excellent,90.59,90.39,99.99,47.76,77.84,86.3836,1.42,14,2,0,0,0,0,1,2,112050.28,0.5308,low,0.3333
CUST007354,812,excellent,96.92,83.56,92.62,32.35,92.23,85.3397,10.52,19,0,0,0,0,0,0,2,60165.13,0.0473,low,0.0
CUST007355,822,excellent,93.32,95.56,76.09,47.37,95.87,87.0695,0.33,9,0,0,0,0,0,0,6,63361.46,0.1088,low,0.0
CUST007356,770,excellent,79.08,75.33,72.86,74.59,96.27,78.2921,16.44,5,0,1,0,0,0,1,0,68287.21,0.5098,low,0.5
CUST007357,806,excellent,73.75,99.81,98.79,47.64,89.16,84.2546,6.94,10,1,0,0,0,0,0,7,45387.54,0.1118,low,0.0
CUST007358,710,good,56.91,97.3,75.15,33.82,44.86,68.2501,1.63,9,3,2,0,0,0,0,2,39577.07,0.1593,low,0.0
CUST007359,795,excellent,85.51,89.98,97.64,38.8,70.17,82.4627,7.75,16,2,0,0,0,0,0,0,83074.24,0.1277,low,0.0
CUST007360,796,excellent,91.29,83.67,64.26,74.8,84.84,82.6589,10.92,4,1,0,0,0,0,1,6,31743.52,0.5247,low,0.1429
CUST007361,843,excellent,96.62,93.26,96.93,49.15,92.51,90.5005,2.86,18,0,0,0,0,0,0,3,222541.72,0.0621,low,0.0
CUST007362,807,excellent,99.23,76.9,72.33,61.82,96.72,84.5064,10.27,8,0,0,0,0,0,1,4,94198.75,0.975,low,0.2
CUST007363,786,excellent,85.94,77.24,96.18,49.68,84.23,81.0676,11.22,15,1,0,0,0,0,1,3,607806.14,0.9547,low,0.25
CUST007364,692,risky,59.19,79.54,76.03,41.73,51.06,65.2647,12.0,5,3,3,0,0,0,0,1,198097.29,0.0582,low,0.0
CUST007365,796,excellent,95.48,80.33,81.06,35.25,94.53,82.6552,13.81,9,0,0,0,0,0,0,0,21616.62,0.0356,low,0.0
CUST007366,763,excellent,87.91,76.47,66.71,37.91,96.85,77.193,13.65,5,0,0,0,0,0,0,1,39738.52,0.1332,low,0.0
CUST007367,807,excellent,87.42,95.21,81.48,33.42,97.37,84.4634,3.92,8,0,0,0,0,0,0,4,56894.75,0.0068,low,0.0
CUST007368,826,excellent,94.65,79.51,91.96,73.88,94.37,87.5987,12.5,11,0,0,0,0,0,1,2,14979.0,0.9122,low,0.3333
CUST007369,673,risky,28.83,95.74,65.88,75.27,69.96,62.2186,3.84,5,2,7,0,0,0,1,6,59233.59,1.6205,moderate,0.1429
CUST007370,804,excellent,87.67,87.52,78.8,54.76,97.71,84.0089,12.86,6,0,0,0,0,0,1,7,45425.66,0.6001,low,0.125
CUST007371,821,excellent,99.67,86.94,67.58,61.12,96.43,86.8605,14.38,6,0,0,0,0,0,1,0,1205842.33,0.7464,low,0.5
CUST007372,742,good,89.55,91.28,14.06,30.84,97.98,73.7172,3.29,0,0,0,0,0,0,0,0,53381.09,0.0411,low,0.0
CUST007373,832,excellent,96.23,98.22,80.49,51.67,82.55,88.6417,9.2,5,1,0,0,0,0,1,6,27746.71,0.5693,low,0.1429
CUST007374,776,excellent,90.99,92.63,45.51,30.49,98.92,79.4012,9.63,1,0,0,0,0,0,0,6,108687.61,0.1553,low,0.0
CUST007375,786,excellent,88.89,89.03,50.26,74.06,81.62,80.9267,8.89,2,1,0,0,0,0,1,5,75178.01,0.7071,low,0.1667
CUST007376,821,excellent,90.44,86.61,92.65,60.5,91.85,86.7715,12.82,16,1,0,0,0,0,1,4,249805.7,0.8011,low,0.2
CUST007377,805,excellent,85.28,93.77,84.05,47.14,89.38,84.2395,0.41,8,1,0,0,0,0,0,2,573821.23,0.0028,low,0.0
CUST007378,612,high_risk,24.71,87.37,45.9,67.94,44.11,51.9505,12.65,2,4,8,0,0,0,1,7,165919.83,1.9664,moderate,0.125
CUST007379,795,excellent,99.82,95.16,44.35,32.99,90.14,82.4502,9.72,1,0,0,0,0,0,0,7,82162.3,0.0429,low,0.0
CUST007380,806,excellent,96.04,95.05,54.73,49.04,91.56,84.3959,3.09,2,0,0,0,0,0,1,2,59692.33,0.5656,low,0.3333
CUST007381,634,high_risk,27.44,78.18,76.13,47.54,64.61,55.6923,28.77,6,3,1,0,0,0,0,0,90232.94,0.0706,low,0.0
CUST007382,729,good,40.44,96.99,96.81,68.53,78.5,71.4743,0.21,14,2,4,0,0,0,1,4,164332.14,1.1208,low,0.2
CUST007383,835,excellent,97.02,88.71,86.92,56.01,98.81,89.0904,14.2,14,0,0,0,0,0,1,2,137827.88,0.5313,low,0.3333
CUST007384,707,good,41.81,90.63,92.29,76.81,54.27,67.7732,9.84,18,3,3,0,0,0,1,1,77071.83,1.054,low,0.5
CUST007385,813,excellent,91.68,91.14,89.79,30.61,95.48,85.506,1.27,19,0,0,0,0,0,0,0,381329.8,0.0616,low,0.0
CUST007386,856,excellent,97.71,99.96,75.03,73.98,98.21,92.6606,6.72,5,0,0,0,0,0,1,2,202682.97,0.8887,low,0.3333
CUST007387,798,excellent,85.63,89.12,85.32,41.7,93.51,83.0265,3.09,11,0,0,0,0,0,0,5,84372.65,0.1029,low,0.0
CUST007388,780,excellent,98.92,98.83,19.26,32.23,95.72,79.9569,4.77,0,0,0,0,0,0,0,7,49160.34,0.1463,low,0.0
CUST007389,754,excellent,90.16,94.37,13.41,47.88,90.46,75.7144,7.06,0,0,0,0,0,0,0,2,19477.8,0.0525,low,0.0
CUST007390,744,good,87.27,77.43,47.47,33.75,97.52,74.0201,13.73,1,0,0,0,0,0,0,0,106705.54,0.069,low,0.0
CUST007391,784,excellent,95.43,75.21,73.95,39.39,97.49,80.7416,11.99,8,0,0,0,0,0,0,4,75528.01,0.1448,low,0.0
CUST007392,810,excellent,90.71,86.33,97.85,37.98,88.32,84.9572,10.58,11,1,0,0,0,0,0,7,82167.59,0.1014,low,0.0
CUST007393,668,risky,21.06,92.93,99.82,35.59,75.51,61.3349,2.76,16,2,5,1,0,1,0,6,43912.51,0.372,low,0.0
CUST007394,714,good,87.99,31.6,99.51,46.74,90.7,68.9466,50.29,13,0,0,0,0,0,1,3,268480.33,0.6421,low,0.25
CUST007395,759,excellent,96.4,85.97,22.01,36.82,99.53,76.4692,12.07,0,0,0,0,0,0,0,2,62800.66,0.0667,low,0.0
CUST007396,822,excellent,88.99,93.72,98.43,49.5,80.19,86.9958,0.48,10,1,0,0,0,0,0,6,95746.5,0.1208,low,0.0
CUST007397,779,excellent,92.72,84.05,66.89,36.33,85.47,79.8813,12.85,7,1,0,0,0,0,0,0,39192.61,0.0338,low,0.0
CUST007398,772,excellent,78.38,98.86,61.11,33.69,90.48,78.6735,4.89,2,1,0,0,0,0,0,6,103476.17,0.121,low,0.0
CUST007399,772,excellent,97.94,88.73,25.26,44.9,95.62,78.7411,14.88,0,0,0,0,0,0,0,7,379280.68,0.0165,low,0.0
CUST007400,797,excellent,91.01,95.51,56.67,44.51,93.24,82.7816,4.6,2,0,0,0,0,0,0,6,115672.5,0.1213,low,0.0
CUST007401,616,high_risk,24.72,94.57,46.53,38.7,48.25,52.6965,9.25,4,4,8,0,0,1,0,5,620364.76,0.5714,low,0.0
CUST007402,639,high_risk,14.22,97.42,76.71,69.05,49.09,56.5207,0.19,6,3,8,0,0,0,1,1,47798.45,1.8698,moderate,0.5
CUST007403,700,good,39.8,98.22,80.76,48.04,63.66,66.6797,1.26,7,4,4,0,0,0,0,2,43495.58,0.1413,low,0.0
CUST007404,722,good,64.61,92.17,65.06,44.92,58.17,70.3332,1.33,7,4,1,0,0,0,0,6,45394.85,0.006,low,0.0
CUST007405,702,good,47.69,93.92,72.4,75.09,37.97,67.0348,9.85,9,5,3,0,0,0,1,4,261319.43,0.934,low,0.2
CUST007406,800,excellent,92.36,76.52,98.29,39.07,94.72,83.4033,14.18,12,0,0,0,0,0,0,1,36124.26,0.0744,low,0.0
CUST007407,818,excellent,94.49,87.86,69.76,68.64,95.5,86.3075,12.27,8,0,0,0,0,0,1,2,130121.0,0.5266,low,0.3333
CUST007408,814,excellent,88.78,90.34,75.74,62.31,99.65,85.7331,4.15,7,0,0,0,0,0,1,4,109489.0,0.7947,low,0.2
CUST007409,804,excellent,93.84,96.86,66.04,34.08,87.28,83.9461,3.72,8,1,0,0,0,0,0,4,39867.78,0.0617,low,0.0
CUST007410,849,excellent,98.17,95.4,93.04,48.86,97.08,91.5271,9.71,17,0,0,0,0,0,0,1,99823.52,0.1527,low,0.0
CUST007411,677,risky,44.13,75.27,75.73,67.67,76.0,62.7533,10.36,6,2,4,0,0,0,1,4,231807.37,1.2897,low,0.2
CUST007412,795,excellent,85.63,97.78,58.38,49.27,95.67,82.5536,8.68,2,0,0,0,0,0,0,3,119408.76,0.0713,low,0.0
CUST007413,754,excellent,91.91,78.87,46.03,39.8,89.65,75.6805,12.5,1,1,0,0,0,0,0,4,148742.64,0.1359,low,0.0
CUST007414,825,excellent,91.87,96.7,92.57,42.67,82.05,87.5204,9.84,11,1,0,0,0,0,0,5,39615.98,0.1109,low,0.0
CUST007415,770,excellent,85.38,77.15,81.68,32.1,99.12,78.4012,14.42,6,0,0,0,0,0,0,1,125784.21,0.1025,low,0.0
CUST007416,829,excellent,90.78,90.36,91.74,64.33,91.32,88.2078,8.22,14,0,0,0,0,0,3,0,191512.97,0.5314,low,0.75
CUST007417,834,excellent,90.59,98.37,92.76,43.77,94.77,88.986,2.33,19,0,0,0,0,0,0,7,59742.11,0.0636,low,0.0
CUST007418,831,excellent,97.21,93.96,69.78,62.64,95.7,88.5115,8.65,7,0,0,0,0,0,1,7,151404.22,0.9369,low,0.125
CUST007419,832,excellent,98.44,94.1,67.32,66.8,91.24,88.5868,8.11,5,1,0,0,0,0,2,4,191234.4,0.8082,low,0.3333
CUST007420,826,excellent,96.2,92.55,74.74,62.0,88.25,87.6705,0.29,5,1,0,0,0,0,1,3,186600.52,0.6545,low,0.25
CUST007421,753,excellent,66.51,99.13,49.17,52.63,98.11,75.4664,9.1,3,0,1,0,0,0,1,2,129635.99,0.63,low,0.3333
CUST007422,805,excellent,86.97,93.76,87.05,49.87,75.38,84.1491,6.61,12,2,0,0,0,0,0,6,70215.58,0.1013,low,0.0
CUST007423,831,excellent,86.72,96.07,90.64,61.69,96.42,88.5818,7.62,14,0,0,0,0,0,1,1,212252.78,0.486,low,0.5
CUST007424,804,excellent,96.55,75.65,87.4,49.81,93.75,83.951,14.63,17,0,0,0,0,0,0,6,27475.57,0.1172,low,0.0
CUST007425,814,excellent,89.0,90.35,93.62,36.32,97.45,85.6744,9.45,10,0,0,0,0,0,0,1,41890.57,0.0495,low,0.0
CUST007426,786,excellent,89.95,95.98,51.48,39.88,90.88,81.0766,0.83,4,0,0,0,0,0,0,7,70323.13,0.1665,low,0.0
CUST007427,695,risky,46.3,97.11,84.64,34.67,44.05,65.9039,3.67,8,3,4,0,0,0,0,7,81309.56,0.184,low,0.0
CUST007428,831,excellent,87.45,99.78,80.01,78.46,80.86,88.4768,8.38,5,1,0,0,0,0,1,0,185116.62,0.935,low,0.5
CUST007429,585,high_risk,7.86,90.95,60.28,36.57,48.42,47.575,3.5,2,4,6,0,1,1,0,1,72448.22,0.5106,low,0.0
CUST007430,712,good,55.69,97.12,69.73,32.52,63.47,68.6863,1.86,5,4,1,0,0,0,0,3,141064.82,0.1328,low,0.0
CUST007431,700,good,52.92,94.17,53.22,63.58,66.03,66.7195,2.99,4,2,3,0,0,0,1,1,16063.5,1.1773,low,0.5
CUST007432,840,excellent,89.47,97.5,88.07,62.2,99.36,89.929,7.33,20,0,0,0,0,0,1,3,645874.17,0.3382,low,0.25
CUST007433,631,high_risk,24.38,88.84,49.63,78.62,57.06,55.1967,0.59,1,4,6,0,0,0,1,2,51352.07,1.5216,moderate,0.3333
CUST007434,750,excellent,67.46,84.34,71.85,57.27,95.19,74.937,28.33,8,0,1,0,0,0,1,5,31967.87,0.9229,low,0.1667
CUST007435,767,excellent,70.35,83.32,90.98,47.47,98.7,77.8835,10.27,10,0,1,0,0,0,0,1,76162.64,0.067,low,0.0
CUST007436,821,excellent,95.35,92.62,76.5,52.23,90.54,86.91,2.51,7,1,0,0,0,0,1,0,38149.25,0.6977,low,0.5
CUST007437,813,excellent,85.02,93.57,93.34,40.22,95.76,85.4282,2.56,11,0,0,0,0,0,0,7,334404.43,0.0356,low,0.0
CUST007438,749,good,97.72,80.86,20.45,42.85,90.76,74.8879,10.21,0,1,0,0,0,0,0,4,341952.73,0.0619,low,0.0
CUST007439,837,excellent,90.31,91.8,90.88,73.87,93.58,89.5279,3.18,15,0,0,0,0,0,1,2,25209.37,0.9333,low,0.3333
CUST007440,778,excellent,87.34,78.85,66.72,56.99,96.98,79.6301,11.86,9,0,0,0,0,0,1,3,160117.09,0.5329,low,0.25
CUST007441,799,excellent,85.69,88.49,89.45,45.44,87.47,83.2445,0.68,14,1,0,0,0,0,0,4,145432.39,0.0043,low,0.0
CUST007442,695,risky,51.69,88.24,54.25,48.34,83.78,65.9127,9.1,2,1,4,0,0,0,0,6,127792.55,0.2281,low,0.0
CUST007443,739,good,89.12,76.25,32.43,44.75,97.25,73.1319,14.31,1,0,0,0,0,0,0,2,25374.72,0.0708,low,0.0
CUST007444,660,risky,48.63,92.25,43.29,33.67,55.21,60.0791,0.52,1,3,1,0,0,0,0,2,11509.62,0.2352,low,0.0
CUST007445,690,risky,47.36,97.64,48.59,33.18,85.94,65.07,7.98,2,1,2,0,0,0,0,2,161671.02,0.185,low,0.0
CUST007446,830,excellent,85.16,89.32,96.04,75.34,98.66,88.4103,9.03,10,0,0,0,0,0,1,6,21208.94,0.6073,low,0.1429
CUST007447,831,excellent,92.19,89.58,87.45,63.27,98.98,88.484,1.7,16,0,0,0,0,0,1,5,86708.69,0.9518,low,0.1667
CUST007448,805,excellent,91.61,90.44,67.79,52.25,94.94,84.0843,9.96,6,0,0,0,0,0,1,2,85893.81,0.753,low,0.3333
CUST007449,827,excellent,97.32,86.68,71.29,77.94,93.46,87.8993,11.58,8,0,0,0,0,0,1,6,55388.33,0.7265,low,0.1429
CUST007450,831,excellent,99.36,89.96,82.78,48.94,94.78,88.5564,7.65,7,0,0,0,0,0,0,5,62815.68,0.0417,low,0.0
CUST007451,828,excellent,99.61,89.36,77.61,61.07,85.71,87.9923,10.32,6,1,0,0,0,0,1,5,256369.77,0.6557,low,0.1667
CUST007452,715,good,97.36,40.07,51.91,64.59,87.54,69.0976,57.83,2,1,0,0,0,0,1,3,62641.52,0.6594,low,0.25
CUST007453,696,risky,59.19,84.43,47.67,32.83,95.93,66.0706,15.0,1,0,4,0,0,0,0,0,65518.18,0.0839,low,0.0
CUST007454,777,excellent,98.67,76.69,51.84,49.4,92.01,79.4568,10.06,2,0,0,0,0,0,0,5,85411.81,0.1156,low,0.0
CUST007455,810,excellent,92.63,97.12,59.9,50.32,94.07,84.9818,8.23,3,0,0,0,0,0,1,5,573211.28,0.8059,low,0.1667
CUST007456,821,excellent,91.46,88.54,77.92,69.07,96.56,86.8238,12.51,5,0,0,0,0,0,1,7,620893.63,0.525,low,0.125
CUST007457,824,excellent,95.79,86.62,90.33,48.98,94.56,87.4138,11.27,12,0,0,0,0,0,1,7,153035.62,0.6067,low,0.125
CUST007458,760,excellent,98.12,80.74,50.08,36.16,69.96,76.6891,12.32,2,2,0,0,0,0,0,7,1216519.72,0.0012,low,0.0
CUST007459,774,excellent,94.77,98.19,23.04,47.7,80.96,78.9517,5.78,0,1,0,0,0,0,0,1,50076.13,0.1058,low,0.0
CUST007460,750,excellent,97.73,47.14,78.21,60.16,89.66,75.0608,56.24,8,1,0,0,0,0,0,1,88950.6,0.0044,low,0.0
CUST007461,739,good,93.78,78.38,17.62,48.15,93.21,73.1125,13.76,0,0,0,0,0,0,0,1,46550.78,0.0423,low,0.0
CUST007462,632,high_risk,36.02,98.95,19.95,42.5,57.96,55.3299,2.25,0,4,2,0,0,0,0,4,184093.4,0.2219,low,0.0
CUST007463,821,excellent,94.25,82.16,95.24,58.48,90.54,86.8234,14.57,17,0,0,0,0,0,0,5,146886.26,0.0886,low,0.0
CUST007464,796,excellent,97.77,94.06,47.62,33.02,97.4,82.6227,5.61,4,0,0,0,0,0,0,1,247195.14,0.029,low,0.0
CUST007465,761,excellent,74.08,94.66,68.59,31.64,90.92,76.8709,4.17,6,0,0,0,0,0,0,0,210104.91,0.1144,low,0.0
CUST007466,805,excellent,94.42,88.39,73.05,47.32,89.82,84.2351,2.73,5,1,0,0,0,0,1,2,77698.61,0.7558,low,0.3333
CUST007467,792,excellent,93.76,76.62,69.27,61.2,96.87,81.9986,18.69,8,0,0,0,0,0,0,3,189195.37,0.0657,low,0.0
CUST007468,814,excellent,90.03,95.51,79.25,39.92,95.68,85.612,1.53,5,0,0,0,0,0,0,5,54903.45,0.0214,low,0.0
CUST007469,809,excellent,91.39,89.54,87.29,49.3,80.32,84.9062,11.3,19,1,0,0,0,0,1,6,69941.48,0.5072,low,0.1429
CUST007470,723,good,79.76,83.41,36.88,68.5,52.48,70.5678,20.95,1,3,1,0,0,0,1,5,365926.36,0.4486,low,0.1667
CUST007471,802,excellent,93.43,95.42,64.14,31.0,95.48,83.5945,2.52,2,0,0,0,0,0,0,1,80324.65,0.0795,low,0.0
CUST007472,795,excellent,93.09,75.8,65.25,76.48,98.16,82.5723,12.51,7,0,0,0,0,0,1,3,101652.11,0.4465,low,0.25
CUST007473,790,excellent,97.36,90.12,45.56,45.79,90.61,81.5878,2.12,2,0,0,0,0,0,0,6,83952.37,0.054,low,0.0
CUST007474,740,good,53.08,86.96,87.68,66.43,88.08,73.2681,10.19,15,1,2,0,0,0,1,4,60154.55,0.9139,low,0.2
CUST007475,754,excellent,49.95,94.86,93.87,73.42,83.85,75.7482,9.96,12,1,4,0,0,0,1,1,100359.82,0.8249,low,0.5
CUST007476,689,risky,48.49,85.7,70.41,60.32,66.17,64.8907,11.92,5,2,4,0,0,0,1,0,177176.63,1.2564,low,0.5
CUST007477,715,good,94.92,53.51,39.99,50.32,89.06,69.2117,58.64,1,1,0,0,0,0,0,3,172789.39,0.028,low,0.0
CUST007478,849,excellent,99.45,88.51,92.5,64.0,98.16,91.4482,9.7,11,0,0,0,0,0,1,0,52596.2,0.7175,low,0.5
CUST007479,769,excellent,85.14,89.39,45.97,48.75,97.81,78.169,2.02,2,0,0,0,0,0,0,2,78031.04,0.0337,low,0.0
CUST007480,818,excellent,93.84,91.71,84.56,44.89,88.7,86.3996,8.17,6,1,0,0,0,0,0,4,233307.45,0.0393,low,0.0
CUST007481,792,excellent,87.08,93.13,69.07,37.21,95.69,82.0677,5.0,9,0,0,0,0,0,0,6,22923.37,0.0513,low,0.0
CUST007482,811,excellent,94.11,88.54,77.52,40.99,99.24,85.1527,9.19,5,0,0,0,0,0,0,4,92271.39,0.0123,low,0.0
CUST007483,838,excellent,90.83,90.69,84.41,79.58,99.93,89.609,8.4,8,0,0,0,0,0,1,4,116996.82,0.3778,low,0.2
CUST007484,721,good,65.14,94.22,47.81,34.52,84.37,70.1275,6.77,2,1,0,0,0,0,0,0,38467.41,0.0361,low,0.0
CUST007485,697,risky,46.04,84.23,85.52,40.15,79.96,66.2237,11.39,10,2,2,0,0,0,0,0,213353.3,0.1211,low,0.0
CUST007486,643,high_risk,51.88,89.64,23.84,37.42,48.41,57.2073,12.02,0,3,4,0,0,0,0,7,33052.05,0.074,low,0.0
CUST007487,700,good,46.76,86.46,92.81,43.04,61.27,66.6573,12.65,19,4,1,0,0,0,0,2,107859.06,0.1973,low,0.0
CUST007488,807,excellent,91.78,95.37,66.59,37.81,99.46,84.4484,1.72,5,0,0,0,0,0,0,3,185519.97,0.0674,low,0.0
CUST007489,708,good,85.34,32.56,96.4,70.86,68.66,68.0506,54.84,15,2,0,0,0,0,1,4,41881.38,0.6789,low,0.2
CUST007490,693,risky,63.5,48.9,93.46,64.39,81.03,65.4534,55.95,20,1,2,0,0,0,0,6,339569.41,0.1318,low,0.0
CUST007491,774,excellent,87.26,99.1,31.53,48.11,91.49,78.9574,6.13,1,0,0,0,0,0,0,2,51858.56,0.0434,low,0.0
CUST007492,820,excellent,91.85,89.12,70.14,74.97,96.96,86.6005,4.88,6,0,0,0,0,0,1,3,39927.81,0.64,low,0.25
CUST007493,827,excellent,92.73,99.85,85.73,32.33,93.16,87.8163,0.93,13,0,0,0,0,0,0,7,76932.94,0.1399,low,0.0
CUST007494,785,excellent,94.64,89.6,63.13,37.06,76.7,80.8503,4.33,2,2,0,0,0,0,0,6,17068.52,0.0268,low,0.0
CUST007495,714,good,71.17,86.41,38.33,32.0,92.32,69.0147,12.53,1,0,0,0,0,0,0,2,350249.58,0.071,low,0.0
CUST007496,746,good,92.45,76.7,48.68,35.85,80.71,74.3262,12.14,2,1,0,0,0,0,0,7,55507.46,0.1475,low,0.0
CUST007497,803,excellent,87.3,93.72,59.32,77.84,84.04,83.7566,7.83,2,1,0,0,0,0,1,7,114744.04,0.5803,low,0.125
CUST007498,812,excellent,86.19,91.3,94.94,41.82,93.93,85.3733,1.65,11,0,0,0,0,0,0,6,92730.54,0.0816,low,0.0
CUST007499,812,excellent,96.51,80.45,88.38,49.5,91.41,85.2629,13.84,15,0,0,0,0,0,0,7,32373.94,0.1247,low,0.0
CUST007500,836,excellent,99.62,85.75,97.47,47.36,94.35,89.3847,13.24,13,0,0,0,0,0,0,6,317887.03,0.0207,low,0.0
CUST007501,756,excellent,85.92,96.59,19.55,44.43,95.37,75.9611,5.96,0,0,0,0,0,0,0,5,117628.27,0.1023,low,0.0
CUST007502,823,excellent,92.2,95.4,81.9,45.49,94.66,87.1895,4.0,6,0,0,0,0,0,0,5,44950.17,0.1144,low,0.0
CUST007503,567,high_risk,15.86,78.37,38.32,33.17,64.17,44.5436,12.79,1,3,6,0,0,1,0,6,43021.84,0.5233,low,0.0
CUST007504,814,excellent,88.07,96.73,81.19,43.17,93.64,85.7032,5.21,7,0,0,0,0,0,0,3,99024.83,0.15,low,0.0
CUST007505,681,risky,41.5,96.65,74.98,35.39,51.23,63.4286,7.62,7,3,2,0,0,0,0,6,427781.68,0.2411,low,0.0
CUST007506,683,risky,62.82,83.44,53.94,45.93,41.28,63.8325,14.04,4,3,4,0,0,0,0,3,155725.54,0.1961,low,0.0
CUST007507,738,good,56.48,94.17,86.76,45.46,74.76,73.0529,4.27,14,2,4,0,0,0,0,3,28455.87,0.1911,low,0.0
CUST007508,766,excellent,97.58,89.95,29.13,38.38,83.0,77.6432,3.08,0,1,0,0,0,0,0,2,121154.84,0.0769,low,0.0
CUST007509,824,excellent,91.81,92.69,98.07,31.04,95.31,87.2851,0.96,12,0,0,0,0,0,0,0,106364.64,0.1094,low,0.0
CUST007510,695,risky,42.46,93.0,88.05,60.44,48.56,65.8669,3.59,20,4,3,0,0,0,1,3,96090.79,1.4105,low,0.25
CUST007511,772,excellent,98.36,76.79,46.27,42.43,99.67,78.6128,11.55,1,0,0,0,0,0,0,1,394356.07,0.0025,low,0.0
CUST007512,692,risky,39.48,99.87,77.48,41.62,57.0,65.2641,2.34,5,3,4,0,0,0,0,0,162343.42,0.167,low,0.0
CUST007513,787,excellent,96.29,93.42,50.09,45.77,73.26,81.1436,1.32,3,2,0,0,0,0,0,2,126244.37,0.1238,low,0.0
CUST007514,792,excellent,88.26,77.52,96.4,46.16,88.2,82.0434,11.01,15,1,0,0,0,0,0,1,152116.02,0.0515,low,0.0
CUST007515,641,high_risk,17.06,91.34,90.88,64.27,44.03,56.8322,9.39,20,4,6,0,0,0,1,1,517671.98,1.9111,moderate,0.5
CUST007516,670,risky,24.2,98.48,87.85,73.36,40.78,61.606,9.4,20,4,6,1,0,0,1,3,345696.88,1.6434,moderate,0.25
CUST007517,814,excellent,91.69,90.48,95.14,41.18,80.76,85.7012,1.06,12,1,0,0,0,0,0,5,28512.96,0.1272,low,0.0
CUST007518,790,excellent,89.78,89.22,57.2,54.35,94.67,81.6696,6.73,4,0,0,0,0,0,1,1,93767.03,0.3705,low,0.5
CUST007519,796,excellent,96.9,90.47,61.45,35.14,88.72,82.6604,0.85,3,1,0,0,0,0,0,1,49924.63,0.0568,low,0.0
CUST007520,782,excellent,95.2,96.3,34.41,40.07,89.73,80.3487,4.7,1,1,0,0,0,0,0,5,48900.07,0.0286,low,0.0
CUST007521,749,good,73.53,92.15,56.56,39.22,91.18,74.9055,5.12,2,0,0,0,0,0,0,6,35704.85,0.0748,low,0.0
CUST007522,765,excellent,99.11,89.69,10.57,44.46,98.9,77.5182,5.62,0,0,0,0,0,0,0,5,71646.56,0.1388,low,0.0
CUST007523,605,high_risk,14.93,81.28,68.46,70.54,48.49,50.7822,13.14,8,4,7,1,0,0,1,3,308092.34,1.3421,low,0.25
CUST007524,681,risky,61.67,78.47,45.88,38.03,76.98,63.5088,13.94,1,2,1,0,0,0,0,5,28232.35,0.1044,low,0.0
CUST007525,747,good,94.69,79.3,33.86,34.68,90.55,74.5335,14.25,1,0,0,0,0,0,0,0,152897.35,0.0054,low,0.0
CUST007526,727,good,85.37,82.11,18.61,48.37,89.71,71.1107,13.14,0,1,0,0,0,0,0,1,528712.77,0.0881,low,0.0
CUST007527,744,good,85.9,93.81,11.36,49.93,90.52,73.959,3.69,0,0,0,0,0,0,0,3,208920.16,0.0479,low,0.0
CUST007528,755,excellent,66.36,80.75,95.64,48.95,90.63,75.7569,16.24,11,0,1,0,0,0,0,1,197690.77,0.1631,low,0.0
CUST007529,667,risky,20.7,92.79,92.55,32.55,89.37,61.155,7.38,12,1,8,0,0,1,0,1,96845.5,0.5627,low,0.0
CUST007530,830,excellent,89.97,91.11,92.03,60.9,95.39,88.2549,4.07,10,0,0,0,0,0,1,1,230030.64,0.7298,low,0.5
CUST007531,625,high_risk,43.39,90.91,27.77,35.51,40.24,54.2001,6.38,0,4,1,0,0,0,0,1,24657.42,0.0846,low,0.0
CUST007532,816,excellent,95.65,88.4,50.42,94.14,90.22,85.9964,15.02,4,1,0,0,0,0,2,4,182786.89,0.4862,low,0.3333
CUST007533,744,good,94.23,79.27,22.47,43.86,95.23,74.041,10.77,0,0,0,0,0,0,0,6,236944.8,0.0194,low,0.0
CUST007534,802,excellent,96.87,94.46,64.09,35.47,82.97,83.6987,9.14,4,1,0,0,0,0,0,0,30220.07,0.1609,low,0.0
CUST007535,811,excellent,89.11,84.12,90.67,52.37,98.73,85.1374,11.6,12,0,0,0,0,0,1,6,404555.86,0.5833,low,0.1429
CUST007536,808,excellent,97.97,97.01,39.36,53.97,99.78,84.669,2.1,1,0,0,0,0,0,1,1,373196.5,0.8779,low,0.5
CUST007537,641,high_risk,8.23,99.04,83.95,75.0,52.14,56.8982,3.77,5,4,6,1,0,0,1,0,399150.74,2.1412,moderate,0.5
CUST007538,755,excellent,86.82,56.9,88.48,61.78,89.12,75.8172,40.26,15,1,0,0,0,0,1,1,64151.36,0.4041,low,0.5
CUST007539,759,excellent,91.59,66.96,86.92,48.3,65.47,76.5608,41.46,17,2,0,0,0,0,0,1,45441.79,0.0748,low,0.0
CUST007540,692,risky,39.95,93.26,96.17,47.25,42.44,65.355,7.84,10,3,2,0,0,0,0,1,370685.25,0.047,low,0.0
CUST007541,804,excellent,92.88,98.19,67.47,35.42,84.29,84.0574,1.93,9,1,0,0,0,0,0,0,351831.47,0.1471,low,0.0
CUST007542,796,excellent,94.49,93.59,47.4,51.78,93.1,82.7457,6.62,1,0,0,0,0,0,1,2,87857.9,0.4371,low,0.3333
CUST007543,810,excellent,89.49,85.13,93.93,41.15,98.96,84.9585,11.17,19,0,0,0,0,0,0,6,208511.14,0.1193,low,0.0
CUST007544,755,excellent,75.31,97.5,47.11,45.08,86.74,75.858,0.84,1,1,1,0,0,0,1,7,77808.4,0.6811,low,0.125
CUST007545,833,excellent,99.08,94.66,68.63,56.48,97.33,88.7506,9.97,6,0,0,0,0,0,1,7,104983.2,0.929,low,0.125
CUST007546,783,excellent,67.78,90.22,94.02,71.1,85.21,80.521,3.29,15,1,1,0,0,0,1,4,164118.62,0.8329,low,0.2
CUST007547,794,excellent,85.57,97.6,72.18,38.89,84.17,82.3621,2.97,7,1,0,0,0,0,0,3,43022.09,0.0974,low,0.0
CUST007548,585,high_risk,6.07,84.41,58.77,63.82,58.33,47.48,12.29,4,4,4,1,0,0,1,5,22017.21,2.1373,moderate,0.1667
CUST007549,827,excellent,96.7,96.35,72.96,50.98,91.09,87.8993,8.52,7,1,0,0,0,0,0,2,68267.53,0.0594,low,0.0
CUST007550,633,high_risk,12.91,84.16,90.11,46.76,76.22,55.5813,10.18,12,2,8,0,1,1,0,7,59215.71,0.3558,low,0.0
CUST007551,815,excellent,98.99,81.28,77.39,74.28,77.33,85.798,12.76,5,2,0,0,0,0,1,5,140911.78,0.7956,low,0.1667
CUST007552,724,good,86.4,80.55,25.63,32.84,91.44,70.6752,11.31,0,0,0,0,0,0,0,5,428601.41,0.0782,low,0.0
CUST007553,715,good,61.88,98.37,52.29,30.37,70.45,69.0957,1.96,3,2,2,0,0,0,0,6,181573.75,0.1391,low,0.0
CUST007554,670,risky,49.72,73.32,83.74,46.56,51.06,61.7192,31.38,8,3,4,0,0,0,0,2,54571.12,0.0861,low,0.0
CUST007555,813,excellent,87.13,89.81,92.74,49.65,92.64,85.5778,3.74,14,0,0,0,0,0,1,0,135428.42,0.4255,low,0.5
CUST007556,818,excellent,95.29,98.44,86.45,37.57,66.7,86.2792,0.76,10,2,0,0,0,0,0,2,140507.93,0.0741,low,0.0
CUST007557,625,high_risk,37.33,91.54,32.31,46.46,41.7,54.1882,7.96,1,3,3,0,0,0,0,2,8309.24,0.0963,low,0.0
CUST007558,768,excellent,90.09,78.84,75.79,31.81,81.87,77.9188,11.04,9,1,0,0,0,0,0,1,339187.89,0.1592,low,0.0
CUST007559,817,excellent,95.47,91.09,71.02,60.91,86.52,86.1402,5.72,9,1,0,0,0,0,1,4,34195.03,0.6663,low,0.2
CUST007560,707,good,52.93,77.77,97.22,47.17,66.66,67.8241,14.42,19,2,4,0,0,0,0,6,61722.45,0.2131,low,0.0
CUST007561,801,excellent,91.91,96.96,56.29,43.3,94.55,83.4832,2.42,3,0,0,0,0,0,0,7,159332.52,0.0396,low,0.0
CUST007562,749,good,69.84,99.87,48.85,32.25,98.16,74.7723,4.91,4,0,1,0,0,0,0,5,104758.71,0.1273,low,0.0
CUST007563,780,excellent,85.62,80.69,88.1,33.42,92.13,79.9439,14.66,16,0,0,0,0,0,0,6,26264.46,0.0447,low,0.0
CUST007564,655,risky,39.58,76.89,71.06,36.8,78.25,59.0857,11.17,8,2,1,0,0,0,0,4,159330.86,0.1344,low,0.0
CUST007565,763,excellent,70.18,89.68,67.14,65.46,90.24,77.108,8.78,6,1,1,0,0,0,1,5,155260.01,0.8324,low,0.1667
CUST007566,794,excellent,91.03,87.56,79.18,36.77,86.79,82.3618,12.38,7,1,0,0,0,0,0,7,182460.29,0.1528,low,0.0
CUST007567,726,good,60.06,85.24,86.05,38.62,76.39,71.0008,12.35,13,2,4,0,0,0,0,7,150164.99,0.2354,low,0.0
CUST007568,833,excellent,95.44,95.34,95.57,31.02,93.99,88.8431,2.48,14,0,0,0,0,0,0,6,234282.09,0.0129,low,0.0
CUST007569,694,risky,42.03,89.18,90.25,49.88,57.49,65.7365,8.02,14,3,4,0,0,0,0,0,134633.19,0.1416,low,0.0
CUST007570,789,excellent,94.43,89.38,52.42,38.37,99.69,81.5334,3.18,2,0,0,0,0,0,0,4,117716.7,0.1291,low,0.0
CUST007571,639,high_risk,16.46,89.5,94.89,36.87,58.95,56.4251,11.19,17,3,6,0,0,0,0,2,213210.19,0.6039,low,0.0
CUST007572,771,excellent,91.7,79.74,85.36,31.16,65.82,78.5167,14.83,12,2,0,0,0,0,0,2,39508.87,0.1432,low,0.0
CUST007573,730,good,91.51,68.72,39.88,47.81,82.11,71.6213,34.24,1,1,0,0,0,0,1,4,173004.9,0.5594,low,0.2
CUST007574,775,excellent,75.22,95.24,89.59,31.09,77.08,79.1533,8.24,14,2,1,0,0,0,0,1,129240.89,0.1082,low,0.0
CUST007575,772,excellent,93.06,89.08,47.71,31.44,90.22,78.62,1.88,2,1,0,0,0,0,0,0,131681.53,0.1397,low,0.0
CUST007576,830,excellent,88.8,94.18,94.56,57.18,90.38,88.2747,6.88,11,0,0,0,0,0,1,1,360063.73,0.8151,low,0.5
CUST007577,711,good,54.64,90.34,66.96,66.0,66.93,68.5625,4.87,8,2,4,0,0,0,1,4,65073.61,1.3806,low,0.2
CUST007578,743,good,56.01,95.38,95.73,38.01,74.61,73.8388,6.89,17,2,1,0,0,0,0,0,43704.32,0.2147,low,0.0
CUST007579,841,excellent,89.79,92.01,91.08,74.84,99.31,90.1076,0.39,11,0,0,0,0,0,1,6,37651.67,0.7451,low,0.1429
CUST007580,793,excellent,93.0,85.7,70.69,39.51,93.39,82.1535,12.46,7,0,0,0,0,0,0,2,180984.39,0.143,low,0.0
CUST007581,822,excellent,98.83,76.79,92.26,61.45,94.06,87.0187,11.84,10,0,0,0,0,0,1,0,18609.86,0.7232,low,0.5
CUST007582,618,high_risk,20.63,91.82,80.48,39.43,21.71,52.9512,6.26,8,7,6,0,0,1,0,3,98840.66,0.6535,low,0.0
CUST007583,811,excellent,92.13,96.06,66.96,43.2,98.23,85.2499,5.74,7,0,0,0,0,0,0,4,36844.0,0.0037,low,0.0
CUST007584,808,excellent,95.49,75.3,96.99,61.41,79.91,84.692,10.58,11,2,0,0,0,0,1,7,86338.07,0.3455,low,0.125
CUST007585,787,excellent,95.38,88.81,49.15,45.29,92.47,81.1757,9.64,2,0,0,0,0,0,0,0,12727.14,0.1269,low,0.0
CUST007586,786,excellent,92.6,91.74,54.93,34.07,93.62,80.9419,5.59,2,0,0,0,0,0,0,7,66863.25,0.0211,low,0.0
CUST007587,840,excellent,98.76,99.07,77.59,42.31,98.41,89.9983,6.39,6,0,0,0,0,0,0,5,67843.67,0.1225,low,0.0
CUST007588,642,high_risk,41.96,84.9,56.43,36.41,47.81,57.0411,13.64,4,3,3,0,0,0,0,2,73171.47,0.1253,low,0.0
CUST007589,708,good,34.25,92.14,96.84,60.45,88.5,68.0532,4.17,20,1,1,0,0,0,1,3,159349.47,1.3894,low,0.25
CUST007590,623,high_risk,12.01,92.57,91.93,42.47,37.55,53.7692,8.39,19,5,4,1,1,1,0,3,167673.17,0.3714,low,0.0
CUST007591,733,good,62.13,93.57,76.83,48.81,58.95,72.118,0.46,7,3,2,0,0,0,0,0,104837.8,0.2338,low,0.0
CUST007592,731,good,92.64,59.91,38.22,64.47,93.09,71.886,49.92,1,0,0,0,0,0,0,0,145792.81,0.0649,low,0.0
CUST007593,822,excellent,95.4,90.25,66.48,72.3,94.0,87.0669,5.4,7,0,0,0,0,0,1,0,49207.9,0.459,low,0.5
CUST007594,817,excellent,85.77,98.86,85.08,48.97,88.22,86.1599,5.22,12,1,0,0,0,0,0,5,288070.48,0.1268,low,0.0
CUST007595,699,risky,55.45,91.13,33.89,49.25,98.04,66.557,3.17,1,0,4,0,0,0,0,0,154808.85,0.1634,low,0.0
CUST007596,650,risky,46.97,87.14,32.83,30.32,77.98,58.3359,11.76,1,2,1,0,0,0,0,3,27414.25,0.1257,low,0.0
CUST007597,809,excellent,89.47,89.08,79.1,54.9,94.49,84.8411,9.65,5,0,0,0,0,0,1,2,139598.59,0.7925,low,0.3333
CUST007598,656,risky,40.13,90.71,59.2,36.47,54.72,59.2564,7.99,3,3,2,0,0,0,0,6,101261.79,0.1632,low,0.0
CUST007599,835,excellent,87.76,88.43,85.45,93.11,98.22,89.1966,5.37,17,0,0,0,0,0,2,5,41586.83,0.9343,low,0.2857
CUST007600,709,good,57.86,85.03,78.63,31.31,74.01,68.0879,11.94,8,2,2,0,0,0,0,4,67114.39,0.1795,low,0.0
CUST007601,778,excellent,96.4,85.27,39.75,43.43,99.94,79.6209,11.4,1,0,0,0,0,0,0,2,94823.27,0.0272,low,0.0
CUST007602,799,excellent,86.8,96.17,77.52,32.62,90.53,83.173,5.94,6,0,0,0,0,0,0,4,180062.33,0.0417,low,0.0
CUST007603,747,good,87.44,87.97,27.41,43.68,90.9,74.562,12.03,0,1,0,0,0,0,0,3,125329.04,0.1282,low,0.0
CUST007604,799,excellent,87.32,87.61,90.8,34.58,91.87,83.1077,10.01,11,1,0,0,0,0,0,4,134101.73,0.123,low,0.0
CUST007605,791,excellent,90.46,81.75,78.17,48.91,91.02,81.906,11.41,8,0,0,0,0,0,0,2,59775.95,0.094,low,0.0
CUST007606,695,risky,50.71,94.29,62.37,33.24,71.79,65.8938,2.02,3,2,3,0,0,0,0,3,28016.17,0.0949,low,0.0
CUST007607,756,excellent,64.84,89.81,98.04,38.75,78.62,76.0822,3.87,14,2,3,0,0,0,0,1,425495.69,0.1474,low,0.0
CUST007608,761,excellent,99.32,91.07,11.71,39.26,89.94,76.7619,8.46,0,1,0,0,0,0,0,3,375007.5,0.0338,low,0.0
CUST007609,707,good,41.06,91.85,96.16,42.96,71.3,67.7765,6.14,14,2,3,0,0,0,0,4,26257.95,0.0135,low,0.0
CUST007610,850,excellent,99.8,98.68,71.33,77.42,86.33,91.6081,3.6,6,1,0,0,0,0,1,0,17234.82,0.9886,low,0.5
CUST007611,802,excellent,90.55,76.72,94.2,54.62,93.55,83.6561,16.74,20,0,0,0,0,0,1,6,27965.67,0.7807,low,0.1429
CUST007612,774,excellent,89.11,96.46,38.37,34.19,96.61,78.9636,6.93,1,0,0,0,0,0,0,4,205921.06,0.044,low,0.0
CUST007613,757,excellent,93.74,94.45,11.27,43.31,90.12,76.1793,7.72,0,1,0,0,0,0,0,3,25557.82,0.0119,low,0.0
CUST007614,816,excellent,87.65,81.76,90.58,76.9,95.21,86.0043,10.34,13,0,0,0,0,0,1,3,46431.71,0.5126,low,0.25
CUST007615,806,excellent,90.34,98.71,66.86,41.27,89.59,84.3466,0.46,9,1,0,0,0,0,0,0,108674.36,0.0251,low,0.0
CUST007616,783,excellent,97.82,87.6,49.53,44.19,81.37,80.5,11.92,1,1,0,0,0,0,0,0,146043.76,0.045,low,0.0
CUST007617,789,excellent,91.0,76.83,75.56,61.24,90.96,81.4518,12.93,5,0,0,0,0,0,1,2,166018.88,0.5351,low,0.3333
CUST007618,823,excellent,91.77,92.11,88.92,49.9,91.4,87.2186,4.09,15,0,0,0,0,0,0,1,103617.4,0.1653,low,0.0
CUST007619,825,excellent,97.0,84.02,86.39,58.19,94.96,87.4281,13.95,14,0,0,0,0,0,1,7,362619.56,0.8142,low,0.125
CUST007620,820,excellent,92.34,88.73,94.56,43.73,91.21,86.6142,13.78,12,1,0,0,0,0,0,1,33966.12,0.1011,low,0.0
CUST007621,793,excellent,92.3,88.34,51.67,64.79,90.59,82.097,22.16,2,0,0,0,0,0,0,2,181708.5,0.1591,low,0.0
CUST007622,802,excellent,86.36,94.49,58.01,77.61,86.3,83.6643,7.21,2,1,0,0,0,0,1,0,498782.58,0.6749,low,0.5
CUST007623,807,excellent,95.93,83.08,94.93,31.18,85.79,84.4344,14.14,11,1,0,0,0,0,0,7,63108.42,0.1414,low,0.0
CUST007624,791,excellent,85.48,93.26,46.24,71.49,98.95,81.8758,2.94,3,0,0,0,0,0,1,3,95464.95,0.7325,low,0.25
CUST007625,774,excellent,90.11,78.76,54.64,76.3,80.43,79.0364,12.81,4,1,0,0,0,0,2,2,102299.34,0.3883,low,0.5
CUST007626,590,high_risk,44.88,41.85,53.52,55.57,64.73,48.3224,58.92,4,3,4,0,0,0,0,4,115656.35,0.1585,low,0.0
CUST007627,790,excellent,86.51,85.15,98.44,43.74,67.66,81.7299,11.91,14,2,0,0,0,0,0,6,132507.69,0.1112,low,0.0
CUST007628,776,excellent,96.27,87.87,40.9,34.53,96.42,79.2867,10.68,1,0,0,0,0,0,0,7,34565.12,0.0655,low,0.0
CUST007629,810,excellent,93.65,82.46,89.18,43.73,97.02,84.9653,14.49,20,0,0,0,0,0,0,0,153554.9,0.1615,low,0.0
CUST007630,808,excellent,97.89,98.11,53.53,35.13,94.8,84.7158,2.76,3,0,0,0,0,0,0,5,52191.35,0.0826,low,0.0
CUST007631,841,excellent,97.7,92.97,75.81,67.56,98.97,90.1089,3.13,9,0,0,0,0,0,1,4,108847.67,0.8823,low,0.2
CUST007632,635,high_risk,24.23,91.86,82.67,32.25,41.59,55.8243,5.76,8,5,4,0,0,1,0,7,783329.82,0.6222,low,0.0
CUST007633,809,excellent,93.53,98.12,68.98,32.41,91.3,84.8899,1.69,6,0,0,0,0,0,0,6,126885.98,0.016,low,0.0
CUST007634,793,excellent,90.32,95.67,53.32,46.34,92.92,82.2354,7.8,2,0,0,0,0,0,0,5,279024.76,0.1178,low,0.0
CUST007635,805,excellent,85.59,95.83,71.81,47.06,99.3,84.112,0.48,6,0,0,0,0,0,0,2,29201.26,0.08,low,0.0
CUST007636,763,excellent,92.19,81.0,41.87,49.1,94.02,77.1591,11.11,1,0,0,0,0,0,0,3,20274.37,0.0567,low,0.0
CUST007637,801,excellent,93.97,79.15,89.0,53.46,82.42,83.5719,13.74,10,1,0,0,0,0,1,4,164717.19,0.714,low,0.2
CUST007638,846,excellent,97.23,99.98,84.35,48.39,94.73,90.989,9.68,6,0,0,0,0,0,0,4,425439.15,0.1625,low,0.0
CUST007639,736,good,66.0,88.1,63.21,45.69,90.56,72.6367,4.95,2,1,1,0,0,0,0,6,189444.75,0.1334,low,0.0
CUST007640,796,excellent,85.37,89.99,84.55,39.8,90.5,82.5877,6.33,6,1,0,0,0,0,0,7,32995.92,0.1293,low,0.0
CUST007641,829,excellent,95.62,84.26,92.13,63.9,92.68,88.2251,11.97,12,0,0,0,0,0,1,4,20415.12,0.8286,low,0.2
CUST007642,598,high_risk,13.24,88.76,69.53,76.7,12.36,49.5962,10.5,7,7,8,1,0,0,1,2,146356.04,2.327,moderate,0.3333
CUST007643,796,excellent,96.99,81.55,92.93,32.2,71.69,82.7383,13.85,10,2,0,0,0,0,0,0,121700.46,0.1549,low,0.0
CUST007644,589,high_risk,9.35,90.27,53.68,40.85,57.25,48.216,7.35,2,4,5,1,0,1,0,0,72682.99,0.3441,low,0.0
CUST007645,810,excellent,90.72,98.04,71.28,48.61,83.19,85.0374,7.43,9,1,0,0,0,0,0,7,186501.47,0.0658,low,0.0
CUST007646,710,good,58.34,82.04,74.83,43.91,77.39,68.3874,10.57,8,2,1,0,0,0,0,6,80782.68,0.1153,low,0.0
CUST007647,642,high_risk,27.99,92.32,50.78,33.21,86.17,57.0457,8.32,3,1,4,0,0,0,0,3,274388.94,0.2458,low,0.0
CUST007648,581,high_risk,22.43,79.42,34.25,70.94,39.05,46.8147,10.64,1,6,6,0,0,0,1,4,44291.78,1.4474,low,0.2
CUST007649,849,excellent,97.74,95.68,85.1,64.03,94.1,91.4887,1.06,12,0,0,0,0,0,1,3,56069.04,0.3511,low,0.25
CUST007650,771,excellent,65.15,89.85,99.53,49.64,88.53,78.5057,3.3,18,1,1,0,0,0,0,5,45373.44,0.0714,low,0.0
CUST007651,788,excellent,97.29,97.71,32.25,31.36,99.56,81.2924,4.25,0,0,0,0,0,0,0,4,318231.11,0.0796,low,0.0
CUST007652,824,excellent,96.22,90.32,86.61,39.67,96.22,87.3529,6.18,12,0,0,0,0,0,0,3,157439.39,0.0257,low,0.0
CUST007653,861,excellent,99.01,97.38,91.59,62.42,96.53,93.499,2.74,12,0,0,0,0,0,1,7,224200.94,0.9807,low,0.125
CUST007654,787,excellent,97.73,89.13,46.68,41.29,90.75,81.1495,1.82,1,1,0,0,0,0,0,3,524721.67,0.063,low,0.0
CUST007655,807,excellent,86.44,87.26,90.46,48.43,97.23,84.5647,11.52,10,0,0,0,0,0,0,7,249770.42,0.0247,low,0.0
CUST007656,827,excellent,93.61,87.28,87.64,58.37,99.39,87.8683,13.77,18,0,0,0,0,0,1,2,273498.37,0.5569,low,0.3333
CUST007657,829,excellent,89.49,96.66,80.56,60.12,97.22,88.1348,7.18,9,0,0,0,0,0,1,6,53468.58,0.9213,low,0.1429
CUST007658,754,excellent,73.36,89.04,81.58,35.42,75.66,75.7312,1.08,9,2,0,0,0,0,0,4,132389.63,0.0286,low,0.0
CUST007659,768,excellent,95.15,93.65,42.25,35.91,66.41,77.9661,2.92,1,2,0,0,0,0,0,1,64558.02,0.1621,low,0.0
CUST007660,809,excellent,92.87,92.75,65.76,52.64,94.05,84.8633,2.42,9,0,0,0,0,0,1,2,131205.02,0.4015,low,0.3333
CUST007661,845,excellent,92.13,92.29,82.89,92.18,91.97,90.7829,8.03,7,0,0,0,0,0,2,4,66571.13,0.6753,low,0.3333
CUST007662,796,excellent,93.24,76.25,90.72,54.38,81.82,82.738,12.38,14,1,0,0,0,0,1,1,65033.18,0.5059,low,0.5
CUST007663,715,good,48.92,86.3,96.33,69.45,47.29,69.1359,10.47,17,3,4,0,0,0,2,5,65912.49,0.9218,low,0.2857
CUST007664,781,excellent,86.89,78.05,75.0,52.3,97.99,80.1062,11.07,8,0,0,0,0,0,1,5,42581.32,0.507,low,0.1667
CUST007665,760,excellent,91.71,90.66,35.47,34.35,86.77,76.731,3.75,1,1,0,0,0,0,0,3,50391.38,0.0572,low,0.0
CUST007666,822,excellent,93.73,89.64,99.25,40.59,84.0,87.0447,3.01,13,1,0,0,0,0,0,5,558989.41,0.1267,low,0.0
CUST007667,790,excellent,74.21,96.8,86.91,41.08,94.37,81.593,2.01,13,0,0,0,0,0,0,5,36474.64,0.1024,low,0.0
CUST007668,813,excellent,98.69,93.88,68.4,35.97,90.14,85.5765,8.11,6,0,0,0,0,0,0,4,177481.5,0.0129,low,0.0
CUST007669,727,good,95.28,66.16,20.29,53.5,95.43,71.1329,46.84,0,0,0,0,0,0,0,5,101620.93,0.0344,low,0.0
CUST007670,830,excellent,94.26,84.52,85.26,90.58,81.17,88.3105,13.18,11,1,0,0,0,0,2,7,276577.53,0.519,low,0.2222
CUST007671,779,excellent,76.93,80.6,88.52,70.12,84.22,79.8167,14.27,18,1,1,0,0,0,1,3,116084.11,0.6289,low,0.25
CUST007672,719,good,55.76,96.46,81.42,46.08,46.13,69.8885,7.73,5,4,1,0,0,0,0,4,17063.08,0.2441,low,0.0
CUST007673,819,excellent,88.68,92.39,76.57,69.62,92.32,86.4347,1.07,6,0,0,0,0,0,1,1,24186.66,0.8697,low,0.5
CUST007674,631,high_risk,41.63,73.85,41.12,74.9,48.31,55.2148,48.85,1,3,1,0,0,0,1,3,301415.07,0.7369,low,0.25
CUST007675,844,excellent,85.06,96.8,99.73,77.46,92.14,90.7313,8.18,12,0,0,0,0,0,1,4,40200.97,0.9766,low,0.2
CUST007676,819,excellent,97.98,90.58,69.59,46.56,98.73,86.4362,7.43,8,0,0,0,0,0,0,4,374642.64,0.1629,low,0.0
CUST007677,718,good,70.69,78.87,53.51,44.59,88.18,69.7072,10.36,3,1,1,0,0,0,0,4,41766.43,0.0804,low,0.0
CUST007678,793,excellent,96.97,94.12,32.92,60.9,90.03,82.2064,8.31,1,0,0,0,0,0,2,6,90511.66,0.3575,low,0.25
CUST007679,770,excellent,85.6,95.62,45.91,37.04,90.99,78.3366,1.82,2,0,0,0,0,0,0,1,374080.8,0.0076,low,0.0
CUST007680,656,risky,48.5,76.66,72.72,30.45,53.5,59.2786,11.66,8,3,4,0,0,0,0,7,15627.24,0.2301,low,0.0
CUST007681,818,excellent,99.4,95.05,64.22,40.11,94.63,86.414,1.07,2,0,0,0,0,0,0,6,61310.58,0.086,low,0.0
CUST007682,754,excellent,85.74,89.68,32.71,45.06,93.74,75.6993,9.32,1,0,0,0,0,0,0,1,430725.56,0.1387,low,0.0
CUST007683,791,excellent,98.1,85.61,65.11,34.89,85.5,81.8246,11.77,7,1,0,0,0,0,0,3,592039.79,0.0404,low,0.0
CUST007684,769,excellent,92.36,99.69,12.63,47.13,92.69,78.1068,1.98,0,0,0,0,0,0,0,3,134809.64,0.0529,low,0.0
CUST007685,813,excellent,98.96,75.83,95.4,46.65,90.8,85.4373,13.3,13,1,0,0,0,0,0,2,111682.18,0.1435,low,0.0
CUST007686,813,excellent,96.83,98.4,47.28,62.27,87.9,85.5193,2.21,1,1,0,0,0,0,2,7,92960.24,0.7568,low,0.2222
CUST007687,791,excellent,93.43,97.84,45.72,38.47,90.56,81.8145,5.12,2,0,0,0,0,0,0,4,133157.97,0.0558,low,0.0
CUST007688,819,excellent,89.45,95.32,88.23,46.43,87.42,86.523,0.05,19,1,0,0,0,0,0,7,79583.76,0.136,low,0.0
CUST007689,709,good,49.29,97.72,71.74,70.12,48.26,68.1678,7.92,9,3,1,0,0,0,1,0,64785.52,1.1029,low,0.5
CUST007690,824,excellent,94.13,89.93,93.71,37.43,96.51,87.3769,13.18,19,0,0,0,0,0,0,6,125187.07,0.1036,low,0.0
CUST007691,791,excellent,90.48,93.51,69.36,31.94,84.73,81.7924,8.93,5,1,0,0,0,0,0,2,61243.05,0.1317,low,0.0
CUST007692,710,good,30.91,98.7,99.74,61.02,79.08,68.3991,6.11,12,2,2,0,0,0,1,3,185448.18,1.4947,low,0.25
CUST007693,556,high_risk,3.94,93.51,31.9,42.56,42.31,42.7062,1.57,1,4,2,1,1,1,0,3,196892.13,0.3004,low,0.0
CUST007694,790,excellent,88.18,75.43,95.93,42.77,95.91,81.7491,11.94,19,0,0,0,0,0,0,5,70328.59,0.1039,low,0.0
CUST007695,793,excellent,98.85,75.38,82.87,32.01,93.98,82.2417,12.09,5,0,0,0,0,0,0,2,69775.61,0.159,low,0.0
CUST007696,615,high_risk,20.96,82.3,77.08,45.0,43.41,52.4292,14.77,6,3,7,0,0,1,0,7,49854.58,0.5436,low,0.0
CUST007697,839,excellent,96.74,88.08,77.69,87.26,92.24,89.8868,1.16,9,0,0,0,0,0,2,4,171281.64,0.9039,low,0.3333
CUST007698,703,good,60.65,95.26,30.16,43.46,85.01,67.1786,5.69,1,1,1,0,0,0,0,4,96762.3,0.1809,low,0.0
CUST007699,781,excellent,87.46,80.1,67.01,57.6,97.02,80.1563,18.57,6,0,0,0,0,0,1,7,101526.29,0.6986,low,0.125
CUST007700,738,good,90.98,76.3,38.98,39.49,84.3,72.9584,11.76,1,1,0,0,0,0,0,3,58300.63,0.1495,low,0.0
CUST007701,861,excellent,96.82,99.47,96.04,60.51,92.77,93.4622,9.93,14,0,0,0,0,0,1,5,801481.6,0.3746,low,0.1667
CUST007702,799,excellent,94.87,99.68,51.47,39.47,84.23,83.1993,5.41,2,1,0,0,0,0,0,3,187309.9,0.1216,low,0.0
CUST007703,735,good,56.91,95.52,81.97,34.03,82.73,72.549,3.88,9,1,4,0,0,0,0,0,304639.93,0.1149,low,0.0
CUST007704,818,excellent,95.07,93.76,78.83,38.62,91.66,86.2532,8.74,5,0,0,0,0,0,0,2,147607.64,0.1305,low,0.0
CUST007705,807,excellent,99.15,87.11,67.07,41.81,93.86,84.4651,13.29,9,0,0,0,0,0,0,6,270945.37,0.008,low,0.0
CUST007706,685,risky,38.87,88.19,80.03,36.68,84.31,64.1657,1.08,9,1,1,0,0,0,0,1,432197.63,0.1215,low,0.0
CUST007707,808,excellent,90.9,88.92,76.99,46.44,99.1,84.5942,11.32,9,0,0,0,0,0,0,7,165129.45,0.0076,low,0.0
CUST007708,797,excellent,89.77,81.33,74.16,64.79,93.49,82.7673,13.22,6,0,0,0,0,0,2,3,36341.31,0.447,low,0.4
CUST007709,665,risky,50.87,83.45,31.77,41.43,91.17,60.8627,13.84,1,1,2,0,0,0,0,0,75230.41,0.0634,low,0.0
CUST007710,750,excellent,60.43,90.28,96.98,40.75,81.69,75.0221,2.71,19,1,2,0,0,0,0,5,40272.57,0.0517,low,0.0
CUST007711,750,excellent,63.83,91.36,61.01,78.56,82.13,74.9681,7.93,2,1,1,0,0,0,1,3,52941.37,0.7897,low,0.25
CUST007712,715,good,48.88,90.38,87.39,36.85,81.28,69.1455,3.12,19,1,3,0,0,0,0,1,161655.74,0.0181,low,0.0
CUST007713,819,excellent,91.62,88.89,99.46,36.29,92.77,86.5612,0.26,18,0,0,0,0,0,0,2,65215.38,0.1445,low,0.0
CUST007714,842,excellent,98.25,86.16,98.95,56.23,96.15,90.3176,14.0,10,0,0,0,0,0,1,0,24960.17,0.9733,low,0.5
CUST007715,809,excellent,95.13,88.65,49.09,76.46,99.22,84.8228,4.05,4,0,0,0,0,0,1,3,66478.99,0.6189,low,0.25
CUST007716,758,excellent,75.36,92.23,55.29,49.29,90.02,76.2675,5.76,2,1,1,0,0,0,0,3,177165.42,0.1582,low,0.0
CUST007717,675,risky,26.83,92.43,95.62,41.22,68.4,62.4243,2.43,12,2,4,0,0,0,0,4,192994.12,0.0485,low,0.0
CUST007718,744,good,90.12,93.42,15.83,30.3,90.82,74.0547,2.14,0,1,0,0,0,0,0,1,227134.82,0.0716,low,0.0
CUST007719,857,excellent,99.1,99.33,96.71,39.05,99.46,92.8435,9.56,15,0,0,0,0,0,0,7,195498.18,0.0776,low,0.0
CUST007720,682,risky,48.25,88.6,50.88,47.96,77.82,63.6776,12.36,2,2,4,0,0,0,0,6,57226.06,0.0288,low,0.0
CUST007721,608,high_risk,43.96,31.41,85.72,60.56,76.24,51.3464,56.52,12,2,1,0,0,0,0,2,248170.69,0.1741,low,0.0
CUST007722,752,excellent,88.63,88.1,30.76,44.13,88.88,75.3655,2.24,0,1,0,0,0,0,0,3,459781.93,0.0666,low,0.0
CUST007723,788,excellent,89.75,98.6,55.04,46.15,74.12,81.2749,8.83,2,2,0,0,0,0,0,3,56440.26,0.0722,low,0.0
CUST007724,789,excellent,94.33,91.69,52.91,47.67,82.93,81.5192,3.7,3,1,0,0,0,0,0,6,53860.32,0.0347,low,0.0
CUST007725,781,excellent,86.59,80.87,88.22,34.3,89.23,80.154,10.54,13,1,0,0,0,0,0,2,151517.67,0.1212,low,0.0
CUST007726,845,excellent,98.47,97.93,96.53,34.49,89.83,90.7535,9.85,19,1,0,0,0,0,0,7,137291.79,0.0737,low,0.0
CUST007727,760,excellent,85.4,90.6,62.4,31.49,71.2,76.7012,3.25,3,2,0,0,0,0,0,0,135063.5,0.1449,low,0.0
CUST007728,783,excellent,88.77,75.51,58.18,89.55,91.79,80.5809,10.74,3,0,0,0,0,0,2,2,443935.76,0.4755,low,0.5
CUST007729,647,high_risk,37.16,92.84,28.25,48.33,79.88,57.915,0.36,0,2,3,0,0,0,0,2,59681.01,0.2238,low,0.0
CUST007730,776,excellent,86.65,88.87,53.8,52.29,90.02,79.2887,9.91,2,0,0,0,0,0,1,2,81475.02,0.7738,low,0.3333
CUST007731,612,high_risk,27.56,80.35,52.28,48.86,55.68,52.0465,14.68,2,3,4,0,0,1,0,3,146324.15,0.3736,low,0.0
CUST007732,724,good,63.82,80.96,74.0,30.2,98.56,70.5989,11.84,9,0,2,0,0,0,0,1,100932.68,0.0748,low,0.0
CUST007733,669,risky,25.8,99.09,78.94,48.32,60.55,61.4818,7.64,6,3,8,0,0,1,0,0,104722.54,0.652,low,0.0
CUST007734,823,excellent,90.25,95.87,88.65,47.28,87.38,87.113,8.48,20,1,0,0,0,0,0,6,45279.66,0.1556,low,0.0
CUST007735,779,excellent,85.7,92.89,44.85,63.63,88.41,79.7908,2.23,1,1,0,0,0,0,1,5,68866.17,0.5906,low,0.1667
CUST007736,779,excellent,88.84,98.29,53.05,33.77,80.0,79.9153,2.41,4,1,0,0,0,0,0,4,205534.5,0.1352,low,0.0
CUST007737,780,excellent,96.03,79.83,57.75,41.34,97.07,80.0625,10.01,4,0,0,0,0,0,0,3,146040.69,0.1,low,0.0
CUST007738,710,good,41.3,84.05,92.5,75.43,82.51,68.3368,14.11,19,1,1,0,0,0,1,6,23065.67,1.4743,low,0.1429
CUST007739,743,good,77.61,94.03,33.12,45.13,90.49,73.9043,3.73,0,0,1,0,0,0,0,7,114187.83,0.0257,low,0.0
CUST007740,627,high_risk,24.58,81.24,92.36,34.92,41.07,54.4297,10.28,13,3,3,0,0,1,0,5,69731.1,0.3029,low,0.0
CUST007741,819,excellent,88.26,89.61,95.31,46.55,97.09,86.4328,1.43,14,0,0,0,0,0,0,4,78495.56,0.1251,low,0.0
CUST007742,832,excellent,85.98,91.25,93.11,84.65,87.18,88.62,1.22,14,1,0,0,0,0,2,7,39241.99,0.987,low,0.2222
CUST007743,681,risky,56.1,89.43,63.27,33.99,42.02,63.5566,12.0,3,4,2,0,0,0,0,7,93982.66,0.1846,low,0.0
CUST007744,777,excellent,89.51,91.13,45.58,46.7,92.83,79.4561,2.36,4,0,0,0,0,0,1,4,228978.63,0.4494,low,0.2
CUST007745,775,excellent,91.43,86.55,43.22,47.47,98.95,79.0889,14.77,1,0,0,0,0,0,0,0,61502.87,0.0889,low,0.0
CUST007746,752,excellent,98.86,76.11,28.19,46.49,90.9,75.3996,13.42,0,1,0,0,0,0,0,4,197377.62,0.0046,low,0.0
CUST007747,771,excellent,95.03,64.88,86.47,46.83,81.01,78.4789,31.38,11,1,0,0,0,0,0,3,32554.76,0.1145,low,0.0
CUST007748,849,excellent,97.24,96.54,96.14,56.86,84.37,91.5398,0.98,10,1,0,0,0,0,1,4,86312.76,0.7951,low,0.2
CUST007749,787,excellent,85.54,93.22,67.09,43.92,88.59,81.2189,5.71,6,1,0,0,0,0,0,4,173749.01,0.0423,low,0.0
CUST007750,817,excellent,95.69,89.82,91.59,39.78,80.86,86.2369,12.46,17,1,0,0,0,0,0,4,185738.36,0.0164,low,0.0
CUST007751,650,risky,26.37,82.73,88.53,36.15,74.68,58.4098,14.44,19,2,4,0,0,0,0,3,102700.4,0.2032,low,0.0
CUST007752,838,excellent,93.55,96.17,78.93,63.75,98.71,89.6798,6.43,6,0,0,0,0,0,1,2,107989.04,0.8044,low,0.3333
CUST007753,769,excellent,90.3,98.13,16.97,57.11,88.04,78.1072,5.74,0,1,0,0,0,0,1,3,326372.05,0.6262,low,0.25
CUST007754,739,good,53.34,94.76,83.04,44.11,91.25,73.0864,9.84,8,1,1,0,0,0,0,5,86393.03,0.1408,low,0.0
CUST007755,774,excellent,95.97,94.24,31.13,32.4,92.95,79.0662,7.2,1,0,0,0,0,0,0,4,104543.08,0.0678,low,0.0
CUST007756,746,good,73.22,84.69,70.77,43.89,82.98,74.3365,11.95,8,1,1,0,0,0,0,4,44405.26,0.0258,low,0.0
CUST007757,840,excellent,92.81,98.94,86.76,49.1,98.7,89.9602,5.1,19,0,0,0,0,0,1,7,57083.3,0.8703,low,0.125
CUST007758,807,excellent,86.95,95.14,91.18,35.28,82.36,84.4177,3.71,17,1,0,0,0,0,0,6,247382.3,0.0252,low,0.0
CUST007759,634,high_risk,17.67,90.12,71.63,37.74,79.24,55.6636,3.54,9,2,7,0,0,1,0,2,223039.86,0.5922,low,0.0
CUST007760,803,excellent,96.35,89.63,70.85,34.44,91.98,83.882,9.65,5,1,0,0,0,0,0,3,19115.72,0.1316,low,0.0
CUST007761,798,excellent,93.45,76.72,94.85,40.77,90.39,83.0659,14.09,10,0,0,0,0,0,0,3,213628.97,0.0993,low,0.0
CUST007762,677,risky,34.33,89.76,92.97,44.89,53.95,62.7756,2.6,19,3,4,0,0,0,0,3,14878.5,0.0152,low,0.0
CUST007763,746,good,97.34,79.46,12.17,54.23,90.96,74.2504,13.47,0,0,0,0,0,0,1,4,144687.76,0.4896,low,0.2
CUST007764,760,excellent,85.07,80.62,97.04,41.78,40.45,76.7416,14.0,13,3,0,0,0,0,0,0,286332.9,0.0266,low,0.0
CUST007765,792,excellent,85.99,95.56,65.79,37.16,96.53,82.0018,0.84,5,0,0,0,0,0,0,5,121014.87,0.0139,low,0.0
CUST007766,671,risky,49.21,94.07,32.87,48.04,66.96,61.8754,7.55,1,2,2,0,0,0,0,4,71332.66,0.1121,low,0.0
CUST007767,772,excellent,88.91,83.69,51.68,57.03,90.62,78.7411,11.66,2,0,0,0,0,0,1,7,227724.83,0.542,low,0.125
CUST007768,675,risky,52.35,89.83,35.52,36.03,83.11,62.5123,10.27,1,1,3,0,0,0,0,1,40374.25,0.1707,low,0.0
CUST007769,823,excellent,87.03,96.79,94.45,44.31,90.94,87.1893,9.16,13,0,0,0,0,0,0,2,48447.48,0.0503,low,0.0
CUST007770,766,excellent,86.63,93.83,36.38,47.48,90.68,77.7425,6.68,1,0,0,0,0,0,1,1,113184.65,0.436,low,0.5
CUST007771,771,excellent,57.56,99.11,96.23,65.73,86.29,78.514,2.78,12,1,3,0,0,0,1,6,79671.29,1.076,low,0.1429
CUST007772,814,excellent,87.38,99.5,90.52,32.94,82.82,85.5876,0.05,16,1,0,0,0,0,0,7,146092.06,0.0448,low,0.0
CUST007773,818,excellent,97.69,96.7,68.3,36.72,92.96,86.4151,5.48,9,0,0,0,0,0,0,1,65111.84,0.0443,low,0.0
CUST007774,796,excellent,94.73,75.4,89.38,48.28,86.52,82.6612,12.25,12,1,0,0,0,0,1,5,172844.86,0.7796,low,0.1667
CUST007775,820,excellent,96.4,88.74,80.46,47.62,94.38,86.6308,5.63,7,0,0,0,0,0,0,0,13361.72,0.1353,low,0.0
CUST007776,665,risky,55.46,88.09,14.26,46.35,82.37,60.8509,11.41,0,1,4,0,0,0,0,7,115618.21,0.2146,low,0.0
CUST007777,733,good,90.03,83.32,22.48,30.66,91.64,72.106,13.59,0,1,0,0,0,0,0,2,62037.46,0.0411,low,0.0
CUST007778,865,excellent,99.75,98.24,91.27,71.24,89.14,94.112,2.98,11,1,0,0,0,0,1,5,172520.84,0.4692,low,0.1667
CUST007779,824,excellent,99.87,88.29,79.44,39.72,99.83,87.3103,7.95,7,0,0,0,0,0,0,5,31766.96,0.0631,low,0.0
CUST007780,821,excellent,90.68,90.47,90.77,46.99,96.54,86.8458,0.16,11,0,0,0,0,0,0,2,119027.1,0.0479,low,0.0
CUST007781,667,risky,76.14,35.26,57.43,57.15,95.92,61.148,54.87,4,0,0,0,0,0,0,1,116759.59,0.819,low,0.0
CUST007782,800,excellent,88.92,76.11,84.2,79.57,88.2,83.3618,14.14,6,1,0,0,0,0,1,7,73987.08,0.7152,low,0.125
CUST007783,810,excellent,99.03,96.55,33.87,65.94,96.46,84.9493,0.28,0,0,0,0,0,0,1,3,98273.85,0.9574,low,0.25
CUST007784,805,excellent,97.99,98.38,38.59,53.31,93.02,84.232,2.81,1,0,0,0,0,0,1,1,124846.17,0.8599,low,0.5
CUST007785,663,risky,18.31,98.09,86.88,69.41,56.1,60.4167,1.37,11,4,3,0,0,0,1,6,60010.2,1.7603,moderate,0.1429
CUST007786,781,excellent,95.61,81.69,57.33,38.83,97.58,80.2111,10.45,3,0,0,0,0,0,0,7,109520.56,0.003,low,0.0
CUST007787,820,excellent,97.3,79.31,88.92,65.96,89.4,86.7224,14.2,13,1,0,0,0,0,1,0,147265.72,0.9446,low,0.5
CUST007788,675,risky,29.33,93.78,70.53,43.49,91.81,62.5085,0.83,8,0,1,0,0,0,0,0,85309.27,0.0282,low,0.0
CUST007789,739,good,61.1,91.4,77.75,35.67,92.08,73.2456,8.51,6,0,2,0,0,0,0,2,274716.39,0.1082,low,0.0
CUST007790,671,risky,40.06,81.5,87.67,34.52,67.46,61.8191,12.45,11,2,1,0,0,0,0,5,257476.22,0.1971,low,0.0
CUST007791,808,excellent,96.05,93.26,47.91,68.62,90.1,84.6511,9.57,4,1,0,0,0,0,1,2,56748.83,0.9323,low,0.3333
CUST007792,758,excellent,88.64,81.25,63.21,32.32,82.05,76.3187,13.9,2,1,0,0,0,0,0,7,122639.12,0.0839,low,0.0
CUST007793,820,excellent,87.14,96.8,87.03,50.66,89.3,86.589,5.87,20,1,0,0,0,0,1,0,73082.89,0.4382,low,0.5
CUST007794,734,good,56.04,89.57,84.67,69.36,71.47,72.2658,2.47,7,2,4,0,0,0,1,3,16390.82,1.3289,low,0.25
CUST007795,812,excellent,90.8,83.46,82.33,61.56,99.94,85.3164,27.74,9,0,0,0,0,0,0,6,361428.36,0.1234,low,0.0
CUST007796,760,excellent,88.41,93.31,26.3,49.85,87.2,76.5852,6.23,0,1,0,0,0,0,0,0,139086.46,0.0999,low,0.0
CUST007797,828,excellent,97.43,85.33,78.62,73.78,91.83,88.0534,10.05,7,1,0,0,0,0,1,7,433424.54,0.5519,low,0.125
CUST007798,779,excellent,90.04,80.45,70.6,42.38,94.01,79.8774,11.43,7,0,0,0,0,0,0,6,63469.81,0.0147,low,0.0
CUST007799,776,excellent,68.98,77.73,99.1,71.08,98.66,79.3021,10.51,16,0,1,0,0,0,1,5,10615.62,0.6533,low,0.1667
CUST007800,561,high_risk,11.14,88.24,45.28,31.57,31.52,43.4722,1.78,2,5,7,1,0,1,0,6,133572.38,0.1796,low,0.0
CUST007801,775,excellent,86.59,82.52,71.28,33.98,99.77,79.1281,11.0,8,0,0,0,0,0,0,7,15025.9,0.122,low,0.0
CUST007802,787,excellent,92.45,93.56,50.81,39.69,91.0,81.1165,3.58,4,0,0,0,0,0,0,0,508348.08,0.0104,low,0.0
CUST007803,801,excellent,85.65,94.33,72.91,55.77,86.89,83.4809,3.51,8,1,0,0,0,0,1,3,529551.25,0.6044,low,0.25
CUST007804,779,excellent,58.23,99.14,99.56,47.86,99.26,79.767,5.25,20,0,4,0,0,0,0,0,58254.49,0.213,low,0.0
CUST007805,674,risky,24.93,99.0,64.47,78.56,73.79,62.3317,7.42,2,2,4,1,0,0,1,4,42795.91,1.9174,moderate,0.2
CUST007806,805,excellent,93.63,80.1,77.92,59.94,97.64,84.2486,13.08,7,0,0,0,0,0,1,1,225653.23,0.499,low,0.5
CUST007807,835,excellent,96.61,95.25,70.53,63.99,97.68,89.1331,7.15,6,0,0,0,0,0,1,7,63930.4,0.6475,low,0.125
CUST007808,837,excellent,94.36,96.38,79.42,57.01,99.13,89.4667,6.18,7,0,0,0,0,0,1,3,235613.06,0.6242,low,0.25
CUST007809,825,excellent,91.18,88.75,88.09,63.47,93.98,87.4966,2.76,19,0,0,0,0,0,1,7,167371.57,0.9626,low,0.125
CUST007810,798,excellent,88.33,97.16,62.83,40.28,94.87,83.0015,6.53,2,0,0,0,0,0,0,6,113312.38,0.0719,low,0.0
CUST007811,704,good,44.18,79.45,92.65,47.67,94.39,67.3991,11.64,15,0,1,0,0,0,0,0,8084.1,0.067,low,0.0
CUST007812,824,excellent,90.2,87.79,85.39,71.89,94.2,87.3232,14.91,12,0,0,0,0,0,1,0,34149.64,0.5874,low,0.5
CUST007813,866,excellent,95.41,93.03,98.26,89.67,93.99,94.408,8.55,19,0,0,0,0,0,2,0,129442.47,0.3539,low,0.6667
CUST007814,771,excellent,86.09,93.86,60.63,38.64,72.98,78.5444,9.65,2,2,0,0,0,0,0,5,16845.67,0.0537,low,0.0
CUST007815,630,high_risk,30.32,90.3,30.4,49.45,78.03,55.0079,0.99,0,2,3,0,0,0,0,4,1074388.52,0.2392,low,0.0
CUST007816,750,excellent,69.74,98.73,70.47,37.48,66.82,75.0295,3.37,6,2,0,0,0,0,0,5,178206.78,0.0277,low,0.0
CUST007817,809,excellent,95.46,88.62,85.27,38.59,82.02,84.8485,9.04,17,1,0,0,0,0,0,1,141189.08,0.1542,low,0.0
CUST007818,764,excellent,67.19,81.91,94.85,64.09,85.55,77.2806,12.28,12,1,1,0,0,0,1,7,210799.03,0.9469,low,0.125
CUST007819,830,excellent,96.12,83.4,92.25,66.68,92.24,88.3921,10.13,17,0,0,0,0,0,1,7,263871.01,0.5001,low,0.125
CUST007820,795,excellent,91.64,78.1,84.93,57.35,85.28,82.5091,14.62,9,1,0,0,0,0,1,7,96519.15,0.635,low,0.125
CUST007821,604,high_risk,12.37,95.97,70.04,45.85,24.43,50.6528,5.07,7,6,5,0,0,1,0,0,27934.52,0.4821,low,0.0
CUST007822,765,excellent,93.76,75.76,62.64,42.57,82.27,77.4236,10.67,2,1,0,0,0,0,0,0,285976.78,0.1282,low,0.0
CUST007823,760,excellent,98.48,84.45,22.71,36.87,98.51,76.7456,14.07,0,0,0,0,0,0,0,1,659796.17,0.096,low,0.0
CUST007824,817,excellent,96.13,80.37,99.07,41.95,94.3,86.2422,11.18,20,0,0,0,0,0,0,4,46740.66,0.0753,low,0.0
CUST007825,798,excellent,86.03,90.73,87.54,34.3,90.87,82.975,5.09,15,1,0,0,0,0,0,3,221013.89,0.0188,low,0.0
CUST007826,597,high_risk,3.98,92.16,99.24,36.35,20.06,49.5692,3.15,10,6,3,0,1,1,0,0,428084.1,0.3507,low,0.0
CUST007827,761,excellent,73.31,74.71,98.17,47.51,92.23,76.771,35.21,20,0,1,0,0,0,0,5,143891.54,0.062,low,0.0
CUST007828,794,excellent,85.74,91.06,76.65,38.93,96.12,82.3305,1.79,8,0,0,0,0,0,0,0,61892.83,0.0319,low,0.0
CUST007829,755,excellent,55.8,98.15,95.82,67.34,67.13,75.7967,5.61,11,2,1,0,0,0,1,2,144319.17,1.3039,low,0.3333
CUST007830,800,excellent,92.76,75.36,80.2,64.63,98.24,83.3909,13.04,7,0,0,0,0,0,1,5,363078.99,0.3397,low,0.1667
CUST007831,777,excellent,70.87,99.39,71.57,46.55,94.47,79.4599,0.04,7,0,1,0,0,0,0,4,473649.49,0.0567,low,0.0
CUST007832,756,excellent,88.83,85.22,62.18,31.02,69.47,76.0323,12.09,2,2,0,0,0,0,0,0,87601.8,0.1564,low,0.0
CUST007833,785,excellent,87.92,78.72,87.13,43.52,90.22,80.8327,14.39,15,0,0,0,0,0,0,3,23084.14,0.1085,low,0.0
CUST007834,771,excellent,91.73,88.46,49.7,32.27,91.51,78.4789,3.89,3,0,0,0,0,0,0,2,226006.86,0.0206,low,0.0
CUST007835,730,good,65.29,97.1,58.1,30.2,80.06,71.7254,5.68,2,1,1,0,0,0,0,4,13459.97,0.0405,low,0.0
CUST007836,811,excellent,99.6,88.67,59.47,56.61,91.48,85.1906,19.23,3,0,0,0,0,0,0,2,22990.35,0.0723,low,0.0
CUST007837,821,excellent,99.53,98.19,61.85,47.16,85.21,86.8036,3.11,2,1,0,0,0,0,0,6,15947.75,0.0995,low,0.0
CUST007838,733,good,53.85,97.78,88.45,30.55,76.77,72.179,1.32,11,2,1,0,0,0,0,0,296872.99,0.2476,low,0.0
CUST007839,664,risky,21.53,99.84,92.94,37.39,55.17,60.685,8.35,13,4,4,1,0,1,0,7,159761.9,0.249,low,0.0
CUST007840,781,excellent,87.69,75.61,86.28,42.74,96.22,80.2142,10.31,13,0,0,0,0,0,0,2,422721.39,0.0552,low,0.0
CUST007841,818,excellent,97.47,92.94,73.99,32.44,99.76,86.3145,3.66,5,0,0,0,0,0,0,3,28870.29,0.1212,low,0.0
CUST007842,792,excellent,99.3,87.01,56.36,45.44,81.8,82.0336,15.77,4,1,0,0,0,0,0,1,37839.82,0.1002,low,0.0
CUST007843,650,risky,43.51,96.51,30.92,43.86,52.09,58.4139,5.25,0,3,1,0,0,0,0,5,190044.09,0.1935,low,0.0
CUST007844,762,excellent,99.61,88.09,17.19,39.52,91.51,76.9714,11.83,0,0,0,0,0,0,0,4,68500.57,0.0766,low,0.0
CUST007845,671,risky,47.0,99.5,28.39,41.76,71.05,61.8382,1.5,0,2,4,0,0,0,0,5,120466.59,0.1595,low,0.0
CUST007846,715,good,36.48,89.38,92.76,76.56,89.82,69.1354,9.62,10,1,2,0,0,0,1,4,23893.47,1.3468,low,0.2
CUST007847,819,excellent,88.17,92.92,88.65,46.34,98.23,86.4904,9.19,11,0,0,0,0,0,0,3,39378.27,0.1518,low,0.0
CUST007848,813,excellent,86.65,96.42,86.28,34.62,98.14,85.4685,6.22,10,0,0,0,0,0,0,2,121697.62,0.1657,low,0.0
CUST007849,813,excellent,94.45,89.48,78.48,47.58,90.96,85.5295,0.7,8,0,0,0,0,0,1,5,97003.87,0.8238,low,0.1667
CUST007850,806,excellent,93.77,93.19,70.96,39.52,89.27,84.3002,1.34,7,1,0,0,0,0,0,7,189921.08,0.0306,low,0.0
CUST007851,710,good,90.59,33.38,85.25,50.82,86.64,68.2509,52.99,16,1,0,0,0,0,0,6,99970.89,0.1129,low,0.0
CUST007852,814,excellent,87.99,94.71,66.05,69.31,96.81,85.7267,9.09,5,0,0,0,0,0,1,1,59780.85,0.9036,low,0.5
CUST007853,732,good,53.01,93.65,94.65,41.84,69.84,72.0133,8.34,10,2,3,0,0,0,0,5,48672.78,0.1989,low,0.0
CUST007854,804,excellent,96.2,99.06,37.35,67.52,82.98,84.0394,8.31,1,1,0,0,0,0,2,7,48020.97,0.8016,low,0.2222
CUST007855,822,excellent,90.11,92.21,89.14,45.34,98.76,86.9797,8.29,15,0,0,0,0,0,0,0,38364.67,0.0036,low,0.0
CUST007856,811,excellent,94.66,95.46,72.58,30.25,95.22,85.2033,6.52,7,0,0,0,0,0,0,2,56529.57,0.0138,low,0.0
CUST007857,746,good,97.87,75.82,27.4,37.43,94.26,74.279,10.38,0,0,0,0,0,0,0,4,133183.05,0.12,low,0.0
CUST007858,776,excellent,94.71,96.29,34.16,30.82,90.78,79.3197,0.88,0,1,0,0,0,0,0,4,67787.97,0.0778,low,0.0
CUST007859,674,risky,33.81,85.4,91.24,61.4,50.96,62.3768,21.87,10,3,3,0,0,0,0,7,94415.09,0.1002,low,0.0
CUST007860,774,excellent,86.45,78.91,78.31,45.66,88.15,79.056,14.98,7,1,0,0,0,0,0,6,117069.44,0.0784,low,0.0
CUST007861,760,excellent,96.61,92.17,14.8,39.34,90.87,76.7059,2.59,0,1,0,0,0,0,0,4,98133.95,0.1153,low,0.0
CUST007862,820,excellent,88.03,97.44,73.92,61.73,92.88,86.5905,8.54,6,0,0,0,0,0,1,4,387318.94,0.3413,low,0.2
CUST007863,839,excellent,89.49,98.33,87.98,63.31,94.87,89.8381,7.74,16,0,0,0,0,0,1,6,32831.71,0.8814,low,0.1429
CUST007864,814,excellent,89.7,73.02,99.43,75.6,98.89,85.6637,46.19,14,0,0,0,0,0,1,1,66848.11,0.9798,low,0.5
CUST007865,793,excellent,96.34,78.77,76.31,41.3,91.9,82.1168,11.1,6,1,0,0,0,0,0,6,36194.89,0.1604,low,0.0
CUST007866,583,high_risk,8.46,80.97,67.71,42.41,54.84,47.1306,11.53,5,3,3,0,1,1,0,4,56014.41,0.3497,low,0.0
CUST007867,784,excellent,94.3,84.88,60.33,34.83,97.2,80.7197,10.14,2,0,0,0,0,0,0,7,138875.49,0.0941,low,0.0
CUST007868,638,high_risk,20.93,99.7,80.59,32.27,37.81,56.3324,5.99,7,6,4,0,0,1,0,7,67331.07,0.4446,low,0.0
CUST007869,781,excellent,90.8,86.1,63.47,37.5,92.61,80.1418,14.94,2,0,0,0,0,0,0,1,99850.26,0.0271,low,0.0
CUST007870,834,excellent,97.25,95.73,92.98,30.43,92.45,88.9946,6.2,11,0,0,0,0,0,0,4,252299.51,0.16,low,0.0
CUST007871,824,excellent,85.73,88.94,91.94,73.01,94.94,87.2728,7.21,10,0,0,0,0,0,1,5,83534.48,0.3409,low,0.1667
CUST007872,759,excellent,90.15,97.0,12.13,42.34,97.64,76.4713,4.22,0,0,0,0,0,0,0,3,48221.06,0.1473,low,0.0
CUST007873,765,excellent,94.92,83.88,40.78,40.82,88.9,77.4734,14.41,1,1,0,0,0,0,0,0,2154796.72,0.0054,low,0.0
CUST007874,832,excellent,97.22,88.52,96.03,44.14,92.76,88.6797,0.72,19,0,0,0,0,0,0,6,186284.01,0.0483,low,0.0
CUST007875,831,excellent,95.21,91.42,76.32,77.8,84.57,88.4366,4.82,8,1,0,0,0,0,1,3,218147.29,0.7008,low,0.25
CUST007876,756,excellent,95.98,78.8,44.16,33.45,87.27,75.928,14.41,1,1,0,0,0,0,0,4,49824.83,0.1654,low,0.0
CUST007877,810,excellent,99.27,88.57,53.27,73.79,82.84,84.9663,7.5,2,1,0,0,0,0,1,1,29496.91,0.9486,low,0.5
CUST007878,802,excellent,75.76,96.56,99.69,34.71,98.29,83.738,9.66,14,0,1,0,0,0,0,2,91360.1,0.0174,low,0.0
CUST007879,808,excellent,93.82,93.62,70.48,46.25,85.92,84.713,2.88,5,1,0,0,0,0,0,7,46024.05,0.1435,low,0.0
CUST007880,816,excellent,96.59,99.46,60.47,38.02,94.28,85.9468,6.2,2,0,0,0,0,0,0,1,278001.73,0.0433,low,0.0
CUST007881,641,high_risk,13.97,97.26,88.18,64.73,40.12,56.7803,5.52,12,4,3,1,0,0,1,0,439194.23,1.8167,moderate,0.5
CUST007882,774,excellent,92.18,85.43,54.88,32.83,95.16,78.9237,13.99,2,0,0,0,0,0,0,6,47648.08,0.1608,low,0.0
CUST007883,626,high_risk,21.77,89.16,94.72,35.54,21.65,54.2936,12.61,14,5,8,1,0,1,0,6,117025.22,0.5915,low,0.0
CUST007884,628,high_risk,12.47,93.27,96.63,42.02,36.93,54.7357,7.67,13,6,3,0,1,1,0,6,131977.79,0.6027,low,0.0
CUST007885,702,good,47.17,89.4,75.25,46.51,76.54,66.9229,10.17,5,2,3,0,0,0,0,1,177163.09,0.007,low,0.0
CUST007886,749,good,87.92,75.67,58.11,45.94,80.85,74.8686,13.62,2,1,0,0,0,0,0,2,114918.4,0.1229,low,0.0
CUST007887,529,high_risk,2.3,98.32,20.06,35.62,12.83,38.154,3.81,0,7,7,0,1,1,0,2,382131.02,0.5972,low,0.0
CUST007888,785,excellent,86.35,99.51,50.64,32.9,99.24,80.8845,2.98,2,0,0,0,0,0,0,0,156821.47,0.1588,low,0.0
CUST007889,792,excellent,88.14,85.94,82.07,42.32,88.47,82.0178,11.21,7,1,0,0,0,0,0,0,56421.55,0.0541,low,0.0
CUST007890,735,good,53.34,81.76,99.01,76.98,76.86,72.4329,14.95,17,2,1,0,0,0,1,6,355744.08,1.3482,low,0.1429
CUST007891,796,excellent,88.82,93.2,68.87,40.97,91.27,82.6019,4.21,8,1,0,0,0,0,0,2,132101.56,0.136,low,0.0
CUST007892,584,high_risk,7.86,79.61,74.67,37.39,57.41,47.3143,12.45,5,3,7,0,1,1,0,0,204691.97,0.3877,low,0.0
CUST007893,714,good,55.95,90.85,65.64,46.04,76.86,68.9734,7.88,6,2,1,0,0,0,0,0,111562.36,0.2129,low,0.0
CUST007894,605,high_risk,28.31,95.17,19.53,32.51,61.54,50.7917,0.01,0,4,5,0,0,1,0,7,16715.49,0.3073,low,0.0
CUST007895,608,high_risk,14.08,91.15,49.55,38.05,78.63,51.3735,6.64,4,2,8,0,0,1,0,4,124879.86,0.3861,low,0.0
CUST007896,804,excellent,94.82,99.37,51.8,49.6,83.51,84.0791,2.55,2,1,0,0,0,0,0,2,63343.71,0.1532,low,0.0
CUST007897,797,excellent,86.11,88.54,99.37,30.04,82.64,82.8759,11.82,12,1,0,0,0,0,0,4,124794.6,0.0697,low,0.0
CUST007898,855,excellent,98.2,98.67,96.07,50.98,90.4,92.522,8.39,16,0,0,0,0,0,1,2,167214.51,0.556,low,0.3333
CUST007899,774,excellent,93.25,82.11,51.61,39.94,99.85,78.9901,11.14,4,0,0,0,0,0,0,5,47197.15,0.0714,low,0.0
CUST007900,749,good,78.61,79.77,77.87,32.19,84.39,74.7805,10.39,6,1,1,0,0,0,0,4,62311.45,0.0007,low,0.0
CUST007901,785,excellent,88.95,84.49,57.55,60.95,96.25,80.834,12.61,3,0,0,0,0,0,1,7,298138.88,0.7808,low,0.125
CUST007902,819,excellent,94.4,86.04,93.12,43.87,92.99,86.5071,12.6,11,0,0,0,0,0,0,0,89743.21,0.1,low,0.0
CUST007903,851,excellent,94.9,89.96,89.17,87.12,94.74,91.7666,10.89,11,0,0,0,0,0,2,1,179933.98,0.524,low,0.6667
CUST007904,726,good,85.52,78.1,30.08,35.33,96.46,71.054,14.77,1,0,0,0,0,0,0,6,91484.57,0.0486,low,0.0
CUST007905,623,high_risk,62.05,41.0,74.3,47.13,40.23,53.8991,61.0,7,3,3,0,0,0,0,0,118864.4,0.236,low,0.0
CUST007906,752,excellent,89.14,77.53,54.15,40.22,86.98,75.2983,10.54,3,1,0,0,0,0,0,7,66985.19,0.0875,low,0.0
CUST007907,671,risky,24.43,92.5,93.06,78.86,46.07,61.7528,3.26,15,3,8,0,0,0,1,5,195479.57,2.1481,moderate,0.1667
CUST007908,662,risky,44.14,75.02,64.01,47.27,80.59,60.3436,11.55,4,1,4,0,0,0,0,5,42061.59,0.1428,low,0.0
CUST007909,743,good,62.34,89.82,71.01,78.9,75.19,73.8261,4.18,5,2,3,0,0,0,1,6,42760.24,1.1515,low,0.1429
CUST007910,793,excellent,86.18,96.07,64.32,44.71,90.49,82.1493,2.79,2,0,0,0,0,0,0,6,33350.16,0.0098,low,0.0
CUST007911,712,good,52.81,82.0,90.37,65.53,65.35,68.7253,14.42,11,2,3,0,0,0,1,7,112813.15,1.3532,low,0.125
CUST007912,812,excellent,89.08,97.61,68.45,54.39,92.06,85.3717,0.9,6,0,0,0,0,0,1,2,104862.92,0.6451,low,0.3333
CUST007913,693,risky,43.94,92.73,69.79,35.49,82.27,65.4445,10.0,7,1,1,0,0,0,0,5,60556.95,0.0531,low,0.0
CUST007914,808,excellent,99.38,79.92,75.57,53.6,92.82,84.7366,20.33,8,0,0,0,0,0,1,3,121536.86,0.395,low,0.25
CUST007915,803,excellent,86.71,83.6,96.39,53.84,86.35,83.9062,11.67,14,1,0,0,0,0,1,7,84164.71,0.8942,low,0.125
CUST007916,824,excellent,98.08,94.15,72.79,48.57,89.31,87.28,1.99,7,1,0,0,0,0,0,1,91106.96,0.0209,low,0.0
CUST007917,799,excellent,94.02,92.81,53.07,47.44,96.96,83.151,1.2,2,0,0,0,0,0,1,6,221570.86,0.6767,low,0.1429
CUST007918,816,excellent,85.98,97.86,72.66,65.39,90.46,85.9362,9.4,5,0,0,0,0,0,1,0,420945.12,0.5988,low,0.5
CUST007919,764,excellent,99.21,79.42,21.33,68.52,87.48,77.3494,10.85,0,1,0,0,0,0,1,7,64001.92,0.5623,low,0.125
CUST007920,828,excellent,99.44,91.8,94.02,32.54,82.93,87.9957,7.69,14,1,0,0,0,0,0,3,160088.59,0.0598,low,0.0
CUST007921,813,excellent,91.27,91.19,87.53,39.52,90.58,85.4403,8.27,18,1,0,0,0,0,0,5,31719.22,0.0027,low,0.0
CUST007922,679,risky,57.29,89.36,24.89,33.94,92.05,63.1896,9.52,0,0,2,0,0,0,0,0,328187.01,0.0902,low,0.0
CUST007923,788,excellent,74.51,81.19,92.64,76.15,93.72,81.3196,11.8,10,0,1,0,0,0,1,1,41599.56,0.8045,low,0.5
CUST007924,815,excellent,97.28,94.56,67.47,49.44,82.97,85.776,3.56,7,1,0,0,0,0,0,4,360476.12,0.0305,low,0.0
CUST007925,828,excellent,98.1,87.21,91.55,46.38,90.57,87.9254,12.42,16,0,0,0,0,0,1,4,73634.53,0.4991,low,0.2
CUST007926,807,excellent,91.01,90.91,91.18,44.05,72.27,84.4361,3.64,15,2,0,0,0,0,0,3,41305.37,0.0274,low,0.0
CUST007927,607,high_risk,5.59,80.88,99.16,38.07,63.29,51.2284,10.69,18,4,2,0,1,1,0,2,132005.62,0.6578,low,0.0
CUST007928,597,high_risk,25.58,98.99,17.39,45.62,37.08,49.5286,9.38,0,5,7,0,0,1,0,7,129606.73,0.3142,low,0.0
CUST007929,764,excellent,76.33,81.63,84.19,37.67,98.18,77.4165,11.55,8,0,1,0,0,0,0,2,19145.41,0.0492,low,0.0
CUST007930,768,excellent,91.1,83.77,48.1,47.54,90.03,77.9871,10.55,2,0,0,0,0,0,0,1,98748.51,0.028,low,0.0
CUST007931,795,excellent,89.49,87.58,41.93,94.79,91.37,82.4997,14.23,1,1,0,0,0,0,2,0,542830.82,0.654,low,0.6667
CUST007932,821,excellent,97.4,87.96,71.66,72.89,82.9,86.8056,13.84,8,1,0,0,0,0,1,6,264213.78,0.4544,low,0.1429
CUST007933,818,excellent,87.75,92.28,78.54,62.89,98.67,86.3341,9.77,5,0,0,0,0,0,1,5,191144.39,0.4851,low,0.1667
CUST007934,798,excellent,92.5,89.79,86.04,35.77,72.37,83.0328,8.64,20,2,0,0,0,0,0,4,104505.01,0.161,low,0.0
CUST007935,801,excellent,87.07,79.17,66.88,93.84,98.16,83.4583,13.92,8,0,0,0,0,0,2,3,143653.23,0.5539,low,0.4
CUST007936,829,excellent,99.05,89.86,93.37,52.06,73.68,88.2069,12.43,14,2,0,0,0,0,1,1,126567.84,0.8344,low,0.5
CUST007937,797,excellent,79.42,97.45,86.82,39.11,88.63,82.829,9.51,15,1,0,0,0,0,0,4,38171.15,0.0501,low,0.0
CUST007938,663,risky,73.74,34.73,64.06,59.21,88.19,60.576,50.51,2,1,0,0,0,0,0,7,85652.29,0.1309,low,0.0
CUST007939,804,excellent,86.51,98.51,78.65,39.95,84.3,84.0541,5.44,6,1,0,0,0,0,0,0,131759.67,0.0964,low,0.0
CUST007940,723,good,85.62,59.88,33.47,77.4,97.54,70.4435,47.77,1,0,0,0,0,0,2,0,119013.88,0.3761,low,0.6667
CUST007941,781,excellent,89.04,95.59,47.36,40.15,91.86,80.1442,7.23,3,0,0,0,0,0,0,2,389962.19,0.116,low,0.0
CUST007942,783,excellent,69.57,93.11,89.9,48.77,97.75,80.4206,9.26,17,0,0,0,0,0,0,5,81550.19,0.1577,low,0.0
CUST007943,819,excellent,94.76,91.43,89.34,33.73,90.55,86.4214,5.95,11,0,0,0,0,0,0,3,47805.6,0.0628,low,0.0
CUST007944,658,risky,26.27,96.27,81.7,49.68,43.68,59.6682,2.22,5,5,6,0,0,1,0,7,35740.09,0.5,low,0.0
CUST007945,832,excellent,87.56,95.82,79.36,78.63,95.89,88.7493,8.11,6,0,0,0,0,0,1,2,29174.37,0.4861,low,0.3333
CUST007946,701,good,42.19,88.84,95.48,45.93,65.65,66.8976,14.53,18,2,2,0,0,0,0,0,461538.53,0.1987,low,0.0
CUST007947,794,excellent,89.08,89.96,77.03,31.01,95.75,82.3976,7.58,8,0,0,0,0,0,0,7,75700.19,0.1397,low,0.0
CUST007948,837,excellent,97.5,91.86,75.94,72.28,92.39,89.5428,1.83,5,0,0,0,0,0,1,3,114418.9,0.3794,low,0.25
CUST007949,845,excellent,86.58,89.08,97.47,91.86,99.94,90.8269,12.7,10,0,0,0,0,0,2,5,174324.47,0.7886,low,0.2857
CUST007950,820,excellent,95.52,94.56,59.32,69.42,90.06,86.6459,5.08,3,1,0,0,0,0,1,7,97943.39,0.5608,low,0.125
CUST007951,822,excellent,94.17,99.4,67.79,45.64,94.61,86.9732,7.89,9,0,0,0,0,0,0,3,84078.94,0.0695,low,0.0
CUST007952,775,excellent,93.84,79.63,42.58,64.56,95.14,79.0887,13.21,1,0,0,0,0,0,1,1,185983.84,0.3542,low,0.5
CUST007953,791,excellent,96.53,95.76,45.48,33.95,91.22,81.8517,8.33,1,0,0,0,0,0,0,4,486049.01,0.1231,low,0.0
CUST007954,741,good,93.57,63.5,58.77,52.68,75.77,73.4575,44.26,4,2,0,0,0,0,0,4,89999.18,0.1509,low,0.0
CUST007955,686,risky,50.08,61.97,98.33,50.16,85.26,64.4088,36.23,11,1,3,0,0,0,0,0,96437.57,0.2489,low,0.0
CUST007956,726,good,76.28,88.41,24.15,53.13,88.75,71.0327,23.73,0,1,1,0,0,0,0,3,46715.31,0.1597,low,0.0
CUST007957,790,excellent,93.28,64.35,98.3,52.98,96.84,81.681,47.95,16,0,0,0,0,0,0,4,116885.5,0.1287,low,0.0
CUST007958,830,excellent,92.85,91.05,84.49,74.9,83.22,88.2979,9.38,8,1,0,0,0,0,1,4,195013.89,0.6354,low,0.2
CUST007959,599,high_risk,1.73,97.47,90.37,31.75,33.17,49.8941,6.31,12,5,5,0,1,1,0,3,64993.23,0.6095,low,0.0
CUST007960,826,excellent,89.12,96.32,91.59,40.8,97.41,87.6467,9.4,10,0,0,0,0,0,0,0,1124995.06,0.0677,low,0.0
CUST007961,640,high_risk,29.89,99.43,46.23,43.78,50.48,56.6473,7.68,1,3,8,0,0,1,0,7,195226.44,0.4862,low,0.0
CUST007962,797,excellent,75.55,89.85,83.46,79.22,89.6,82.7974,1.48,9,1,1,0,0,0,1,0,39968.17,0.9167,low,0.5
CUST007963,870,excellent,94.55,94.97,99.98,93.52,91.24,95.0572,9.43,14,1,0,0,0,0,2,1,133009.27,0.4137,low,0.6667
CUST007964,639,high_risk,21.19,93.94,66.88,75.73,43.19,56.5216,9.14,9,5,5,0,0,0,1,2,136286.12,1.3111,low,0.3333
CUST007965,689,risky,28.99,99.28,78.14,44.19,87.33,64.8052,2.57,6,1,1,0,0,0,0,7,64325.78,0.0169,low,0.0
CUST007966,804,excellent,95.29,73.39,92.77,55.32,92.22,84.0395,37.62,10,0,0,0,0,0,0,6,89969.56,0.0945,low,0.0
CUST007967,707,good,37.0,84.58,94.5,65.64,87.65,67.828,12.06,15,1,3,0,0,0,1,4,26401.71,0.9335,low,0.2
CUST007968,778,excellent,97.56,89.75,33.07,44.29,92.22,79.6807,11.0,1,0,0,0,0,0,0,0,98671.95,0.0089,low,0.0
CUST007969,831,excellent,95.95,88.98,95.0,46.55,93.19,88.4997,2.43,19,0,0,0,0,0,0,2,62694.16,0.1237,low,0.0
CUST007970,802,excellent,86.84,85.41,91.45,48.45,90.93,83.6746,11.5,12,1,0,0,0,0,0,2,57193.15,0.0542,low,0.0
CUST007971,814,excellent,89.52,95.33,85.89,31.4,97.36,85.6896,1.82,14,0,0,0,0,0,0,3,189904.38,0.0838,low,0.0
CUST007972,762,excellent,87.11,80.94,49.08,57.72,91.48,77.0522,10.26,3,0,0,0,0,0,1,0,181610.26,0.9927,low,0.5
CUST007973,843,excellent,95.96,87.57,89.82,77.04,95.15,90.5497,12.84,14,0,0,0,0,0,1,0,148777.36,0.6696,low,0.5
CUST007974,827,excellent,99.7,94.64,61.72,69.24,83.21,87.7887,4.32,3,1,0,0,0,0,2,4,154760.6,0.6703,low,0.3333
CUST007975,846,excellent,93.97,97.48,88.05,61.87,94.96,91.0249,6.55,16,0,0,0,0,0,1,1,117177.07,0.6425,low,0.5
CUST007976,846,excellent,98.18,99.77,97.0,38.97,83.33,91.0752,9.06,16,1,0,0,0,0,0,3,79036.7,0.0977,low,0.0
CUST007977,609,high_risk,6.52,92.62,87.86,42.14,40.18,51.4753,5.12,10,5,8,0,1,1,0,4,411807.1,0.1683,low,0.0
CUST007978,801,excellent,92.21,73.13,99.14,45.67,98.74,83.523,31.24,11,0,0,0,0,0,0,4,57547.16,0.057,low,0.0
CUST007979,729,good,87.1,79.62,31.49,34.68,89.47,71.5096,14.05,0,1,0,0,0,0,0,0,81339.36,0.1651,low,0.0
CUST007980,722,good,91.46,79.51,19.66,32.53,82.52,70.3173,10.67,0,1,0,0,0,0,0,1,26382.11,0.0762,low,0.0
CUST007981,680,risky,29.82,96.08,79.97,30.38,90.69,63.3643,8.08,7,1,4,0,0,0,0,7,564129.34,0.0492,low,0.0
CUST007982,795,excellent,99.37,92.24,46.46,36.16,95.06,82.5408,2.44,1,0,0,0,0,0,0,2,36310.96,0.1124,low,0.0
CUST007983,810,excellent,87.71,86.11,75.81,71.62,98.97,84.9608,14.44,6,0,0,0,0,0,1,4,129493.82,0.4137,low,0.2
CUST007984,673,risky,34.36,88.43,97.38,49.84,40.12,62.1591,7.43,13,3,2,0,0,0,0,2,70779.42,0.1235,low,0.0
CUST007985,830,excellent,92.12,94.76,67.95,77.24,97.44,88.3306,8.21,5,0,0,0,0,0,1,3,1871577.95,0.3412,low,0.25
CUST007986,796,excellent,89.93,89.19,65.63,61.37,84.33,82.6488,13.91,8,1,0,0,0,0,1,6,40571.8,0.7567,low,0.1429
CUST007987,814,excellent,89.87,94.53,65.95,63.24,97.09,85.7375,9.82,5,0,0,0,0,0,1,1,84920.14,0.9135,low,0.5
CUST007988,826,excellent,94.04,85.2,95.57,55.87,93.39,87.7336,14.79,12,0,0,0,0,0,1,3,43560.95,0.4607,low,0.25
CUST007989,793,excellent,97.17,86.88,63.91,44.5,80.27,82.14,10.6,3,1,0,0,0,0,0,0,42039.34,0.017,low,0.0
CUST007990,766,excellent,92.99,92.02,23.26,50.81,89.79,77.7026,7.07,0,1,0,0,0,0,1,0,83042.8,0.5822,low,0.5
CUST007991,765,excellent,95.61,78.74,54.19,35.69,87.85,77.5683,11.04,3,1,0,0,0,0,0,3,43856.02,0.0981,low,0.0
CUST007992,742,good,94.1,75.48,27.8,38.87,99.71,73.6047,12.44,0,0,0,0,0,0,0,5,150519.67,0.0949,low,0.0
CUST007993,611,high_risk,12.65,99.2,76.16,38.11,24.4,51.8644,1.26,8,5,8,1,0,1,0,5,151660.22,0.4287,low,0.0
CUST007994,855,excellent,87.96,99.39,92.97,90.17,89.67,92.5349,8.48,14,1,0,0,0,0,2,4,34567.62,0.8991,low,0.3333
CUST007995,707,good,41.66,89.6,96.18,40.47,79.79,67.9138,9.95,10,2,1,0,0,0,0,7,19943.55,0.048,low,0.0
CUST007996,775,excellent,85.21,93.51,48.52,44.95,95.2,79.1687,3.44,1,0,0,0,0,0,0,4,104943.05,0.0713,low,0.0
CUST007997,739,good,89.24,88.49,15.19,43.48,87.62,73.1715,1.15,0,1,0,0,0,0,0,1,33125.23,0.0253,low,0.0
CUST007998,788,excellent,93.86,87.38,73.25,46.88,66.18,81.3594,12.61,5,2,0,0,0,0,1,0,65845.65,0.7029,low,0.5
CUST007999,798,excellent,92.83,89.96,80.37,37.53,77.09,82.996,7.48,8,2,0,0,0,0,0,1,81688.1,0.1461,low,0.0
CUST008000,787,excellent,90.89,91.11,62.11,30.98,95.82,81.1422,7.42,2,0,0,0,0,0,0,6,88080.53,0.0599,low,0.0
CUST008001,825,excellent,91.47,90.67,85.32,73.53,81.48,87.513,5.64,16,1,0,0,0,0,1,0,182872.19,0.9729,low,0.5
CUST008002,822,excellent,96.38,92.52,76.42,49.69,90.93,87.0135,4.89,9,0,0,0,0,0,0,6,143090.98,0.1046,low,0.0
CUST008003,736,good,88.5,92.8,27.82,37.23,60.18,72.7274,1.62,0,3,0,0,0,0,0,4,182808.73,0.0448,low,0.0
CUST008004,820,excellent,95.09,89.0,84.37,40.78,98.75,86.5906,8.59,7,0,0,0,0,0,0,1,59946.43,0.0331,low,0.0
CUST008005,811,excellent,91.41,99.61,64.85,39.47,95.85,85.1357,0.55,3,0,0,0,0,0,0,1,147489.95,0.1078,low,0.0
CUST008006,791,excellent,87.24,88.82,73.26,45.0,91.03,81.7753,10.12,7,1,0,0,0,0,0,7,41357.13,0.0836,low,0.0
CUST008007,842,excellent,99.23,93.68,86.87,45.95,98.74,90.3325,4.71,16,0,0,0,0,0,0,4,209970.72,0.0581,low,0.0
CUST008008,660,risky,26.47,96.37,69.91,74.51,49.63,60.0754,4.37,7,4,3,0,0,0,1,1,155562.9,1.6754,moderate,0.5
CUST008009,818,excellent,88.66,97.74,73.76,57.0,92.75,86.3912,9.94,8,0,0,0,0,0,1,1,37410.59,0.868,low,0.5
CUST008010,767,excellent,92.73,95.72,25.72,31.77,96.49,77.8564,1.7,0,0,0,0,0,0,0,7,102951.52,0.1163,low,0.0
CUST008011,842,excellent,94.13,99.28,94.85,47.54,86.49,90.3607,2.36,11,1,0,0,0,0,0,2,21431.95,0.0949,low,0.0
CUST008012,686,risky,56.09,78.28,69.96,47.45,59.89,64.3446,12.41,5,3,3,0,0,0,0,2,165758.1,0.1642,low,0.0
CUST008013,810,excellent,90.66,91.62,85.45,33.78,96.31,85.0436,4.15,15,0,0,0,0,0,0,1,192298.39,0.1233,low,0.0
CUST008014,753,excellent,70.66,82.52,79.71,41.53,99.26,75.5229,14.45,6,0,0,0,0,0,0,1,57829.42,0.0121,low,0.0
CUST008015,795,excellent,94.42,88.58,68.04,36.2,90.97,82.5453,4.0,9,0,0,0,0,0,0,2,56714.63,0.0082,low,0.0
CUST008016,788,excellent,94.41,97.23,35.02,46.91,91.8,81.3366,0.89,1,0,0,0,0,0,0,2,181689.75,0.04,low,0.0
CUST008017,831,excellent,91.33,93.28,74.52,77.25,96.59,88.5085,2.4,6,0,0,0,0,0,2,6,115762.54,0.5365,low,0.25
CUST008018,786,excellent,70.49,92.41,91.34,63.5,85.22,80.9691,1.32,12,1,1,0,0,0,1,7,144207.29,0.8397,low,0.125
CUST008019,788,excellent,85.84,75.9,97.21,47.34,92.66,81.3954,14.82,15,0,0,0,0,0,0,7,79879.57,0.1579,low,0.0
CUST008020,804,excellent,85.58,88.66,99.08,34.97,91.08,84.0196,7.47,17,1,0,0,0,0,0,3,1030642.74,0.0732,low,0.0
CUST008021,709,good,61.12,84.88,54.71,45.32,85.69,68.1618,11.39,4,1,1,0,0,0,0,3,51453.74,0.0808,low,0.0
CUST008022,831,excellent,90.97,91.72,88.73,63.65,95.06,88.5351,7.87,13,0,0,0,0,0,1,3,108895.89,0.847,low,0.25
CUST008023,747,good,87.33,95.73,14.2,39.6,91.43,74.5192,1.36,0,0,0,0,0,0,0,3,24744.75,0.0866,low,0.0
CUST008024,705,good,42.86,96.94,74.47,45.05,77.17,67.4769,0.32,5,2,3,0,0,0,0,7,45807.37,0.006,low,0.0
CUST008025,816,excellent,90.82,95.29,84.12,49.49,80.44,85.9828,9.17,8,1,0,0,0,0,0,6,151986.58,0.0002,low,0.0
CUST008026,646,high_risk,19.41,89.96,98.57,73.59,27.77,57.7023,0.41,14,5,8,0,0,0,1,1,455404.45,1.4655,low,0.5
CUST008027,844,excellent,98.17,84.95,89.4,76.26,97.44,90.6229,13.36,13,0,0,0,0,0,1,6,88158.58,0.4661,low,0.1429
CUST008028,750,excellent,73.73,85.17,78.93,37.0,80.23,74.9226,11.59,8,1,1,0,0,0,0,5,12833.1,0.0298,low,0.0
CUST008029,818,excellent,90.41,92.44,84.51,45.67,96.52,86.2704,0.85,9,0,0,0,0,0,0,2,411690.45,0.0986,low,0.0
CUST008030,744,good,61.62,95.91,99.01,47.22,40.34,73.9513,4.35,17,3,4,0,0,0,0,4,50771.59,0.1213,low,0.0
CUST008031,815,excellent,99.04,93.53,49.68,76.37,80.66,85.875,9.76,3,1,0,0,0,0,1,2,58081.96,0.921,low,0.3333
CUST008032,838,excellent,99.97,96.98,75.98,43.6,97.47,89.5888,6.27,9,0,0,0,0,0,0,3,89527.63,0.0149,low,0.0
CUST008033,688,risky,53.64,90.2,47.63,49.72,67.29,64.682,0.94,3,2,2,0,0,0,0,4,57511.94,0.1387,low,0.0
CUST008034,822,excellent,93.59,95.19,76.31,54.28,87.32,86.9212,5.8,7,1,0,0,0,0,1,4,267089.17,0.6863,low,0.2
CUST008035,842,excellent,98.96,93.04,99.35,43.73,84.43,90.2648,8.24,10,1,0,0,0,0,0,0,118721.75,0.1079,low,0.0
CUST008036,798,excellent,89.68,88.01,93.18,30.54,82.1,83.0331,11.12,14,1,0,0,0,0,0,5,23112.16,0.0857,low,0.0
CUST008037,825,excellent,92.51,88.01,98.02,55.54,84.38,87.4757,10.02,14,1,0,0,0,0,1,5,419004.07,0.5893,low,0.1667
CUST008038,656,risky,36.32,98.13,41.43,47.31,62.37,59.3337,5.2,1,4,3,0,0,0,0,0,388282.22,0.0445,low,0.0
CUST008039,630,high_risk,5.68,91.18,95.09,77.76,46.83,55.0666,7.08,10,3,5,1,0,0,1,1,98099.23,1.5474,moderate,0.5
CUST008040,827,excellent,98.8,90.52,84.91,34.2,99.0,87.7941,1.03,5,0,0,0,0,0,0,3,92301.15,0.0628,low,0.0
CUST008041,846,excellent,97.55,98.22,86.88,45.57,97.7,90.9652,9.42,20,0,0,0,0,0,0,0,411698.02,0.0289,low,0.0
CUST008042,735,good,64.23,78.05,99.57,49.64,66.35,72.4299,11.42,13,2,4,0,0,0,0,5,1107731.47,0.1035,low,0.0
CUST008043,695,risky,47.82,77.28,97.49,31.45,82.26,65.9161,11.77,12,1,4,0,0,0,0,3,241588.96,0.1308,low,0.0
CUST008044,617,high_risk,2.81,95.89,94.86,41.49,47.33,52.8607,8.01,15,3,4,0,1,1,0,1,34835.52,0.2162,low,0.0
CUST008045,833,excellent,97.27,86.96,89.01,62.0,90.78,88.7625,18.9,10,0,0,0,0,0,1,3,33340.18,0.9266,low,0.25
CUST008046,803,excellent,95.41,85.99,78.76,41.64,86.39,83.807,10.35,9,1,0,0,0,0,0,1,311484.1,0.1637,low,0.0
CUST008047,837,excellent,87.15,95.4,91.44,75.04,91.08,89.451,8.27,14,1,0,0,0,0,1,4,30185.61,0.8412,low,0.2
CUST008048,822,excellent,85.71,95.74,82.45,63.31,96.1,87.0308,4.07,5,0,0,0,0,0,2,5,155069.5,0.4809,low,0.2857
CUST008049,689,risky,33.07,82.48,93.95,47.35,97.69,64.9129,14.71,19,0,4,0,0,0,0,0,650430.37,0.0228,low,0.0
CUST008050,826,excellent,97.51,99.86,73.31,37.84,87.72,87.6396,0.56,7,1,0,0,0,0,0,1,110021.61,0.0197,low,0.0
CUST008051,822,excellent,99.72,86.05,82.32,46.77,92.35,86.977,13.19,6,0,0,0,0,0,0,3,78231.54,0.1469,low,0.0
CUST008052,816,excellent,97.67,89.31,72.83,49.97,91.59,86.0581,2.03,8,1,0,0,0,0,0,6,46040.44,0.0411,low,0.0
CUST008053,776,excellent,96.24,56.27,76.46,79.17,94.47,79.3967,46.66,9,0,0,0,0,0,1,6,199968.71,0.9611,low,0.1429
CUST008054,614,high_risk,23.38,85.14,46.81,46.18,69.72,52.3377,14.62,1,2,4,0,0,1,0,1,51529.45,0.4538,low,0.0
CUST008055,614,high_risk,22.81,85.9,59.89,44.36,51.9,52.3638,10.7,3,4,3,1,0,1,0,2,211146.76,0.5188,low,0.0
CUST008056,756,excellent,75.07,75.97,85.98,41.52,98.34,75.9463,14.77,19,0,1,0,0,0,0,3,57928.4,0.0842,low,0.0
CUST008057,802,excellent,74.31,97.02,94.12,47.5,96.59,83.6404,7.55,17,0,0,0,0,0,0,6,140177.13,0.0674,low,0.0
CUST008058,630,high_risk,22.23,85.23,87.12,45.41,40.31,54.9897,11.54,14,6,4,0,0,1,0,4,73120.19,0.6136,low,0.0
CUST008059,827,excellent,98.67,76.31,84.98,85.78,90.83,87.8333,11.72,7,0,0,0,0,0,2,5,165290.86,0.3974,low,0.2857
CUST008060,784,excellent,85.92,98.54,47.7,39.56,99.07,80.6508,5.66,2,0,0,0,0,0,0,0,31702.18,0.0657,low,0.0
CUST008061,812,excellent,89.1,88.28,93.35,48.75,87.85,85.3325,3.06,18,1,0,0,0,0,0,0,221353.82,0.1104,low,0.0
CUST008062,836,excellent,95.32,91.05,99.6,41.55,96.19,89.3906,5.44,15,0,0,0,0,0,0,0,268803.85,0.0915,low,0.0
CUST008063,829,excellent,95.25,95.41,98.36,30.08,84.65,88.1873,2.96,19,1,0,0,0,0,0,5,30728.19,0.0294,low,0.0
CUST008064,785,excellent,85.33,96.24,55.53,55.15,83.29,80.9123,5.17,3,1,0,0,0,0,1,6,149906.79,0.6196,low,0.1429
CUST008065,820,excellent,95.7,79.09,85.08,76.79,90.12,86.675,12.58,14,1,0,0,0,0,1,5,139462.48,0.9072,low,0.1667
CUST008066,755,excellent,77.25,84.19,53.28,62.97,93.14,75.8949,13.15,4,0,0,0,0,0,1,6,57198.0,0.9961,low,0.1429
CUST008067,843,excellent,89.49,94.84,97.31,68.7,91.92,90.4312,8.14,16,0,0,0,0,0,1,3,469627.74,0.4898,low,0.25
CUST008068,763,excellent,79.09,84.64,83.63,48.47,67.16,77.1824,12.64,5,2,1,0,0,0,0,7,217287.48,0.1123,low,0.0
CUST008069,829,excellent,94.57,90.35,90.32,60.18,84.19,88.1921,8.66,12,1,0,0,0,0,1,2,53041.87,0.692,low,0.3333
CUST008070,657,risky,43.16,79.44,49.67,44.49,86.03,59.4393,11.82,1,1,2,0,0,0,0,5,216543.05,0.1254,low,0.0
CUST008071,704,good,76.81,86.39,12.34,31.72,95.23,67.3451,10.15,0,0,1,0,0,0,0,3,9113.6,0.1475,low,0.0
CUST008072,775,excellent,86.56,99.59,31.49,49.0,93.76,79.1739,6.59,1,0,0,0,0,0,0,2,44764.97,0.1336,low,0.0
CUST008073,797,excellent,88.72,92.87,70.96,64.95,67.73,82.8242,3.16,6,2,0,0,0,0,1,6,94506.57,0.5353,low,0.1429
CUST008074,826,excellent,97.74,84.06,95.96,43.61,94.9,87.6745,12.11,15,0,0,0,0,0,0,7,207875.12,0.0298,low,0.0
CUST008075,770,excellent,87.32,93.99,45.51,35.51,91.47,78.2839,8.89,1,0,0,0,0,0,0,5,45363.69,0.0858,low,0.0
CUST008076,761,excellent,97.39,90.45,21.17,35.71,88.89,76.8595,1.12,0,1,0,0,0,0,0,0,156653.47,0.0804,low,0.0
CUST008077,849,excellent,87.12,97.24,93.31,87.12,90.71,91.4429,9.36,18,1,0,0,0,0,2,2,70019.05,0.4183,low,0.5
CUST008078,821,excellent,96.37,85.04,86.23,63.48,83.22,86.8487,19.89,10,1,0,0,0,0,0,5,240121.42,0.0483,low,0.0
CUST008079,605,high_risk,4.77,90.86,87.94,35.03,51.34,50.7525,3.37,11,3,7,0,1,1,0,5,75210.61,0.6021,low,0.0
CUST008080,756,excellent,75.53,91.35,62.37,35.42,91.92,75.9287,4.53,2,0,1,0,0,0,0,2,180074.54,0.1356,low,0.0
CUST008081,780,excellent,95.95,94.48,34.49,32.07,96.46,79.9519,6.53,1,0,0,0,0,0,0,5,176826.13,0.0129,low,0.0
CUST008082,601,high_risk,15.24,80.25,91.23,42.11,28.04,50.1069,10.17,12,5,4,0,0,1,0,5,325781.3,0.5544,low,0.0
CUST008083,767,excellent,96.87,92.2,10.0,49.96,98.43,77.9032,0.17,0,0,0,0,0,0,0,6,160523.4,0.1224,low,0.0
CUST008084,557,high_risk,9.39,77.12,66.31,30.91,34.4,42.901,10.2,7,6,3,0,1,1,0,1,349586.49,0.3615,low,0.0
CUST008085,704,good,46.07,92.57,68.6,66.1,75.29,67.3225,6.21,5,2,4,0,0,0,1,4,79026.19,1.1971,low,0.2
CUST008086,813,excellent,85.18,87.7,93.23,63.08,90.91,85.5073,24.09,15,1,0,0,0,0,0,7,51149.05,0.0921,low,0.0
CUST008087,807,excellent,91.65,94.65,71.84,44.82,87.64,84.4965,5.46,9,1,0,0,0,0,0,5,66015.85,0.0153,low,0.0
CUST008088,838,excellent,88.49,99.56,85.79,67.83,91.75,89.6635,4.11,19,0,0,0,0,0,1,1,291772.47,0.7426,low,0.5
CUST008089,810,excellent,75.39,99.61,89.9,53.97,99.16,85.0662,2.21,16,0,0,0,0,0,1,2,24339.16,0.8186,low,0.3333
CUST008090,801,excellent,94.61,94.46,61.41,30.87,97.52,83.5032,6.43,2,0,0,0,0,0,0,5,91943.87,0.1002,low,0.0
CUST008091,774,excellent,79.41,76.02,86.45,59.51,94.18,78.9371,14.73,12,0,0,0,0,0,0,7,183984.54,0.152,low,0.0
CUST008092,668,risky,28.47,90.82,77.75,73.75,60.59,61.3073,7.37,7,4,4,0,0,0,1,7,26286.97,1.3606,low,0.125
CUST008093,843,excellent,98.18,99.28,92.01,37.94,88.2,90.5647,9.4,17,1,0,0,0,0,0,4,36811.69,0.096,low,0.0
CUST008094,816,excellent,86.02,97.46,73.95,55.69,99.95,86.0032,1.01,6,0,0,0,0,0,1,4,104428.53,0.7539,low,0.2
CUST008095,835,excellent,98.98,99.97,67.13,70.7,73.88,89.161,1.3,5,2,0,0,0,0,1,0,209387.96,0.7435,low,0.5
CUST008096,825,excellent,88.02,88.9,95.32,62.8,94.71,87.5264,9.91,14,0,0,0,0,0,1,2,44325.79,0.6114,low,0.3333
CUST008097,799,excellent,74.77,99.1,90.85,47.02,89.5,83.1822,8.78,11,1,1,0,0,0,0,2,350362.69,0.0701,low,0.0
CUST008098,818,excellent,85.49,90.02,91.25,58.77,98.63,86.3521,3.69,11,0,0,0,0,0,1,3,244712.96,0.9379,low,0.25
CUST008099,839,excellent,93.68,92.43,87.28,64.75,97.92,89.8766,9.97,15,0,0,0,0,0,1,7,137487.9,0.464,low,0.125
CUST008100,799,excellent,86.44,93.37,77.6,42.14,90.41,83.162,4.09,5,0,0,0,0,0,0,5,615342.69,0.0488,low,0.0
CUST008101,799,excellent,99.04,76.79,60.64,63.84,99.35,83.1193,12.06,2,0,0,0,0,0,1,7,113585.68,0.5449,low,0.125
CUST008102,791,excellent,97.8,80.31,76.13,45.83,75.26,81.8502,17.5,7,2,0,0,0,0,1,1,192447.6,0.6851,low,0.5
CUST008103,803,excellent,91.39,96.74,74.37,45.93,70.33,83.7888,4.14,8,2,0,0,0,0,0,2,23623.13,0.0278,low,0.0
CUST008104,809,excellent,89.71,89.17,82.25,44.01,98.76,84.7628,4.92,5,0,0,0,0,0,0,6,198778.51,0.1665,low,0.0
CUST008105,804,excellent,89.31,89.54,91.46,30.78,91.11,84.0285,1.32,10,1,0,0,0,0,0,6,9092.37,0.0214,low,0.0
CUST008106,732,good,66.87,88.88,53.03,45.99,94.0,72.0224,12.99,2,0,1,0,0,0,0,3,133417.46,0.0527,low,0.0
CUST008107,819,excellent,95.26,88.44,89.03,39.28,93.54,86.509,1.39,11,0,0,0,0,0,0,6,327490.86,0.1634,low,0.0
CUST008108,782,excellent,92.72,77.35,62.07,61.68,92.29,80.3674,12.09,2,0,0,0,0,0,1,1,52830.4,0.5295,low,0.5
CUST008109,804,excellent,86.17,98.13,91.81,33.48,72.73,83.9912,7.62,17,2,0,0,0,0,0,2,90908.66,0.1097,low,0.0
CUST008110,794,excellent,87.42,89.05,80.5,45.54,84.47,82.3907,1.38,9,1,0,0,0,0,1,4,27470.07,0.7013,low,0.2
CUST008111,793,excellent,91.58,80.0,85.18,34.0,98.76,82.1066,12.8,18,0,0,0,0,0,0,7,41359.95,0.0477,low,0.0
CUST008112,824,excellent,90.04,90.27,87.49,62.38,94.34,87.3899,9.91,14,0,0,0,0,0,1,6,104111.41,0.5257,low,0.1429
CUST008113,771,excellent,70.12,92.17,93.0,33.65,90.45,78.5553,8.13,15,0,0,0,0,0,0,0,106782.89,0.1146,low,0.0
CUST008114,797,excellent,98.5,88.96,50.82,48.55,91.17,82.759,14.43,2,0,0,0,0,0,0,4,78644.94,0.0701,low,0.0
CUST008115,628,high_risk,20.13,81.52,85.95,30.48,71.98,54.639,11.69,16,2,6,0,0,1,0,5,64710.69,0.4487,low,0.0
CUST008116,812,excellent,92.87,86.65,94.09,45.02,82.43,85.3607,12.2,10,1,0,0,0,0,0,3,91320.97,0.0799,low,0.0
CUST008117,821,excellent,95.28,95.69,83.59,32.73,89.21,86.786,8.04,5,1,0,0,0,0,0,3,158139.39,0.1283,low,0.0
CUST008118,817,excellent,92.26,92.91,80.37,48.43,91.37,86.201,8.76,6,1,0,0,0,0,1,6,77896.15,0.9226,low,0.1429
CUST008119,728,good,53.14,98.84,91.46,48.47,44.99,71.3149,4.56,18,4,3,0,0,0,0,2,43933.13,0.1547,low,0.0
CUST008120,809,excellent,90.73,89.12,85.78,38.17,97.25,84.9033,9.01,13,0,0,0,0,0,0,3,53387.76,0.1192,low,0.0
CUST008121,817,excellent,93.83,96.21,67.12,49.56,94.85,86.2112,5.04,9,0,0,0,0,0,1,7,112518.45,0.94,low,0.125
CUST008122,791,excellent,99.07,77.83,66.21,47.65,90.54,81.7743,13.2,5,0,0,0,0,0,1,4,132497.4,0.9255,low,0.2
CUST008123,796,excellent,89.73,82.71,86.65,46.92,88.19,82.7289,12.24,15,1,0,0,0,0,1,2,19484.86,0.7312,low,0.3333
CUST008124,713,good,41.52,99.27,94.3,46.18,58.08,68.8845,5.31,11,3,4,0,0,0,0,1,124024.44,0.2445,low,0.0
CUST008125,600,high_risk,13.32,87.38,81.63,48.25,20.83,50.0295,11.98,5,5,3,1,0,1,0,2,130695.2,0.6062,low,0.0
CUST008126,778,excellent,88.7,86.76,55.74,45.12,96.81,79.6267,11.53,2,0,0,0,0,0,0,3,253581.75,0.0862,low,0.0
CUST008127,789,excellent,90.91,90.99,46.6,57.3,96.02,81.4375,8.85,4,0,0,0,0,0,1,3,21912.53,0.4811,low,0.25
CUST008128,829,excellent,86.73,91.42,95.87,71.16,88.4,88.1192,9.37,19,1,0,0,0,0,1,6,27575.92,0.3399,low,0.1429
CUST008129,777,excellent,94.71,88.6,33.31,49.73,98.37,79.5364,6.91,1,0,0,0,0,0,0,2,72176.33,0.1021,low,0.0
CUST008130,579,high_risk,28.88,78.58,31.9,61.6,28.57,46.4839,11.19,1,5,8,0,0,0,1,3,67795.8,2.0737,moderate,0.25
CUST008131,824,excellent,89.9,98.5,93.12,33.61,89.38,87.2843,8.23,16,1,0,0,0,0,0,3,8653.67,0.088,low,0.0
CUST008132,824,excellent,85.98,95.47,86.66,62.55,93.74,87.3603,7.56,17,0,0,0,0,0,1,3,68227.33,0.7504,low,0.25
CUST008133,766,excellent,97.92,93.62,10.67,41.6,95.21,77.6413,9.94,0,0,0,0,0,0,0,5,1647119.68,0.0451,low,0.0
CUST008134,801,excellent,97.75,95.14,45.63,40.88,98.87,83.5756,2.75,1,0,0,0,0,0,0,4,23361.78,0.1497,low,0.0
CUST008135,820,excellent,97.31,93.81,75.26,50.43,81.52,86.6876,4.57,6,1,0,0,0,0,1,1,59196.3,0.8055,low,0.5
CUST008136,827,excellent,86.86,96.7,97.21,52.72,85.7,87.8325,4.07,18,1,0,0,0,0,1,5,19841.22,0.8412,low,0.1667
CUST008137,855,excellent,95.28,99.5,83.34,76.52,91.3,92.4841,8.12,6,0,0,0,0,0,1,1,83828.99,0.8353,low,0.5
CUST008138,772,excellent,88.16,93.98,40.25,41.13,94.95,78.696,9.32,1,0,0,0,0,0,0,2,78412.75,0.1637,low,0.0
CUST008139,828,excellent,99.93,94.35,90.26,31.86,80.65,88.0703,1.36,19,1,0,0,0,0,0,4,140411.54,0.0463,low,0.0
CUST008140,839,excellent,98.19,94.55,74.42,71.45,88.4,89.8794,9.05,7,1,0,0,0,0,1,7,53316.36,0.8506,low,0.125
CUST008141,787,excellent,96.15,79.47,62.62,49.5,93.08,81.141,11.78,2,0,0,0,0,0,0,0,44227.06,0.0939,low,0.0
CUST008142,601,high_risk,12.58,97.93,44.91,64.29,41.47,50.0951,6.58,1,6,8,0,0,0,1,6,876760.21,1.9361,moderate,0.1429
CUST008143,820,excellent,95.88,75.49,95.8,69.06,92.17,86.6987,10.78,18,0,0,0,0,0,1,1,65695.54,0.4789,low,0.5
CUST008144,761,excellent,96.83,79.65,47.41,39.09,80.81,76.8841,12.53,2,1,0,0,0,0,0,6,717498.57,0.1407,low,0.0
CUST008145,773,excellent,89.39,97.93,33.52,33.25,97.83,78.8011,5.24,0,0,0,0,0,0,0,3,53544.32,0.0419,low,0.0
CUST008146,824,excellent,99.65,83.97,96.75,46.27,81.49,87.3579,11.98,12,1,0,0,0,0,0,6,176974.05,0.1325,low,0.0
CUST008147,819,excellent,97.69,86.68,67.04,67.26,95.91,86.5677,13.56,8,0,0,0,0,0,1,6,36941.32,0.6698,low,0.1429
CUST008148,746,good,62.06,83.96,81.04,59.96,93.5,74.4109,22.57,5,0,1,0,0,0,0,4,18442.44,0.119,low,0.0
CUST008149,609,high_risk,12.97,90.94,73.48,39.29,47.89,51.5599,7.22,5,3,3,0,0,1,0,7,27541.93,0.5672,low,0.0
CUST008150,855,excellent,99.1,93.48,90.97,65.06,96.7,92.5505,7.12,13,0,0,0,0,0,1,3,1037275.63,0.5666,low,0.25
CUST008151,769,excellent,87.07,98.66,29.37,48.3,88.96,78.204,3.8,0,1,0,0,0,0,0,3,601579.98,0.0227,low,0.0
CUST008152,660,risky,40.36,93.4,45.46,42.75,66.86,59.9274,0.46,2,2,3,0,0,0,0,6,69099.21,0.0711,low,0.0
CUST008153,698,risky,47.17,90.81,88.19,35.49,57.33,66.2645,4.01,20,3,1,0,0,0,0,1,101833.9,0.2426,low,0.0
CUST008154,829,excellent,90.13,85.69,96.63,67.63,96.87,88.199,14.05,14,0,0,0,0,0,1,2,18553.87,0.4271,low,0.3333
CUST008155,834,excellent,89.23,93.71,93.51,60.39,96.34,89.0441,8.77,14,0,0,0,0,0,1,3,119139.91,0.875,low,0.25
CUST008156,703,good,68.25,62.21,74.13,59.92,75.85,67.2463,39.88,6,2,0,0,0,0,0,3,52364.38,0.0539,low,0.0
CUST008157,608,high_risk,26.8,88.36,31.01,62.64,55.24,51.3281,9.28,0,3,5,0,0,0,1,4,101196.5,2.1076,moderate,0.2
CUST008158,851,excellent,87.2,97.03,95.88,81.65,96.68,91.8434,8.62,12,0,0,0,0,0,2,5,43964.04,0.5608,low,0.2857
CUST008159,816,excellent,91.79,92.0,79.59,61.54,81.93,86.0131,9.67,9,1,0,0,0,0,1,6,374191.87,0.833,low,0.1429
CUST008160,788,excellent,90.97,95.05,47.23,43.71,95.06,81.3178,3.77,1,0,0,0,0,0,0,7,101587.96,0.0711,low,0.0
CUST008161,690,risky,52.2,84.81,81.56,34.9,56.4,65.0762,12.3,5,3,2,0,0,0,0,1,35607.32,0.0586,low,0.0
CUST008162,817,excellent,99.18,89.51,65.72,64.16,83.61,86.2017,11.75,6,1,0,0,0,0,1,3,78749.42,0.5379,low,0.25
CUST008163,805,excellent,92.15,98.97,55.98,40.33,97.67,84.1375,0.93,2,0,0,0,0,0,0,7,172076.96,0.1256,low,0.0
CUST008164,780,excellent,92.85,88.14,49.25,48.22,87.84,79.9297,6.48,2,1,0,0,0,0,0,2,35036.65,0.0563,low,0.0
CUST008165,807,excellent,99.97,90.54,53.03,53.38,91.01,84.5446,5.47,4,0,0,0,0,0,1,1,50794.46,0.8854,low,0.5
CUST008166,809,excellent,91.64,94.27,74.5,32.91,99.99,84.8203,5.22,7,0,0,0,0,0,0,3,46794.4,0.1081,low,0.0
CUST008167,834,excellent,90.87,92.2,85.73,70.66,95.32,88.9212,1.05,12,0,0,0,0,0,1,5,147352.05,0.44,low,0.1667
CUST008168,767,excellent,75.24,89.89,61.09,63.0,91.39,77.9045,7.4,3,1,0,0,0,0,1,4,89490.47,0.6479,low,0.2
CUST008169,820,excellent,91.06,78.06,94.91,78.68,93.17,86.7092,12.49,11,0,0,0,0,0,1,1,91315.35,0.7452,low,0.5
CUST008170,759,excellent,73.45,76.64,81.46,58.65,97.57,76.5427,12.43,8,0,1,0,0,0,1,2,160911.49,0.6176,low,0.3333
CUST008171,818,excellent,87.8,91.06,92.11,48.22,96.66,86.3528,1.41,10,0,0,0,0,0,0,7,206533.09,0.0949,low,0.0
CUST008172,630,high_risk,42.15,61.16,47.25,71.39,77.57,55.0827,46.85,3,2,2,0,0,0,0,3,129066.08,0.8415,low,0.0
CUST008173,696,risky,59.54,94.64,37.44,44.77,66.72,65.9945,2.06,1,2,2,0,0,0,0,7,12743.43,0.1558,low,0.0
CUST008174,712,good,51.68,85.8,87.14,41.31,75.79,68.6065,14.6,13,2,2,0,0,0,0,0,57269.66,0.0369,low,0.0
CUST008175,724,good,61.77,96.58,56.79,40.25,75.06,70.6411,1.85,3,2,3,0,0,0,0,4,46263.89,0.0075,low,0.0
CUST008176,739,good,85.2,88.35,25.88,32.49,97.69,73.2227,10.05,0,0,0,0,0,0,0,4,85164.41,0.0761,low,0.0
CUST008177,809,excellent,94.68,91.76,66.75,42.31,99.12,84.8212,0.59,5,0,0,0,0,0,0,1,23672.43,0.1,low,0.0
CUST008178,835,excellent,93.89,92.92,88.56,62.45,89.68,89.2338,7.99,11,1,0,0,0,0,1,3,25149.9,0.8032,low,0.25
CUST008179,826,excellent,92.61,89.62,92.43,46.44,98.99,87.7067,1.87,17,0,0,0,0,0,0,5,393712.89,0.16,low,0.0
CUST008180,797,excellent,88.94,77.34,99.31,41.06,95.57,82.8894,13.44,16,0,0,0,0,0,0,4,202780.76,0.1128,low,0.0
CUST008181,672,risky,52.76,87.19,49.9,34.36,64.9,62.0357,10.49,3,3,4,0,0,0,0,7,116335.26,0.1374,low,0.0
CUST008182,820,excellent,93.28,88.69,84.45,49.58,97.13,86.5934,7.31,6,0,0,0,0,0,0,3,180864.13,0.1119,low,0.0
CUST008183,766,excellent,91.32,89.25,40.49,45.81,82.52,77.6453,9.88,1,1,0,0,0,0,0,7,52880.93,0.043,low,0.0
CUST008184,738,good,87.14,46.12,91.33,53.99,96.5,73.0833,52.55,20,0,0,0,0,0,1,6,54729.25,0.6269,low,0.1429
CUST008185,701,good,43.4,88.64,81.09,45.55,83.18,66.8218,7.28,7,1,2,0,0,0,0,3,98138.96,0.0101,low,0.0
CUST008186,807,excellent,78.21,97.36,97.69,59.15,74.32,84.5789,0.7,17,2,0,0,0,0,1,2,176059.18,0.7845,low,0.3333
CUST008187,759,excellent,85.16,95.83,50.35,32.14,72.24,76.5468,1.88,3,2,0,0,0,0,0,4,140702.67,0.0171,low,0.0
CUST008188,840,excellent,97.49,95.43,85.73,46.58,97.95,90.0631,9.65,10,0,0,0,0,0,1,1,45506.86,0.9201,low,0.5
CUST008189,750,excellent,92.04,79.36,38.74,33.19,97.74,74.9274,13.25,1,0,0,0,0,0,0,4,120630.45,0.0412,low,0.0
CUST008190,608,high_risk,13.42,77.1,91.56,38.83,59.49,51.394,14.07,15,3,4,0,0,1,0,6,701268.77,0.464,low,0.0
CUST008191,852,excellent,92.59,96.38,95.84,70.81,92.06,91.9811,9.77,18,0,0,0,0,0,1,7,200185.18,0.962,low,0.125
CUST008192,729,good,64.37,93.1,47.45,48.26,90.6,71.463,4.17,1,1,3,0,0,0,0,6,37572.58,0.0399,low,0.0
CUST008193,825,excellent,98.72,78.04,98.97,56.48,90.66,87.5232,13.47,10,0,0,0,0,0,1,3,250824.98,0.3757,low,0.25
CUST008194,821,excellent,99.41,93.62,74.72,43.76,83.04,86.7674,7.27,7,1,0,0,0,0,0,1,185309.7,0.0328,low,0.0
CUST008195,788,excellent,87.73,75.4,83.42,71.03,83.45,81.2879,13.8,7,1,0,0,0,0,1,0,57149.42,0.8976,low,0.5
CUST008196,833,excellent,94.47,94.51,94.84,39.91,92.32,88.8647,3.4,17,0,0,0,0,0,0,1,37412.38,0.0889,low,0.0
CUST008197,783,excellent,85.44,99.51,55.18,35.03,90.39,80.5756,4.02,2,0,0,0,0,0,0,0,371008.1,0.1123,low,0.0
CUST008198,630,high_risk,46.91,77.58,28.34,44.76,66.14,55.036,10.44,0,2,2,0,0,0,0,1,44505.96,0.1278,low,0.0
CUST008199,580,high_risk,12.09,86.27,53.41,36.29,48.66,46.6178,10.89,2,3,2,0,1,1,0,0,107101.39,0.298,low,0.0
CUST008200,820,excellent,99.08,88.7,82.96,47.65,80.93,86.5864,10.53,8,1,0,0,0,0,0,4,196785.54,0.1402,low,0.0
CUST008201,740,good,62.32,95.73,75.79,66.32,48.67,73.3975,5.73,5,3,3,0,0,0,1,0,139513.59,0.9721,low,0.5
CUST008202,815,excellent,86.09,93.56,85.92,49.43,98.43,85.8704,2.33,19,0,0,0,0,0,0,7,173957.67,0.0845,low,0.0
CUST008203,822,excellent,88.1,90.97,93.49,49.03,99.02,86.9563,8.42,12,0,0,0,0,0,0,0,81612.95,0.1593,low,0.0
CUST008204,764,excellent,74.09,77.73,84.92,61.17,92.79,77.3841,14.03,5,0,1,0,0,0,1,6,185317.2,0.5116,low,0.1429
CUST008205,835,excellent,90.61,89.24,96.49,69.98,92.83,89.2383,11.66,13,0,0,0,0,0,1,1,173835.05,0.6759,low,0.5
CUST008206,808,excellent,90.44,91.6,91.48,33.39,84.09,84.6056,8.88,16,1,0,0,0,0,0,0,11480.89,0.0913,low,0.0
CUST008207,744,good,95.23,77.16,35.16,40.65,81.38,73.9567,14.29,1,1,0,0,0,0,0,1,235034.08,0.0974,low,0.0
CUST008208,833,excellent,94.21,89.68,86.46,62.52,97.85,88.8853,4.5,15,0,0,0,0,0,1,1,156777.55,0.5126,low,0.5
CUST008209,620,high_risk,12.44,92.09,72.28,64.9,49.37,53.2525,0.41,8,4,3,0,0,0,1,2,45577.49,1.9264,moderate,0.3333
CUST008210,786,excellent,87.77,95.03,48.26,60.48,84.09,80.9243,7.14,3,1,0,0,0,0,1,6,151296.45,0.7339,low,0.1429
CUST008211,811,excellent,86.21,90.98,97.13,33.9,97.76,85.2025,8.09,20,0,0,0,0,0,0,5,105000.72,0.145,low,0.0
CUST008212,796,excellent,93.96,89.92,67.06,31.63,95.24,82.608,14.49,5,0,0,0,0,0,0,5,92611.05,0.0073,low,0.0
CUST008213,820,excellent,96.99,83.75,95.5,35.23,97.04,86.6241,10.1,13,0,0,0,0,0,0,3,139019.28,0.032,low,0.0
CUST008214,780,excellent,91.38,89.01,48.43,46.2,93.89,79.9591,8.31,1,0,0,0,0,0,0,7,143780.27,0.0153,low,0.0
CUST008215,754,excellent,62.27,95.42,85.06,47.49,76.84,75.6104,5.85,11,2,2,0,0,0,0,6,172268.83,0.2234,low,0.0
CUST008216,791,excellent,85.66,90.41,48.99,79.13,95.07,81.8727,3.53,2,0,0,0,0,0,1,4,364840.02,0.8548,low,0.2
CUST008217,600,high_risk,11.18,91.25,50.23,49.13,62.29,49.9665,6.29,3,3,3,0,1,1,0,2,108358.74,0.4818,low,0.0
CUST008218,792,excellent,94.52,89.41,60.22,39.22,91.75,82.0367,4.7,3,1,0,0,0,0,0,0,490409.51,0.1062,low,0.0
CUST008219,822,excellent,89.59,94.29,78.27,58.97,97.32,87.0146,9.98,7,0,0,0,0,0,1,6,315703.59,0.6404,low,0.1429
CUST008220,788,excellent,87.97,94.89,70.43,37.79,77.55,81.3554,9.34,7,2,0,0,0,0,0,1,55325.69,0.1419,low,0.0
CUST008221,795,excellent,90.86,86.73,83.57,40.75,81.51,82.5815,14.03,9,1,0,0,0,0,0,4,85868.59,0.1541,low,0.0
CUST008222,742,good,61.08,90.15,87.78,68.63,52.02,73.6567,4.05,19,4,3,0,0,0,1,5,63030.95,0.9827,low,0.1667
CUST008223,756,excellent,89.55,90.53,39.89,32.36,82.67,75.9887,9.33,1,1,0,0,0,0,0,5,22119.34,0.0866,low,0.0
CUST008224,595,high_risk,12.16,83.03,85.47,38.57,33.1,49.1526,11.01,18,6,6,0,1,1,0,5,58456.99,0.2228,low,0.0
CUST008225,766,excellent,88.98,95.74,24.68,48.82,92.72,77.7208,6.41,0,0,0,0,0,0,0,3,23083.88,0.0954,low,0.0
CUST008226,717,good,46.23,99.89,66.37,37.03,97.27,69.5361,1.67,9,0,3,0,0,0,0,0,445565.61,0.0836,low,0.0
CUST008227,674,risky,39.07,88.4,71.2,42.79,72.45,62.3966,6.04,6,2,2,0,0,0,0,3,124131.56,0.0657,low,0.0
CUST008228,745,good,50.45,96.94,97.3,48.69,79.37,74.1421,7.95,10,2,1,0,0,0,0,4,114812.84,0.1554,low,0.0
CUST008229,810,excellent,91.62,92.36,88.3,30.38,90.16,85.0745,0.31,18,1,0,0,0,0,0,3,34950.45,0.1334,low,0.0
CUST008230,640,high_risk,53.36,88.92,15.94,35.92,53.83,56.7175,11.94,0,3,2,0,0,0,0,6,409568.03,0.0843,low,0.0
CUST008231,661,risky,27.4,94.3,91.12,43.5,41.98,60.0963,7.1,15,5,8,0,0,1,0,7,134075.67,0.3346,low,0.0
CUST008232,695,risky,52.72,80.07,66.76,45.39,88.83,65.9071,11.26,7,1,4,0,0,0,0,2,78496.69,0.2056,low,0.0
CUST008233,581,high_risk,10.75,85.76,45.74,40.34,63.64,46.7508,12.72,1,3,1,1,1,1,0,7,106386.16,0.5699,low,0.0
CUST008234,702,good,47.02,93.1,68.42,38.98,84.16,66.9624,9.91,9,1,4,0,0,0,0,2,23503.55,0.0148,low,0.0
CUST008235,705,good,40.9,88.4,94.03,37.5,87.44,67.4314,2.14,10,1,2,0,0,0,0,6,142262.65,0.0433,low,0.0
CUST008236,595,high_risk,17.76,76.71,70.85,45.42,48.25,49.2245,10.38,5,3,7,0,0,1,0,0,300521.15,0.6526,low,0.0
CUST008237,671,risky,41.83,90.53,52.51,45.43,76.98,61.9161,1.21,4,2,4,0,0,0,0,6,129229.89,0.2092,low,0.0
CUST008238,803,excellent,85.87,90.33,86.33,40.2,97.09,83.8346,3.29,19,0,0,0,0,0,0,1,8075.43,0.1626,low,0.0
CUST008239,792,excellent,85.98,91.74,76.98,40.15,87.96,81.9711,1.87,5,1,0,0,0,0,0,0,85087.82,0.1301,low,0.0
CUST008240,724,good,71.14,83.38,59.2,35.06,83.44,70.6442,10.5,2,1,0,0,0,0,0,4,83394.68,0.062,low,0.0
CUST008241,846,excellent,90.91,97.5,91.89,63.6,98.43,91.0545,4.77,17,0,0,0,0,0,1,1,259741.58,0.9499,low,0.5
CUST008242,809,excellent,95.9,90.69,80.0,50.69,69.3,84.7703,0.42,6,2,0,0,0,0,1,4,26351.3,0.9581,low,0.2
CUST008243,781,excellent,97.43,75.33,72.27,30.18,96.1,80.1687,10.35,5,0,0,0,0,0,0,7,346172.17,0.0109,low,0.0
CUST008244,826,excellent,95.5,97.05,66.47,53.45,98.32,87.6879,0.71,5,0,0,0,0,0,1,6,109990.33,0.5184,low,0.1429
CUST008245,817,excellent,85.02,99.82,85.81,53.6,82.69,86.2011,2.84,20,1,0,0,0,0,1,4,98851.63,0.718,low,0.2
CUST008246,781,excellent,91.4,89.97,47.12,50.92,90.01,80.1422,14.86,2,0,0,0,0,0,1,4,33484.69,0.7664,low,0.2
CUST008247,804,excellent,87.91,89.14,87.39,45.47,88.93,84.0593,6.77,10,1,0,0,0,0,0,2,135246.69,0.1507,low,0.0
CUST008248,773,excellent,90.3,85.04,48.73,49.04,95.77,78.9042,11.52,1,0,0,0,0,0,0,0,10558.18,0.1172,low,0.0
CUST008249,811,excellent,68.27,97.49,99.69,75.49,95.06,85.1526,5.31,17,0,1,0,0,0,1,6,36156.63,0.8764,low,0.1429
CUST008250,807,excellent,99.78,75.85,79.28,61.02,88.53,84.5259,13.72,8,1,0,0,0,0,1,7,353078.49,0.7436,low,0.125
CUST008251,783,excellent,93.81,84.74,68.23,33.75,86.96,80.5632,12.0,9,1,0,0,0,0,0,7,81316.31,0.0332,low,0.0
CUST008252,807,excellent,89.18,80.11,92.87,60.1,92.3,84.4176,10.35,14,0,0,0,0,0,1,7,292839.06,0.9173,low,0.125
CUST008253,769,excellent,78.85,96.55,51.58,47.84,91.38,78.2183,1.69,2,0,0,0,0,0,0,5,103851.65,0.0217,low,0.0
CUST008254,786,excellent,93.36,89.02,59.9,34.5,92.49,81.0684,6.19,2,0,0,0,0,0,0,3,178319.7,0.0038,low,0.0
CUST008255,823,excellent,92.26,89.0,99.85,40.29,92.27,87.2232,4.35,16,0,0,0,0,0,0,7,26107.07,0.0115,low,0.0
CUST008256,664,risky,30.37,91.95,79.04,40.13,66.23,60.7076,6.44,5,2,2,0,0,0,0,1,31149.41,0.0453,low,0.0
CUST008257,818,excellent,95.34,92.99,67.97,49.56,98.72,86.2895,3.78,8,0,0,0,0,0,0,4,109774.64,0.1299,low,0.0
CUST008258,825,excellent,93.3,94.55,77.4,57.52,91.67,87.5494,7.97,6,1,0,0,0,0,2,3,399943.78,0.4946,low,0.4
CUST008259,716,good,39.44,97.33,95.31,30.38,90.45,69.3801,9.24,20,1,3,0,0,0,0,3,24647.16,0.1434,low,0.0
CUST008260,782,excellent,95.57,96.15,21.65,52.71,94.64,80.2787,9.22,0,0,0,0,0,0,1,1,68917.31,0.6665,low,0.5
CUST008261,759,excellent,90.98,89.5,37.62,30.65,90.74,76.477,9.49,1,1,0,0,0,0,0,7,87717.27,0.0873,low,0.0
CUST008262,824,excellent,90.08,94.98,96.82,36.97,91.37,87.3789,6.95,18,0,0,0,0,0,0,0,30187.42,0.0459,low,0.0
CUST008263,826,excellent,87.81,99.94,92.52,36.11,95.01,87.7072,3.52,10,0,0,0,0,0,0,6,93124.17,0.0552,low,0.0
CUST008264,788,excellent,88.17,79.99,80.07,45.31,99.67,81.3678,12.76,9,0,0,0,0,0,1,7,198979.79,0.8776,low,0.125
CUST008265,691,risky,46.7,95.61,45.2,38.17,95.65,65.1918,5.18,2,0,3,0,0,0,0,5,49795.33,0.1658,low,0.0
CUST008266,603,high_risk,10.91,92.75,89.06,46.36,9.35,50.5756,8.33,17,7,6,0,0,1,0,0,77324.48,0.5152,low,0.0
CUST008267,762,excellent,85.15,63.43,86.52,60.62,90.74,76.9452,44.62,19,0,0,0,0,0,1,7,90552.89,0.7475,low,0.125
CUST008268,847,excellent,99.75,91.47,81.06,70.67,96.03,91.1812,6.05,5,0,0,0,0,0,1,5,112318.52,0.8242,low,0.1667
CUST008269,642,high_risk,39.74,68.49,85.69,48.32,47.99,56.9412,40.79,15,3,3,0,0,0,0,5,121524.91,0.0776,low,0.0
CUST008270,622,high_risk,13.76,92.3,90.84,37.84,38.05,53.7214,2.44,11,5,8,0,0,1,0,1,289585.86,0.3237,low,0.0
CUST008271,741,good,87.08,76.03,58.66,32.03,82.49,73.5401,11.6,2,1,0,0,0,0,0,0,43404.54,0.0221,low,0.0
CUST008272,594,high_risk,13.52,94.0,65.04,37.63,25.21,48.9706,4.47,5,6,5,1,1,1,0,1,372464.0,0.2719,low,0.0
CUST008273,800,excellent,98.69,99.79,35.49,46.54,89.61,83.4139,8.48,1,1,0,0,0,0,0,1,794653.9,0.0261,low,0.0
CUST008274,787,excellent,94.29,85.73,53.59,46.5,98.29,81.239,13.57,3,0,0,0,0,0,0,2,100908.84,0.0662,low,0.0
CUST008275,668,risky,61.02,46.3,99.52,66.95,44.57,61.3275,66.06,18,3,2,0,0,0,1,6,65948.19,0.9373,low,0.1429
CUST008276,766,excellent,88.92,89.59,44.88,30.43,98.45,77.6207,12.35,1,0,0,0,0,0,0,1,343389.54,0.0904,low,0.0
CUST008277,823,excellent,96.41,97.15,70.85,46.08,90.07,87.1324,3.14,8,0,0,0,0,0,0,5,112931.39,0.0635,low,0.0
CUST008278,809,excellent,88.32,93.56,72.29,64.91,85.67,84.8809,3.29,8,1,0,0,0,0,1,1,78171.13,0.5213,low,0.5
CUST008279,804,excellent,91.27,86.0,83.71,45.11,91.79,83.99,11.52,7,0,0,0,0,0,1,0,176298.82,0.9693,low,0.5
CUST008280,786,excellent,99.84,62.67,82.56,49.65,99.61,81.0528,31.98,7,0,0,0,0,0,0,0,506660.52,0.0508,low,0.0
CUST008281,680,risky,29.93,90.43,97.68,63.9,57.07,63.3535,0.64,18,3,3,0,0,0,1,3,171207.81,2.2579,moderate,0.25
CUST008282,838,excellent,93.9,97.2,91.72,41.58,98.07,89.7459,0.9,16,0,0,0,0,0,0,3,59898.08,0.1542,low,0.0
CUST008283,809,excellent,98.07,91.58,57.82,45.98,97.1,84.782,0.81,4,0,0,0,0,0,0,2,213403.83,0.0911,low,0.0
CUST008284,794,excellent,90.43,89.46,66.28,42.43,97.3,82.4042,3.56,7,0,0,0,0,0,0,1,45566.4,0.0241,low,0.0
CUST008285,750,excellent,99.03,76.38,31.36,31.85,96.11,75.0754,12.29,1,0,0,0,0,0,0,5,75412.64,0.0775,low,0.0
CUST008286,827,excellent,99.46,98.23,74.06,41.87,82.77,87.8533,9.95,6,1,0,0,0,0,0,7,189613.57,0.083,low,0.0
CUST008287,596,high_risk,21.79,88.67,40.27,48.72,41.47,49.2853,2.51,1,3,8,0,0,1,0,4,95424.45,0.2762,low,0.0
CUST008288,824,excellent,95.08,71.46,94.46,93.52,90.18,87.2558,41.27,16,1,0,0,0,0,2,7,69620.14,0.411,low,0.2222
CUST008289,723,good,57.11,79.05,89.14,35.98,97.84,70.4554,12.11,12,0,1,0,0,0,0,7,123088.61,0.2201,low,0.0
CUST008290,808,excellent,97.56,90.46,71.39,44.96,82.21,84.7088,6.04,5,1,0,0,0,0,0,3,236809.57,0.0975,low,0.0
CUST008291,633,high_risk,43.55,40.78,83.75,55.83,99.11,55.5324,60.89,8,0,4,0,0,0,0,1,62518.03,0.0291,low,0.0
CUST008292,782,excellent,87.22,92.95,53.33,40.49,97.99,80.2585,4.16,2,0,0,0,0,0,0,0,641045.74,0.0446,low,0.0
CUST008293,810,excellent,98.71,98.27,43.15,46.49,98.1,84.9605,2.36,1,0,0,0,0,0,0,1,313368.84,0.1143,low,0.0
CUST008294,706,good,85.62,77.43,25.69,38.7,67.53,67.6736,12.11,0,2,0,0,0,0,0,6,1094440.43,0.1249,low,0.0
CUST008295,678,risky,62.04,75.07,45.2,31.4,88.03,62.9597,13.19,2,1,4,0,0,0,0,7,88662.04,0.2092,low,0.0
CUST008296,807,excellent,86.83,88.42,92.22,41.37,96.29,84.5124,9.29,16,0,0,0,0,0,0,7,55269.11,0.1018,low,0.0
CUST008297,734,good,50.12,97.49,89.22,43.9,77.89,72.3502,8.76,13,2,1,0,0,0,0,1,22917.23,0.1002,low,0.0
CUST008298,676,risky,47.75,91.28,55.77,47.88,54.77,62.7248,8.44,4,3,4,0,0,0,0,0,32756.41,0.107,low,0.0
CUST008299,782,excellent,87.62,89.51,65.97,37.93,90.88,80.2963,4.61,6,0,0,0,0,0,0,5,180440.7,0.0825,low,0.0
CUST008300,825,excellent,94.6,93.1,75.74,59.18,91.64,87.4817,3.94,8,0,0,0,0,0,1,3,167788.71,0.4528,low,0.25
CUST008301,794,excellent,90.43,98.89,57.04,43.94,80.04,82.2729,4.88,3,1,0,0,0,0,0,4,81469.46,0.0397,low,0.0
CUST008302,850,excellent,99.0,93.99,95.7,47.11,96.98,91.6096,7.13,15,0,0,0,0,0,0,4,33337.13,0.0818,low,0.0
CUST008303,815,excellent,91.6,78.02,94.63,81.11,81.45,85.9162,13.95,15,1,0,0,0,0,2,2,178375.58,0.4628,low,0.5
CUST008304,819,excellent,93.36,93.57,82.88,42.01,91.76,86.5564,8.35,8,1,0,0,0,0,0,0,137283.56,0.0456,low,0.0
CUST008305,792,excellent,85.41,78.33,90.29,56.12,94.15,81.9641,18.23,13,0,0,0,0,0,0,3,42236.35,0.0965,low,0.0
CUST008306,758,excellent,91.69,81.67,48.93,31.79,92.86,76.3966,12.01,4,0,0,0,0,0,0,0,153664.67,0.0228,low,0.0
CUST008307,784,excellent,87.28,84.25,72.88,53.15,86.49,80.7204,16.89,6,1,0,0,0,0,0,7,58243.68,0.1258,low,0.0
CUST008308,768,excellent,88.25,76.76,66.83,47.9,92.61,77.9922,13.05,6,0,0,0,0,0,0,2,71580.44,0.1115,low,0.0
CUST008309,798,excellent,95.06,95.6,54.28,38.21,90.49,82.9622,2.02,3,0,0,0,0,0,0,4,140171.94,0.0759,low,0.0
CUST008310,802,excellent,99.65,79.53,83.35,49.44,74.73,83.6555,13.49,8,2,0,0,0,0,0,3,69041.15,0.0037,low,0.0
CUST008311,582,high_risk,22.42,91.48,20.33,35.27,50.61,46.9294,6.08,0,4,3,0,0,1,0,3,374327.71,0.3414,low,0.0
CUST008312,812,excellent,91.1,94.09,82.7,46.22,82.22,85.3614,9.1,8,1,0,0,0,0,0,0,73588.71,0.0479,low,0.0
CUST008313,674,risky,54.38,88.6,33.11,44.38,73.39,62.3573,7.21,1,2,1,0,0,0,0,6,107343.83,0.106,low,0.0
CUST008314,670,risky,26.08,94.32,99.08,39.16,53.95,61.5987,6.3,14,4,4,0,0,0,0,1,241329.82,0.2232,low,0.0
CUST008315,831,excellent,96.22,87.93,92.7,60.73,84.96,88.5302,11.41,10,1,0,0,0,0,1,3,158932.58,0.6453,low,0.25
CUST008316,760,excellent,71.13,85.67,68.71,58.0,99.56,76.66,14.91,6,0,0,0,0,0,1,4,52773.81,0.5702,low,0.2
CUST008317,770,excellent,71.21,92.62,82.65,48.29,83.47,78.2839,4.49,7,1,1,0,0,0,0,7,158792.2,0.1079,low,0.0
CUST008318,842,excellent,94.53,99.36,90.59,57.35,80.98,90.3155,0.91,11,1,0,0,0,0,1,7,126209.13,0.725,low,0.125
CUST008319,582,high_risk,9.92,82.04,88.35,32.84,23.28,46.9467,11.78,18,5,6,1,1,1,0,7,52074.94,0.4411,low,0.0
CUST008320,736,good,63.32,81.81,91.5,46.44,75.9,72.6633,13.54,19,2,3,0,0,0,0,2,70649.03,0.0263,low,0.0
CUST008321,745,good,86.89,79.16,51.37,34.72,87.55,74.094,11.04,2,1,0,0,0,0,0,7,255082.69,0.1122,low,0.0
CUST008322,859,excellent,97.19,91.95,94.34,78.94,95.37,93.1842,3.19,13,0,0,0,0,0,1,6,235233.66,0.6032,low,0.1429
CUST008323,799,excellent,85.47,90.85,80.91,42.52,96.88,83.244,0.68,9,0,0,0,0,0,0,5,150722.29,0.0687,low,0.0
CUST008324,853,excellent,94.91,95.34,93.99,75.24,87.16,92.1591,9.42,17,1,0,0,0,0,2,1,30057.12,0.8945,low,0.6667
CUST008325,744,good,60.75,91.39,89.35,31.84,87.54,74.0212,9.52,13,1,3,0,0,0,0,3,107870.05,0.127,low,0.0
CUST008326,821,excellent,93.2,93.01,84.18,47.0,90.45,86.8961,6.19,8,0,0,0,0,0,0,7,224730.91,0.0855,low,0.0
CUST008327,758,excellent,98.34,91.04,19.51,32.22,83.87,76.2651,2.48,0,1,0,0,0,0,0,6,174137.68,0.069,low,0.0
CUST008328,551,high_risk,15.68,79.93,30.94,32.85,43.69,41.7623,13.34,1,4,4,1,0,0,0,1,163864.25,0.3758,low,0.0
CUST008329,842,excellent,98.74,99.96,90.53,40.86,81.13,90.3243,7.61,16,1,0,0,0,0,0,0,782997.45,0.1237,low,0.0
CUST008330,814,excellent,86.18,96.57,75.31,57.7,95.26,85.7244,1.61,9,0,0,0,0,0,1,2,357155.26,0.6341,low,0.3333
CUST008331,801,excellent,87.11,96.52,49.83,68.61,96.86,83.4646,6.69,3,0,0,0,0,0,1,5,107812.32,0.755,low,0.1667
CUST008332,845,excellent,99.94,90.32,86.36,65.59,91.66,90.7531,5.16,13,0,0,0,0,0,1,0,129243.7,0.6612,low,0.5
CUST008333,665,risky,56.47,69.38,50.87,64.38,62.29,60.8751,42.36,3,4,3,0,0,0,0,5,107543.45,0.0975,low,0.0
CUST008334,809,excellent,94.26,91.72,70.75,48.72,87.96,84.7881,0.38,8,1,0,0,0,0,2,0,121195.93,0.9879,low,0.6667
CUST008335,830,excellent,89.14,93.58,99.78,49.36,90.86,88.2607,9.4,16,1,0,0,0,0,0,5,61343.71,0.0207,low,0.0
CUST008336,821,excellent,90.95,91.35,86.34,64.32,81.58,86.7783,7.83,11,1,0,0,0,0,1,0,99967.21,0.8757,low,0.5
CUST008337,776,excellent,97.92,87.69,40.12,32.49,95.06,79.3509,14.75,1,0,0,0,0,0,0,0,105761.37,0.0764,low,0.0
CUST008338,807,excellent,92.32,98.53,53.55,49.69,95.54,84.425,4.08,2,0,0,0,0,0,1,2,65873.85,0.5958,low,0.3333
CUST008339,767,excellent,94.76,99.53,18.05,41.54,78.98,77.7832,4.12,0,2,0,0,0,0,0,2,136912.94,0.0472,low,0.0
CUST008340,799,excellent,96.9,87.97,56.94,43.62,99.91,83.1983,11.82,4,0,0,0,0,0,0,5,106125.9,0.1605,low,0.0
CUST008341,564,high_risk,16.35,78.15,32.23,47.73,51.79,43.9542,11.35,1,4,7,0,0,1,0,2,78679.32,0.6065,low,0.0
CUST008342,803,excellent,92.79,77.99,94.98,46.58,91.25,83.9072,29.17,10,1,0,0,0,0,0,0,86870.81,0.1614,low,0.0
CUST008343,740,good,90.95,79.71,38.4,31.74,86.86,73.3631,12.4,1,1,0,0,0,0,0,0,36883.65,0.0144,low,0.0
CUST008344,842,excellent,94.21,93.17,95.0,64.1,87.9,90.374,8.61,16,1,0,0,0,0,1,1,127295.62,0.9372,low,0.5
CUST008345,824,excellent,92.5,89.48,76.97,79.72,86.62,87.4007,13.9,6,1,0,0,0,0,1,1,80195.73,0.9202,low,0.5
CUST008346,676,risky,30.61,95.73,62.09,48.46,90.23,62.6136,8.86,3,1,2,0,0,0,0,2,113248.98,0.1322,low,0.0
CUST008347,746,good,64.56,96.64,59.15,47.9,90.34,74.2865,9.88,2,1,3,0,0,0,0,5,129500.37,0.204,low,0.0
CUST008348,804,excellent,97.02,91.24,75.25,30.47,82.82,83.9436,5.43,7,1,0,0,0,0,0,1,148626.07,0.0296,low,0.0
CUST008349,802,excellent,91.51,90.24,57.94,75.1,83.83,83.6838,4.59,4,1,0,0,0,0,1,2,113005.07,0.5201,low,0.3333
CUST008350,839,excellent,89.79,99.23,96.48,42.68,98.19,89.7571,4.37,11,0,0,0,0,0,0,5,42924.4,0.102,low,0.0
CUST008351,661,risky,40.28,93.48,51.92,37.66,64.96,60.1908,2.85,2,3,3,0,0,0,0,6,179263.5,0.1385,low,0.0
CUST008352,712,good,64.35,88.71,62.86,33.84,66.51,68.6004,11.16,2,2,4,0,0,0,0,7,13503.47,0.0421,low,0.0
CUST008353,768,excellent,96.43,92.83,25.19,42.44,83.1,77.9336,7.93,0,1,0,0,0,0,0,0,69298.57,0.0995,low,0.0
CUST008354,785,excellent,88.86,80.15,82.52,33.28,99.8,80.8307,10.33,5,0,0,0,0,0,0,5,68434.15,0.1482,low,0.0
CUST008355,789,excellent,93.95,80.16,78.57,47.12,81.25,81.5519,10.42,7,1,0,0,0,0,1,5,140195.08,0.6368,low,0.1667
CUST008356,611,high_risk,12.93,91.78,68.53,39.74,55.99,51.913,1.33,6,3,3,0,1,1,0,0,141040.48,0.3502,low,0.0
CUST008357,657,risky,37.68,91.31,70.37,35.35,48.4,59.5125,7.34,6,3,4,0,0,0,0,3,332425.35,0.2064,low,0.0
CUST008358,784,excellent,90.33,88.54,41.91,74.47,88.02,80.7124,4.25,1,1,0,0,0,0,1,6,220922.63,0.7736,low,0.1429
CUST008359,845,excellent,95.78,94.84,99.6,43.49,95.23,90.7852,9.38,10,0,0,0,0,0,0,3,51813.97,0.1006,low,0.0
CUST008360,841,excellent,98.38,98.43,87.2,62.94,67.83,90.1181,4.59,14,2,0,0,0,0,1,6,250480.03,0.3756,low,0.1429
CUST008361,655,risky,29.28,90.05,85.74,36.71,52.98,59.0929,7.45,12,4,8,0,0,0,0,6,28436.46,0.4909,low,0.0
CUST008362,836,excellent,99.74,91.43,92.13,45.44,86.26,89.3283,8.12,15,1,0,0,0,0,0,2,42538.21,0.1319,low,0.0
CUST008363,757,excellent,97.71,84.72,37.08,40.9,69.22,76.1874,10.7,1,2,0,0,0,0,0,2,59360.07,0.1193,low,0.0
CUST008364,742,good,75.65,81.56,60.29,41.97,94.18,73.6025,14.64,4,0,0,0,0,0,0,3,343933.7,0.1643,low,0.0
CUST008365,848,excellent,95.38,93.12,87.62,72.54,95.98,91.3126,4.45,13,0,0,0,0,0,1,7,117196.88,0.4982,low,0.125
CUST008366,845,excellent,97.63,98.37,69.11,87.47,81.11,90.9069,5.71,7,1,0,0,0,0,2,7,26882.79,0.653,low,0.2222
CUST008367,773,excellent,88.32,77.6,67.34,50.17,94.48,78.7601,23.88,7,0,0,0,0,0,1,5,358241.68,0.8029,low,0.1667
CUST008368,820,excellent,87.76,93.85,72.85,77.83,90.37,86.6165,9.98,8,0,0,0,0,0,1,4,202763.36,0.59,low,0.2
CUST008369,810,excellent,95.62,80.84,98.87,34.86,90.34,85.0705,13.55,18,0,0,0,0,0,0,5,145873.77,0.105,low,0.0
CUST008370,797,excellent,91.4,89.06,66.2,49.6,93.05,82.9021,4.37,8,0,0,0,0,0,0,1,42439.84,0.0442,low,0.0
CUST008371,699,risky,44.41,92.19,89.19,32.1,66.84,66.4722,4.42,20,2,3,0,0,0,0,3,229548.93,0.1581,low,0.0
CUST008372,820,excellent,86.95,99.54,89.52,31.98,97.62,86.6803,5.93,11,0,0,0,0,0,0,1,83505.05,0.1077,low,0.0
CUST008373,851,excellent,97.16,91.82,99.4,71.09,82.69,91.8409,7.56,14,1,0,0,0,0,2,4,83647.21,0.9743,low,0.3333
CUST008374,781,excellent,77.56,98.24,56.48,60.97,90.38,80.2275,7.6,3,0,1,0,0,0,1,6,54350.6,0.8942,low,0.1429
CUST008375,581,high_risk,0.04,88.71,82.83,33.71,44.31,46.8527,6.46,6,5,4,0,1,1,0,1,512376.87,0.5016,low,0.0
CUST008376,849,excellent,96.55,99.92,99.58,31.8,96.85,91.5707,2.32,13,0,0,0,0,0,0,4,66861.19,0.0156,low,0.0
CUST008377,873,excellent,98.33,98.5,93.62,77.47,97.2,95.4737,5.87,11,0,0,0,0,0,1,1,100866.55,0.8334,low,0.5
CUST008378,824,excellent,97.99,88.57,86.16,47.63,88.27,87.3792,10.69,17,1,0,0,0,0,0,1,359098.22,0.0038,low,0.0
CUST008379,836,excellent,86.3,90.98,96.49,79.99,93.6,89.3329,2.84,12,0,0,0,0,0,1,5,206117.96,0.7562,low,0.1667
CUST008380,795,excellent,79.94,75.91,97.85,71.65,98.21,82.4176,12.41,14,0,0,0,0,0,1,3,392206.8,0.8402,low,0.25
CUST008381,746,good,85.95,86.44,40.36,31.97,91.33,74.3997,14.01,1,0,0,0,0,0,0,3,682776.24,0.0799,low,0.0
CUST008382,838,excellent,92.67,98.53,71.67,77.56,91.52,89.652,2.39,5,1,0,0,0,0,1,2,493164.28,0.792,low,0.3333
CUST008383,752,excellent,94.7,88.96,21.92,31.92,89.95,75.3086,10.12,0,1,0,0,0,0,0,2,407009.76,0.0279,low,0.0
CUST008384,748,good,97.45,76.83,31.32,46.57,82.16,74.7267,12.45,0,1,0,0,0,0,0,2,629500.23,0.0595,low,0.0
CUST008385,769,excellent,87.42,98.05,37.73,30.64,93.77,78.1123,2.23,1,0,0,0,0,0,0,2,45044.63,0.155,low,0.0
CUST008386,-1,no_history,97.83,94.95,31.62,40.64,96.48,81.1815,5.28,0,0,0,0,0,0,0,6,22387.49,0.006,low,0.0
CUST008387,776,excellent,66.55,97.82,85.79,46.85,91.28,79.319,1.55,19,0,1,0,0,0,0,0,201328.04,0.0187,low,0.0
CUST008388,778,excellent,88.08,79.37,87.2,38.34,81.08,79.6585,13.71,20,1,0,0,0,0,0,3,57761.68,0.1589,low,0.0
CUST008389,541,high_risk,6.84,94.83,16.63,44.63,23.57,40.1569,9.93,0,6,3,0,1,1,0,3,87076.93,0.4318,low,0.0
CUST008390,827,excellent,92.91,92.29,93.15,38.04,99.32,87.9133,4.34,12,0,0,0,0,0,0,6,207108.84,0.1286,low,0.0
CUST008391,711,good,57.19,95.72,62.28,36.9,67.43,68.5056,2.94,2,2,4,0,0,0,0,0,716495.58,0.1791,low,0.0
CUST008392,676,risky,17.43,96.73,96.14,69.95,71.39,62.6749,7.13,11,2,8,0,0,0,1,1,100052.36,1.7355,moderate,0.5
CUST008393,615,high_risk,15.1,78.98,78.81,44.76,72.85,52.5606,12.78,6,2,3,0,0,1,0,6,292377.85,0.1944,low,0.0
CUST008394,806,excellent,91.39,86.66,80.18,62.98,79.43,84.2514,11.13,7,2,0,0,0,0,1,1,43590.21,0.5835,low,0.5
CUST008395,721,good,55.68,96.0,56.92,44.26,89.03,70.1542,0.44,2,1,1,0,0,0,0,7,35019.94,0.1467,low,0.0
CUST008396,613,high_risk,26.57,75.23,54.21,68.07,64.18,52.2248,10.56,4,4,8,0,0,0,1,3,134929.66,1.2124,low,0.25
CUST008397,764,excellent,96.62,88.78,15.52,48.74,96.28,77.2799,10.97,0,0,0,0,0,0,0,4,36036.02,0.0239,low,0.0
CUST008398,653,risky,43.92,63.72,86.26,48.22,66.25,58.8752,47.62,11,2,1,0,0,0,0,1,50357.97,0.1237,low,0.0
CUST008399,804,excellent,98.49,92.6,47.59,52.49,92.89,83.9284,0.09,3,0,0,0,0,0,1,4,96034.54,0.9539,low,0.2
CUST008400,841,excellent,85.96,99.62,98.1,65.13,89.23,90.1206,0.54,17,1,0,0,0,0,1,6,87196.14,0.8814,low,0.1429
CUST008401,776,excellent,90.78,95.4,31.66,43.67,97.64,79.2724,9.19,0,0,0,0,0,0,0,3,258039.6,0.081,low,0.0
CUST008402,820,excellent,88.35,88.02,87.87,68.09,94.02,86.7203,10.06,18,0,0,0,0,0,1,1,93398.2,0.4787,low,0.5
CUST008403,846,excellent,98.45,95.02,99.74,40.17,90.59,91.001,4.09,14,0,0,0,0,0,0,4,167873.9,0.0743,low,0.0
CUST008404,813,excellent,94.39,86.64,83.14,45.93,94.65,85.5562,13.33,6,0,0,0,0,0,0,3,67550.78,0.1179,low,0.0
CUST008405,810,excellent,87.38,95.14,67.36,59.45,98.51,85.0239,4.42,7,0,0,0,0,0,1,6,39887.41,0.7833,low,0.1429
CUST008406,789,excellent,85.56,98.01,64.79,33.89,90.19,81.4736,5.09,2,1,0,0,0,0,0,6,90917.1,0.0505,low,0.0
CUST008407,770,excellent,71.22,86.87,88.61,45.46,95.35,78.3617,14.75,10,0,0,0,0,0,0,7,53758.8,0.0793,low,0.0
CUST008408,828,excellent,99.77,95.18,66.83,48.31,97.57,88.0832,1.32,7,0,0,0,0,0,0,4,95232.56,0.0934,low,0.0
CUST008409,828,excellent,96.58,92.57,88.48,47.14,84.84,88.0459,8.6,20,1,0,0,0,0,0,3,59499.58,0.1355,low,0.0
CUST008410,700,good,67.86,76.5,45.11,34.58,98.02,66.7275,11.35,2,0,0,0,0,0,0,3,118743.03,0.098,low,0.0
CUST008411,848,excellent,99.86,95.3,93.25,40.54,97.89,91.3715,8.54,19,0,0,0,0,0,0,6,116366.03,0.0031,low,0.0
CUST008412,734,good,59.37,91.07,90.28,46.53,59.69,72.2641,8.02,18,3,2,0,0,0,0,5,28371.19,0.0842,low,0.0
CUST008413,805,excellent,91.74,91.93,82.79,37.94,82.12,84.1112,6.66,5,1,0,0,0,0,0,2,33033.79,0.037,low,0.0
CUST008414,836,excellent,98.06,98.95,95.23,30.82,80.36,89.4101,2.0,17,1,0,0,0,0,0,6,151705.44,0.0505,low,0.0
CUST008415,804,excellent,86.7,90.88,92.54,30.51,94.58,84.0006,0.95,20,0,0,0,0,0,0,2,81291.57,0.001,low,0.0
CUST008416,752,excellent,96.37,83.25,25.82,37.98,89.77,75.3522,12.55,0,1,0,0,0,0,0,5,1828612.0,0.0342,low,0.0
CUST008417,809,excellent,90.0,85.62,97.73,36.92,92.55,84.7925,11.0,15,0,0,0,0,0,0,3,41721.72,0.161,low,0.0
CUST008418,735,good,52.55,81.17,99.02,64.61,84.22,72.4788,14.29,10,1,1,0,0,0,1,3,81938.43,0.8952,low,0.25
CUST008419,755,excellent,91.78,84.42,41.43,42.55,79.48,75.867,14.31,1,2,0,0,0,0,0,6,127892.28,0.1575,low,0.0
CUST008420,666,risky,27.16,92.94,90.19,60.63,50.69,61.05,3.88,10,4,4,0,0,0,1,3,74963.66,1.7717,moderate,0.25
CUST008421,612,high_risk,14.56,88.08,65.74,45.76,60.94,52.0492,12.63,5,3,4,0,0,0,0,6,104651.09,0.51,low,0.0
CUST008422,822,excellent,98.85,86.95,86.86,35.39,97.89,87.0374,13.61,16,0,0,0,0,0,0,0,66620.16,0.011,low,0.0
CUST008423,817,excellent,92.52,93.41,80.63,41.41,94.44,86.0836,5.69,6,0,0,0,0,0,0,3,447114.74,0.1609,low,0.0
CUST008424,720,good,72.18,90.99,38.61,41.84,73.91,69.929,2.25,1,2,0,0,0,0,0,0,25555.78,0.0977,low,0.0
CUST008425,806,excellent,88.98,88.43,67.1,75.43,90.36,84.3185,7.0,6,0,0,0,0,0,2,5,92890.43,0.8366,low,0.2857
CUST008426,776,excellent,90.32,86.31,52.23,48.2,91.67,79.3276,12.23,3,0,0,0,0,0,1,1,190032.01,0.9433,low,0.5
CUST008427,817,excellent,99.18,93.89,53.54,53.66,98.54,86.1313,5.86,3,0,0,0,0,0,1,5,38025.04,0.696,low,0.1667
CUST008428,572,high_risk,12.7,79.58,54.29,34.24,53.76,45.2616,14.34,2,3,4,0,0,1,0,4,103844.76,0.322,low,0.0
CUST008429,798,excellent,89.32,75.47,94.06,59.32,90.82,83.0237,10.85,11,0,0,0,0,0,1,3,184649.85,0.4167,low,0.25
CUST008430,828,excellent,99.33,95.97,68.81,50.46,91.08,88.0298,9.5,9,0,0,0,0,0,1,6,58316.75,0.5606,low,0.1429
CUST008431,703,good,45.58,95.42,70.81,44.38,74.84,67.1221,8.67,9,2,4,0,0,0,0,2,95075.9,0.0181,low,0.0
CUST008432,788,excellent,90.49,87.41,48.66,63.21,98.77,81.3896,12.4,3,0,0,0,0,0,1,1,513565.62,0.9995,low,0.5
CUST008433,756,excellent,67.44,88.97,88.03,36.67,88.96,76.0619,2.43,17,1,1,0,0,0,0,2,75071.39,0.1445,low,0.0
CUST008434,839,excellent,86.48,91.27,92.1,91.32,91.75,89.7708,4.63,10,1,0,0,0,0,2,4,343194.73,0.3678,low,0.3333
CUST008435,738,good,87.15,81.72,25.66,46.14,95.17,72.9972,11.25,0,0,0,0,0,0,0,5,94912.04,0.1151,low,0.0
CUST008436,759,excellent,97.93,85.76,18.63,45.91,91.8,76.5712,13.16,0,0,0,0,0,0,0,1,22319.48,0.0447,low,0.0
CUST008437,774,excellent,86.82,88.61,51.57,66.34,76.18,78.9591,12.15,2,2,0,0,0,0,1,2,56371.61,0.5032,low,0.3333
CUST008438,759,excellent,88.56,82.4,63.21,31.29,80.96,76.4204,14.82,2,1,0,0,0,0,0,1,147747.68,0.0984,low,0.0
CUST008439,674,risky,68.06,79.05,13.42,43.56,84.45,62.3527,11.82,0,1,0,0,0,0,0,7,201797.98,0.1499,low,0.0
CUST008440,852,excellent,97.92,97.82,94.04,59.6,83.09,91.995,2.17,15,1,0,0,0,0,1,6,119587.72,0.7325,low,0.1429
CUST008441,683,risky,39.56,92.81,73.12,35.0,76.8,63.8346,3.84,7,2,4,0,0,0,0,1,102593.62,0.0457,low,0.0
CUST008442,848,excellent,95.07,91.64,99.98,62.38,93.96,91.3947,1.35,20,0,0,0,0,0,1,5,54389.39,0.7134,low,0.1667
CUST008443,777,excellent,85.67,85.7,66.05,41.07,97.83,79.4933,14.36,5,0,0,0,0,0,0,3,154751.78,0.1639,low,0.0
CUST008444,796,excellent,98.66,78.79,69.06,53.72,88.11,82.7097,10.25,6,1,0,0,0,0,1,5,546149.82,0.4094,low,0.1667
CUST008445,837,excellent,86.25,99.84,80.43,77.25,96.24,89.5526,7.64,5,0,0,0,0,0,1,2,203985.16,0.6524,low,0.3333
CUST008446,778,excellent,91.15,81.46,46.19,71.26,92.09,79.602,12.73,1,0,0,0,0,0,1,2,129764.14,0.9301,low,0.3333
CUST008447,785,excellent,97.05,89.18,48.27,31.63,97.7,80.8951,2.13,1,0,0,0,0,0,0,2,1193725.79,0.023,low,0.0
CUST008448,701,good,44.44,93.86,86.04,44.69,57.71,66.8607,5.1,10,3,3,0,0,0,0,1,143575.1,0.0982,low,0.0
CUST008449,663,risky,47.99,96.27,15.34,34.13,91.22,60.5142,2.12,0,1,4,0,0,0,0,0,142456.36,0.1347,low,0.0
CUST008450,634,high_risk,22.95,91.5,72.17,49.87,43.15,55.6114,5.83,9,5,4,0,0,1,0,7,30382.35,0.3331,low,0.0
CUST008451,835,excellent,94.49,98.89,94.96,41.58,80.25,89.1689,5.74,18,1,0,0,0,0,0,7,52066.1,0.0492,low,0.0
CUST008452,674,risky,32.92,83.16,85.03,64.11,76.75,62.3103,18.28,14,2,1,0,0,0,2,6,93253.09,1.4456,low,0.25
CUST008453,731,good,49.9,90.34,91.78,75.73,68.91,71.7965,4.6,18,2,1,0,0,0,1,7,23216.06,1.3931,low,0.125
CUST008454,816,excellent,88.79,96.65,74.62,48.33,99.06,86.0036,7.94,6,0,0,0,0,0,0,6,45701.13,0.0558,low,0.0
CUST008455,809,excellent,91.97,88.17,91.77,35.94,88.07,84.806,6.83,14,1,0,0,0,0,0,4,125056.42,0.0143,low,0.0
CUST008456,801,excellent,87.45,84.27,70.58,78.32,92.32,83.5421,10.07,7,0,0,0,0,0,1,2,58135.2,0.4833,low,0.3333
CUST008457,849,excellent,88.34,95.22,87.09,93.89,95.19,91.4575,7.31,16,0,0,0,0,0,2,6,33076.21,0.9749,low,0.25
CUST008458,854,excellent,98.96,93.08,90.18,69.48,92.72,92.3043,9.09,17,0,0,0,0,0,1,6,111220.53,0.8832,low,0.1429
CUST008459,724,good,63.79,99.32,70.08,31.24,48.61,70.6205,6.35,5,3,4,0,0,0,0,1,50652.05,0.1382,low,0.0
CUST008460,762,excellent,87.87,89.73,33.2,44.78,98.27,76.9586,8.95,0,0,0,0,0,0,0,0,34710.0,0.1292,low,0.0
CUST008461,810,excellent,95.89,89.63,75.95,35.98,96.04,85.0431,11.74,6,0,0,0,0,0,0,3,34989.62,0.1429,low,0.0
CUST008462,754,excellent,62.65,99.82,79.99,36.78,81.25,75.6753,8.57,5,1,1,0,0,0,0,6,234693.97,0.0445,low,0.0
CUST008463,823,excellent,93.37,96.41,78.63,50.11,87.55,87.1632,3.15,6,1,0,0,0,0,1,1,219105.83,0.8069,low,0.5
CUST008464,817,excellent,94.63,90.82,67.25,67.69,90.05,86.2283,0.73,8,0,0,0,0,0,1,1,237316.82,0.69,low,0.5
CUST008465,715,good,59.81,77.28,96.82,40.19,65.0,69.1607,11.91,14,3,2,0,0,0,0,5,69269.52,0.1834,low,0.0
CUST008466,667,risky,28.89,98.44,97.3,45.94,23.96,61.2266,9.06,15,6,5,0,0,1,0,2,48650.72,0.2279,low,0.0
CUST008467,798,excellent,89.11,87.24,83.44,32.91,98.22,82.9894,12.54,9,0,0,0,0,0,0,0,319893.78,0.049,low,0.0
CUST008468,775,excellent,67.29,87.33,98.6,48.39,98.18,79.1966,12.35,13,0,0,0,0,0,1,2,21729.16,0.8364,low,0.3333
CUST008469,713,good,41.81,99.2,97.97,36.23,61.78,68.8911,8.41,16,4,2,0,0,0,0,0,91586.92,0.1988,low,0.0
CUST008470,792,excellent,88.37,94.6,43.63,61.98,99.39,81.9888,8.41,1,0,0,0,0,0,1,5,111643.89,0.9058,low,0.1667
CUST008471,827,excellent,96.8,87.16,80.4,67.04,91.04,87.8942,11.8,5,1,0,0,0,0,2,2,21049.99,0.7669,low,0.5
CUST008472,692,risky,46.49,86.47,78.44,47.67,65.2,65.2654,12.16,5,2,3,0,0,0,0,0,218855.69,0.0311,low,0.0
CUST008473,805,excellent,89.75,85.73,74.27,69.11,89.13,84.0942,12.84,5,1,0,0,0,0,1,6,133375.96,0.3769,low,0.1429
CUST008474,800,excellent,89.94,89.37,59.57,66.04,94.24,83.2569,3.2,4,0,0,0,0,0,1,7,85453.13,0.5205,low,0.125
CUST008475,747,good,64.79,92.64,89.39,34.91,70.68,74.4365,1.73,12,2,2,0,0,0,0,2,54891.34,0.1113,low,0.0
CUST008476,801,excellent,87.9,79.25,84.45,71.14,92.15,83.5396,14.64,6,0,0,0,0,0,1,1,126415.23,0.4051,low,0.5
CUST008477,612,high_risk,1.06,91.27,83.22,34.61,83.3,52.0288,7.94,7,1,3,1,1,1,0,7,102433.16,0.332,low,0.0
CUST008478,715,good,41.5,95.07,68.4,73.37,94.44,69.0861,4.18,5,0,4,0,0,0,1,3,125262.14,1.4092,low,0.25
CUST008479,584,high_risk,0.11,88.65,77.14,34.34,56.47,47.2836,9.02,5,4,2,1,1,1,0,0,396672.34,0.5564,low,0.0
CUST008480,764,excellent,76.56,98.66,47.37,41.36,97.64,77.3967,9.44,1,0,1,0,0,0,0,4,45243.19,0.1191,low,0.0
CUST008481,825,excellent,97.95,91.82,79.47,53.14,84.38,87.5023,8.94,7,1,0,0,0,0,0,3,141166.99,0.0581,low,0.0
CUST008482,821,excellent,92.26,94.51,89.75,31.34,95.9,86.8298,6.43,13,0,0,0,0,0,0,4,259137.88,0.1506,low,0.0
CUST008483,786,excellent,93.01,79.44,46.3,87.02,88.92,80.9208,13.69,4,1,0,0,0,0,2,5,55336.8,0.727,low,0.2857
CUST008484,802,excellent,96.55,87.5,70.74,47.45,82.09,83.6078,13.77,8,1,0,0,0,0,0,4,102893.86,0.0676,low,0.0
CUST008485,840,excellent,88.48,97.5,95.72,54.86,98.82,89.9439,0.53,11,0,0,0,0,0,1,0,386521.82,0.9982,low,0.5
CUST008486,791,excellent,86.29,81.5,72.76,75.78,86.91,81.8347,13.31,5,1,0,0,0,0,1,3,124276.24,0.3653,low,0.25
CUST008487,767,excellent,98.53,81.94,39.42,43.54,85.59,77.8945,13.92,1,1,0,0,0,0,0,2,143079.84,0.1605,low,0.0
CUST008488,599,high_risk,12.74,96.88,36.92,49.24,58.87,49.8736,3.74,1,3,8,0,0,1,0,7,55060.77,0.2388,low,0.0
CUST008489,785,excellent,91.31,78.46,64.96,68.08,87.56,80.8038,14.91,4,1,0,0,0,0,1,2,112186.37,0.9641,low,0.3333
CUST008490,710,good,41.44,92.35,99.42,42.63,69.35,68.3203,3.14,11,2,1,0,0,0,0,2,114434.72,0.075,low,0.0
CUST008491,816,excellent,85.9,89.83,93.12,52.5,97.84,86.0184,10.85,14,0,0,0,0,0,1,5,56295.06,0.8082,low,0.1667
CUST008492,647,high_risk,21.8,94.7,92.26,41.55,37.73,57.8064,5.91,20,6,5,0,0,1,0,5,96437.69,0.3303,low,0.0
CUST008493,830,excellent,98.86,95.71,69.74,46.03,98.8,88.2587,2.56,6,0,0,0,0,0,1,2,86408.3,0.7598,low,0.3333
CUST008494,809,excellent,93.37,97.24,57.75,50.51,92.87,84.8503,0.68,2,0,0,0,0,0,1,4,181465.57,0.8756,low,0.2
CUST008495,825,excellent,96.05,97.0,85.21,37.83,82.27,87.5075,7.01,15,1,0,0,0,0,0,0,101102.62,0.0654,low,0.0
CUST008496,793,excellent,91.76,80.1,90.07,32.08,93.75,82.24,12.34,19,0,0,0,0,0,0,1,306578.32,0.0484,low,0.0
CUST008497,800,excellent,86.65,90.47,94.98,31.78,85.11,83.4038,9.5,20,1,0,0,0,0,0,5,79298.27,0.0124,low,0.0
CUST008498,828,excellent,95.95,90.81,85.83,51.09,91.53,87.9636,2.95,14,1,0,0,0,0,1,2,78352.14,0.7445,low,0.3333
CUST008499,751,excellent,63.28,81.05,80.33,77.86,89.0,75.199,10.64,5,1,2,0,0,0,1,5,143304.96,0.7628,low,0.1667
CUST008500,780,excellent,87.48,81.87,62.82,60.37,92.85,79.9238,11.9,2,0,0,0,0,0,1,1,19467.69,0.8053,low,0.5
CUST008501,833,excellent,94.16,91.15,98.48,44.74,92.73,88.8217,6.53,18,0,0,0,0,0,0,2,119286.25,0.0988,low,0.0
CUST008502,815,excellent,87.57,86.76,95.3,48.79,99.37,85.7876,13.58,18,0,0,0,0,0,0,5,64182.38,0.1089,low,0.0
CUST008503,741,good,93.19,86.08,11.56,40.75,93.34,73.5819,11.22,0,0,0,0,0,0,0,1,40584.06,0.122,low,0.0
CUST008504,692,risky,65.83,89.0,18.36,40.62,87.71,65.3253,12.71,0,1,1,0,0,0,0,4,109710.51,0.1633,low,0.0
CUST008505,788,excellent,95.9,73.16,68.13,57.33,99.25,81.3925,31.84,7,0,0,0,0,0,0,5,55257.08,0.105,low,0.0
CUST008506,717,good,35.53,95.52,96.76,42.19,96.69,69.4938,2.19,15,0,3,0,0,0,0,2,259796.52,0.0662,low,0.0
CUST008507,817,excellent,89.52,80.92,92.58,75.99,90.43,86.1371,12.97,14,0,0,0,0,0,1,0,99701.96,0.6787,low,0.5
CUST008508,726,good,60.0,82.35,93.86,40.39,72.24,71.0465,12.59,13,2,1,0,0,0,0,1,150219.75,0.1793,low,0.0
CUST008509,778,excellent,69.0,99.52,54.03,76.81,99.14,79.7044,7.49,2,0,0,0,0,0,1,6,119659.43,0.374,low,0.1429
CUST008510,798,excellent,90.9,88.32,81.67,37.88,86.69,83.0189,10.33,8,1,0,0,0,0,0,0,33373.35,0.101,low,0.0
CUST008511,772,excellent,92.1,82.85,56.23,38.33,92.61,78.6189,10.02,2,0,0,0,0,0,0,6,17450.43,0.0207,low,0.0
CUST008512,774,excellent,86.61,97.44,51.61,30.43,86.0,78.9295,0.1,4,1,0,0,0,0,0,1,38040.74,0.0042,low,0.0
CUST008513,789,excellent,87.4,93.64,56.48,47.49,96.54,81.5583,3.06,3,0,0,0,0,0,0,7,64528.77,0.1072,low,0.0
CUST008514,800,excellent,90.63,97.96,46.79,60.33,92.11,83.3698,8.52,1,0,0,0,0,0,1,6,81079.27,0.9786,low,0.1429
CUST008515,616,high_risk,13.95,89.27,66.91,48.01,62.27,52.7283,14.19,9,3,8,0,1,1,0,6,92854.14,0.3413,low,0.0
CUST008516,780,excellent,89.01,75.04,62.94,69.01,99.5,79.9599,10.14,2,0,0,0,0,0,1,3,32155.77,0.6421,low,0.25
CUST008517,821,excellent,85.68,98.81,99.31,31.43,91.94,86.8666,3.99,20,0,0,0,0,0,0,2,429766.79,0.0622,low,0.0
CUST008518,804,excellent,88.4,85.45,88.1,46.6,95.12,83.9617,13.25,15,0,0,0,0,0,0,5,102912.32,0.0067,low,0.0
CUST008519,786,excellent,96.85,64.62,92.85,47.65,90.21,80.994,32.37,17,0,0,0,0,0,0,2,50187.59,0.1107,low,0.0
CUST008520,753,excellent,64.05,90.97,87.22,31.7,95.89,75.5501,6.73,10,0,4,0,0,0,0,5,121738.73,0.0464,low,0.0
CUST008521,817,excellent,88.06,92.22,77.91,63.32,96.12,86.1177,2.26,7,0,0,0,0,0,1,6,137027.21,0.9221,low,0.1429
CUST008522,670,risky,40.67,89.57,54.7,36.9,85.9,61.5908,13.16,2,1,2,0,0,0,0,4,232072.31,0.0222,low,0.0
CUST008523,799,excellent,89.84,88.13,69.83,53.04,94.5,83.112,10.01,7,0,0,0,0,0,1,6,276103.53,0.7762,low,0.1429
CUST008524,832,excellent,92.78,94.43,86.06,58.59,90.91,88.6601,5.48,13,0,0,0,0,0,1,6,209719.82,0.7238,low,0.1429
CUST008525,740,good,87.64,90.56,10.13,44.38,95.18,73.314,0.04,0,0,0,0,0,0,0,7,201542.44,0.0662,low,0.0
CUST008526,820,excellent,98.88,92.64,72.2,36.58,97.29,86.6164,9.76,6,0,0,0,0,0,0,5,198504.36,0.1106,low,0.0
CUST008527,785,excellent,93.19,99.62,36.48,37.26,91.53,80.8538,8.15,1,1,0,0,0,0,0,1,197685.38,0.038,low,0.0
CUST008528,814,excellent,99.32,91.71,69.35,35.29,95.14,85.7208,0.64,5,0,0,0,0,0,0,2,66433.49,0.0032,low,0.0
CUST008529,795,excellent,91.06,89.05,62.13,64.59,81.64,82.5295,5.55,4,1,0,0,0,0,1,0,37027.46,0.5262,low,0.5
CUST008530,831,excellent,92.61,94.82,91.17,58.13,81.72,88.5185,5.56,13,1,0,0,0,0,1,0,37167.79,0.904,low,0.5
CUST008531,819,excellent,85.59,89.97,77.75,87.05,91.28,86.4445,20.97,7,0,0,0,0,0,2,7,33448.56,0.4753,low,0.2222
CUST008532,828,excellent,96.57,93.79,86.44,37.95,92.28,87.9257,2.55,15,0,0,0,0,0,0,6,81651.17,0.1077,low,0.0
CUST008533,725,good,58.25,91.62,98.21,30.34,51.76,70.8155,5.46,19,3,2,0,0,0,0,2,83950.02,0.1206,low,0.0
CUST008534,624,high_risk,15.53,89.79,56.13,60.11,82.6,54.0608,6.03,3,1,3,0,0,0,1,1,665878.79,2.2652,moderate,0.5
CUST008535,814,excellent,89.29,87.78,76.28,81.43,84.58,85.6295,13.64,5,1,0,0,0,0,2,1,137539.53,0.8228,low,0.6667
CUST008536,805,excellent,90.88,85.68,90.0,35.83,95.74,84.1694,10.55,14,0,0,0,0,0,0,3,51054.43,0.0664,low,0.0
CUST008537,823,excellent,96.62,99.71,68.11,40.54,91.51,87.1511,2.51,5,0,0,0,0,0,0,3,348243.64,0.0116,low,0.0
CUST008538,829,excellent,99.63,91.83,55.68,80.51,93.93,88.2149,0.43,4,0,0,0,0,0,2,1,55168.41,0.983,low,0.6667
CUST008539,788,excellent,94.22,90.63,57.51,31.5,93.14,81.2563,3.18,3,0,0,0,0,0,0,0,662414.21,0.1033,low,0.0
CUST008540,765,excellent,94.51,90.64,26.44,44.52,87.61,77.4511,5.47,0,1,0,0,0,0,0,0,215923.71,0.1075,low,0.0
CUST008541,790,excellent,86.77,88.14,90.86,31.3,81.54,81.7239,1.24,12,1,0,0,0,0,0,2,339742.32,0.095,low,0.0
CUST008542,653,risky,40.85,95.84,28.66,32.49,82.36,58.8314,1.45,0,1,1,0,0,0,0,5,34505.5,0.0582,low,0.0
CUST008543,775,excellent,69.47,93.16,65.8,78.03,92.19,79.1555,0.15,8,0,1,0,0,0,1,0,56824.91,0.8327,low,0.5
CUST008544,716,good,87.51,77.36,13.61,36.59,97.97,69.3353,10.89,0,0,0,0,0,0,0,7,51530.53,0.1458,low,0.0
CUST008545,761,excellent,86.83,99.78,20.62,44.29,90.56,76.9028,9.52,0,1,0,0,0,0,0,5,73732.52,0.0888,low,0.0
CUST008546,816,excellent,87.92,95.68,89.8,45.7,84.1,85.9283,9.89,13,1,0,0,0,0,0,1,253358.16,0.0413,low,0.0
CUST008547,824,excellent,93.4,89.65,82.27,63.35,91.24,87.387,2.44,5,1,0,0,0,0,1,3,25494.88,0.6788,low,0.25
CUST008548,832,excellent,97.84,91.38,89.56,46.64,89.0,88.6579,4.01,18,1,0,0,0,0,0,1,24118.58,0.111,low,0.0
CUST008549,807,excellent,97.26,92.31,64.5,45.23,85.09,84.4426,8.73,2,1,0,0,0,0,0,5,90733.36,0.0627,low,0.0
CUST008550,792,excellent,91.74,75.5,77.55,58.99,97.17,82.0102,11.51,7,0,0,0,0,0,1,4,83815.12,0.7439,low,0.2
CUST008551,819,excellent,98.28,87.44,81.46,45.21,90.87,86.4569,13.97,6,0,0,0,0,0,0,4,168559.45,0.1421,low,0.0
CUST008552,622,high_risk,14.13,91.9,76.55,43.12,52.79,53.5886,3.57,8,3,2,1,1,1,0,4,24056.05,0.2503,low,0.0
CUST008553,819,excellent,97.34,83.28,94.66,33.8,97.89,86.4211,11.05,11,0,0,0,0,0,0,6,49607.72,0.0694,low,0.0
CUST008554,663,risky,36.98,77.65,88.58,37.61,71.71,60.4573,13.33,15,2,4,0,0,0,0,4,110094.91,0.0988,low,0.0
CUST008555,589,high_risk,13.24,88.44,36.98,44.76,70.47,48.2356,10.96,1,2,4,1,1,1,0,6,45023.96,0.3662,low,0.0
CUST008556,764,excellent,87.49,83.86,53.78,34.61,99.61,77.2683,11.99,3,0,0,0,0,0,0,3,101409.4,0.0504,low,0.0
CUST008557,788,excellent,86.05,94.33,44.82,64.28,97.43,81.3099,1.88,1,0,0,0,0,0,1,2,14037.68,0.9282,low,0.3333
CUST008558,786,excellent,86.93,83.06,70.38,57.74,93.72,81.046,12.87,7,0,0,0,0,0,1,2,29092.41,0.6913,low,0.3333
CUST008559,615,high_risk,3.94,97.3,69.2,37.08,77.84,52.4416,9.7,9,2,7,1,1,1,0,0,34214.99,0.4913,low,0.0
CUST008560,792,excellent,99.76,99.58,28.3,36.56,93.17,82.0068,2.58,0,0,0,0,0,0,0,4,389977.97,0.122,low,0.0
CUST008561,819,excellent,98.77,90.96,68.99,46.63,96.67,86.5333,2.9,8,0,0,0,0,0,0,5,8999.17,0.1425,low,0.0
CUST008562,731,good,60.6,94.61,70.28,34.68,82.46,71.8483,8.74,9,1,3,0,0,0,0,7,84733.16,0.0128,low,0.0
CUST008563,787,excellent,76.22,89.32,72.08,77.36,91.91,81.2149,8.74,7,1,1,0,0,0,1,4,75699.48,0.9886,low,0.2
CUST008564,807,excellent,86.42,90.66,89.26,39.29,97.36,84.4971,2.29,16,0,0,0,0,0,0,6,107217.53,0.1569,low,0.0
CUST008565,694,risky,51.85,80.76,73.92,50.34,71.06,65.604,20.01,5,2,2,0,0,0,0,5,127074.26,0.0931,low,0.0
CUST008566,620,high_risk,13.14,90.09,97.76,41.31,28.76,53.2978,4.96,10,5,4,0,0,0,0,0,87864.71,0.6413,low,0.0
CUST008567,811,excellent,96.38,80.65,79.46,71.3,82.07,85.1848,10.83,8,1,0,0,0,0,1,1,134951.05,0.8399,low,0.5
CUST008568,808,excellent,86.81,93.26,87.43,34.17,97.66,84.6603,9.54,12,0,0,0,0,0,0,5,190268.59,0.0344,low,0.0
CUST008569,825,excellent,91.93,89.52,76.15,70.2,99.97,87.4692,3.96,6,0,0,0,0,0,1,4,60210.0,0.8381,low,0.2
CUST008570,732,good,56.48,92.35,76.11,45.84,85.43,72.0187,2.04,9,1,3,0,0,0,0,3,74555.24,0.1591,low,0.0
CUST008571,840,excellent,92.36,94.59,87.23,75.35,87.34,90.055,1.36,16,1,0,0,0,0,1,0,244960.8,0.8423,low,0.5
CUST008572,728,good,57.48,92.67,91.05,36.42,61.93,71.4127,0.34,12,3,4,0,0,0,0,6,987099.24,0.0989,low,0.0
CUST008573,827,excellent,92.84,77.74,98.33,72.8,99.8,87.8268,13.07,19,0,0,0,0,0,1,7,78035.09,0.9789,low,0.125
CUST008574,827,excellent,99.96,90.72,76.12,46.84,94.66,87.7702,8.17,5,0,0,0,0,0,0,2,66405.21,0.1443,low,0.0
CUST008575,789,excellent,90.61,83.44,84.75,38.22,81.61,81.4421,11.16,5,1,0,0,0,0,0,5,100767.85,0.0471,low,0.0
CUST008576,633,high_risk,20.4,99.32,49.77,31.53,79.51,55.5073,8.41,3,2,6,0,0,1,0,3,504937.6,0.6556,low,0.0
CUST008577,822,excellent,97.91,95.83,63.94,50.38,93.38,86.9872,2.37,3,0,0,0,0,0,1,5,96846.3,0.3988,low,0.1667
CUST008578,785,excellent,95.12,65.11,89.57,54.98,90.53,80.8106,33.75,14,0,0,0,0,0,0,3,66273.26,0.0783,low,0.0
CUST008579,804,excellent,91.27,87.59,85.65,31.75,97.83,84.0287,11.9,17,0,0,0,0,0,0,4,209331.02,0.1095,low,0.0
CUST008580,657,risky,35.56,76.57,96.94,49.73,46.27,59.5581,11.87,16,3,4,0,0,0,0,0,22495.1,0.0009,low,0.0
CUST008581,768,excellent,86.49,86.63,62.38,33.11,90.13,77.9414,14.39,2,0,0,0,0,0,0,2,102601.9,0.1419,low,0.0
CUST008582,706,good,43.16,88.63,85.46,44.4,86.37,67.5915,4.64,15,1,4,0,0,0,0,5,63653.74,0.0669,low,0.0
CUST008583,809,excellent,98.07,83.64,88.18,34.55,87.99,84.8976,11.17,13,1,0,0,0,0,0,2,332836.25,0.0241,low,0.0
CUST008584,634,high_risk,21.3,91.86,87.62,37.08,38.79,55.7441,1.78,13,5,8,1,0,1,0,1,32347.13,0.4437,low,0.0
CUST008585,661,risky,62.98,76.16,11.17,66.46,79.98,60.2131,25.62,0,2,4,0,0,0,1,0,267410.02,1.0061,low,0.5
CUST008586,792,excellent,97.52,88.34,58.0,32.64,93.53,81.9521,14.87,2,0,0,0,0,0,0,6,434796.29,0.0981,low,0.0
CUST008587,774,excellent,98.59,89.21,18.72,61.84,86.86,78.9454,12.95,0,1,0,0,0,0,1,3,6946.63,0.9834,low,0.25
CUST008588,794,excellent,87.21,89.66,85.6,37.4,83.42,82.3424,11.89,15,1,0,0,0,0,0,4,496921.62,0.0859,low,0.0
CUST008589,643,high_risk,47.91,86.94,45.94,32.09,42.89,57.2402,10.96,2,4,2,0,0,0,0,3,161300.36,0.1361,low,0.0
CUST008590,786,excellent,76.52,92.06,67.58,74.26,89.65,80.9255,2.66,9,1,0,0,0,0,1,5,162997.67,0.4517,low,0.1667
CUST008591,786,excellent,89.79,88.89,48.08,62.93,93.18,80.9174,2.34,1,0,0,0,0,0,1,0,93874.23,0.5444,low,0.5
CUST008592,811,excellent,89.24,96.35,70.95,46.32,97.78,85.1942,6.25,8,0,0,0,0,0,1,6,34956.17,0.6861,low,0.1429
CUST008593,805,excellent,98.02,96.39,50.08,44.53,90.22,84.2112,8.62,2,0,0,0,0,0,0,1,52198.73,0.1229,low,0.0
CUST008594,819,excellent,97.93,88.78,86.84,30.36,95.17,86.4856,9.74,15,0,0,0,0,0,0,2,308760.16,0.1371,low,0.0
CUST008595,834,excellent,91.63,99.01,94.82,37.86,92.23,89.0076,8.69,14,0,0,0,0,0,0,4,99009.75,0.1064,low,0.0
CUST008596,725,good,69.95,95.4,29.61,46.25,86.93,70.8629,7.53,0,1,0,0,0,0,0,2,23969.41,0.1018,low,0.0
CUST008597,710,good,56.26,98.74,45.72,39.77,81.06,68.2531,2.52,1,1,1,0,0,0,0,1,35753.44,0.168,low,0.0
CUST008598,850,excellent,99.88,95.44,81.44,78.27,81.03,91.7377,6.21,5,1,0,0,0,0,1,3,54729.67,0.7366,low,0.25
CUST008599,642,high_risk,6.29,97.61,98.13,37.85,70.69,57.0572,0.15,12,2,8,1,1,1,0,2,113589.16,0.1794,low,0.0
CUST008600,809,excellent,77.09,91.74,92.96,64.77,99.68,84.8928,9.81,20,0,1,0,0,0,1,0,62327.73,0.3423,low,0.5
CUST008601,797,excellent,87.65,75.4,97.64,53.13,95.0,82.7544,28.25,20,0,0,0,0,0,0,7,37207.81,0.1424,low,0.0
CUST008602,801,excellent,90.38,92.41,70.59,42.8,92.66,83.4884,7.71,9,0,0,0,0,0,0,6,103883.18,0.1599,low,0.0
CUST008603,829,excellent,94.07,95.5,85.55,40.04,97.0,88.1088,6.14,13,0,0,0,0,0,0,7,318210.73,0.1175,low,0.0
CUST008604,825,excellent,88.38,93.93,74.87,73.98,98.21,87.5619,4.7,8,0,0,0,0,0,1,0,89813.91,0.635,low,0.5
CUST008605,787,excellent,86.13,88.5,58.96,61.28,95.17,81.1836,14.89,4,0,0,0,0,0,1,1,43045.24,0.5468,low,0.5
CUST008606,763,excellent,95.23,79.33,49.62,30.26,95.09,77.1062,14.82,4,0,0,0,0,0,0,6,46641.04,0.1506,low,0.0
CUST008607,732,good,85.41,87.05,18.29,45.38,87.61,72.05,13.18,0,1,0,0,0,0,0,5,107621.05,0.0946,low,0.0
CUST008608,828,excellent,99.08,89.42,92.41,35.32,90.55,87.9504,9.87,15,0,0,0,0,0,0,2,40351.76,0.0236,low,0.0
CUST008609,722,good,68.97,85.71,46.78,36.56,98.25,70.3522,13.87,4,0,0,0,0,0,0,5,16971.87,0.0121,low,0.0
CUST008610,830,excellent,98.55,99.16,85.81,30.01,82.52,88.3671,3.56,14,1,0,0,0,0,0,3,152657.91,0.1438,low,0.0
CUST008611,798,excellent,91.91,80.1,78.58,55.29,94.25,82.9396,11.94,7,0,0,0,0,0,1,7,65886.09,0.7694,low,0.125
CUST008612,822,excellent,85.35,94.93,80.82,74.88,89.61,86.9265,7.75,6,1,0,0,0,0,1,6,57561.95,0.5655,low,0.1429
CUST008613,838,excellent,97.0,94.65,95.54,32.68,96.4,89.5842,7.87,10,0,0,0,0,0,0,4,505371.74,0.0917,low,0.0
CUST008614,708,good,54.89,90.97,60.8,72.14,52.38,68.0754,7.18,3,3,4,0,0,0,1,6,118793.43,0.752,low,0.1429
CUST008615,796,excellent,92.65,93.95,67.05,34.38,85.92,82.7021,1.7,6,1,0,0,0,0,0,4,680249.06,0.1286,low,0.0
CUST008616,822,excellent,98.51,90.52,86.69,33.76,90.08,87.0228,4.68,12,0,0,0,0,0,0,3,62180.83,0.0208,low,0.0
CUST008617,856,excellent,91.81,99.75,94.33,70.18,93.88,92.6154,9.43,11,0,0,0,0,0,1,7,16420.01,0.4376,low,0.125
CUST008618,634,high_risk,19.24,92.78,85.98,39.25,42.69,55.6598,0.83,18,4,3,0,0,1,0,2,71352.94,0.5285,low,0.0
CUST008619,752,excellent,89.83,91.95,32.92,30.46,82.87,75.2933,7.42,1,1,0,0,0,0,0,4,168198.03,0.0024,low,0.0
CUST008620,789,excellent,95.51,98.02,33.44,45.03,90.81,81.4349,9.89,0,1,0,0,0,0,0,1,157645.9,0.0056,low,0.0
CUST008621,711,good,45.32,88.24,95.06,33.8,85.79,68.5545,6.68,16,1,2,0,0,0,0,4,20813.67,0.047,low,0.0
CUST008622,746,good,91.52,78.13,36.48,38.69,95.75,74.3848,12.4,1,0,0,0,0,0,0,4,113378.01,0.0271,low,0.0
CUST008623,786,excellent,90.27,76.94,85.47,42.72,91.87,80.9545,11.7,13,1,0,0,0,0,0,6,41035.69,0.0848,low,0.0
CUST008624,724,good,49.99,88.5,89.48,75.8,66.15,70.6651,7.29,12,2,4,0,0,0,1,4,121371.83,1.0667,low,0.2
CUST008625,625,high_risk,0.64,95.19,98.11,33.86,72.12,54.0942,9.79,20,2,6,0,1,1,0,1,154748.43,0.5677,low,0.0
CUST008626,762,excellent,88.47,99.82,26.89,32.34,88.19,76.9932,0.84,0,1,0,0,0,0,0,0,110752.38,0.1339,low,0.0
CUST008627,823,excellent,94.74,90.28,97.82,33.78,89.25,87.2224,1.13,10,1,0,0,0,0,0,1,352607.45,0.0562,low,0.0
CUST008628,698,risky,55.74,76.86,74.81,36.52,89.16,66.3544,10.07,8,1,3,0,0,0,0,1,7317.23,0.0166,low,0.0
CUST008629,785,excellent,59.31,99.17,94.09,76.74,95.51,80.8492,1.03,15,0,4,0,0,0,1,0,117307.84,1.421,low,0.5
CUST008630,827,excellent,91.32,97.16,86.01,41.26,97.3,87.8678,0.95,14,0,0,0,0,0,0,2,100260.72,0.0963,low,0.0
CUST008631,808,excellent,86.8,82.58,94.07,61.71,91.84,84.6173,12.89,16,1,0,0,0,0,1,5,56535.21,0.7254,low,0.1667
CUST008632,707,good,60.72,89.03,73.76,37.78,51.03,67.9063,0.27,6,3,3,0,0,0,0,3,102803.85,0.0322,low,0.0
CUST008633,827,excellent,79.89,99.01,95.8,63.62,94.82,87.8774,6.5,11,0,0,0,0,0,1,1,72245.91,0.7301,low,0.5
CUST008634,809,excellent,92.46,90.56,91.23,47.09,68.77,84.7979,5.15,11,2,0,0,0,0,1,1,309148.52,0.5499,low,0.5
CUST008635,802,excellent,94.7,88.77,57.0,58.32,94.95,83.6535,8.85,3,0,0,0,0,0,1,5,515284.47,0.9576,low,0.1667
CUST008636,733,good,46.66,96.77,78.76,63.8,86.74,72.2296,7.87,5,1,3,0,0,0,1,5,94663.39,0.8791,low,0.1667
CUST008637,776,excellent,85.18,87.19,68.6,46.07,85.09,79.3764,10.95,6,1,0,0,0,0,0,3,174849.29,0.1206,low,0.0
CUST008638,700,good,41.27,91.49,95.56,31.25,73.15,66.6623,4.18,13,2,1,0,0,0,0,5,39797.71,0.1964,low,0.0
CUST008639,598,high_risk,4.99,99.48,84.25,35.04,19.52,49.6815,0.06,5,7,7,0,1,1,0,1,57973.87,0.5078,low,0.0
CUST008640,782,excellent,87.5,85.23,69.86,53.19,82.86,80.2793,11.31,8,1,0,0,0,0,1,3,560043.96,0.7383,low,0.25
CUST008641,737,good,72.32,98.14,39.69,31.68,89.31,72.805,8.6,1,1,0,0,0,0,0,5,62783.84,0.0101,low,0.0
CUST008642,754,excellent,97.94,90.97,13.85,30.35,90.37,75.72,9.82,0,0,0,0,0,0,0,4,270686.76,0.0007,low,0.0
CUST008643,812,excellent,91.81,91.15,90.18,42.09,81.89,85.4027,4.11,15,1,0,0,0,0,0,1,24150.43,0.0119,low,0.0
CUST008644,760,excellent,72.88,75.07,97.9,40.93,98.83,76.6924,10.83,11,0,1,0,0,0,0,4,27432.12,0.0667,low,0.0
CUST008645,850,excellent,97.98,99.47,93.65,38.87,96.24,91.6933,1.11,15,0,0,0,0,0,0,1,90575.18,0.1242,low,0.0
CUST008646,661,risky,35.79,78.57,87.57,43.01,65.69,60.1033,13.32,10,2,4,0,0,0,0,6,44975.3,0.1383,low,0.0
CUST008647,773,excellent,89.86,89.95,45.6,38.16,96.71,78.7629,3.37,1,0,0,0,0,0,0,6,42033.47,0.1139,low,0.0
CUST008648,828,excellent,90.71,97.11,90.07,43.31,92.47,87.969,0.96,11,0,0,0,0,0,0,4,102586.4,0.1062,low,0.0
CUST008649,789,excellent,85.09,95.66,57.51,49.67,94.37,81.5106,0.17,3,0,0,0,0,0,0,6,50682.5,0.0732,low,0.0
CUST008650,676,risky,21.69,88.87,95.01,75.32,77.12,62.7484,13.66,18,2,3,0,0,0,1,6,92253.99,1.7961,moderate,0.1429
CUST008651,835,excellent,91.93,96.66,74.52,73.64,95.03,89.2214,7.35,8,0,0,0,0,0,1,5,399001.56,0.9346,low,0.1667
CUST008652,726,good,61.4,89.83,85.64,46.04,50.73,70.9621,7.96,11,3,3,0,0,0,0,0,75484.4,0.2137,low,0.0
CUST008653,600,high_risk,7.54,89.0,84.76,38.54,40.43,49.9491,1.17,5,5,3,1,1,1,0,7,136823.04,0.5531,low,0.0
CUST008654,808,excellent,97.72,99.94,50.87,60.56,68.53,84.7229,3.28,3,2,0,0,0,0,1,7,16668.02,0.9352,low,0.125
CUST008655,838,excellent,96.22,86.56,96.32,65.54,90.85,89.7341,13.74,19,1,0,0,0,0,1,0,113333.63,0.9507,low,0.5
CUST008656,848,excellent,94.74,80.66,99.38,93.66,96.48,91.2782,11.64,16,0,0,0,0,0,2,7,841878.53,0.6338,low,0.2222
CUST008657,696,risky,21.94,93.88,93.6,78.12,93.25,66.0211,2.78,12,0,8,0,0,0,1,3,58374.38,2.1345,moderate,0.25
CUST008658,756,excellent,87.17,77.35,56.31,42.01,95.62,75.9243,11.66,2,0,0,0,0,0,0,6,313297.59,0.1177,low,0.0
CUST008659,818,excellent,93.04,94.42,87.82,41.74,81.06,86.3449,4.42,19,1,0,0,0,0,0,1,65037.14,0.0957,low,0.0
CUST008660,844,excellent,93.77,99.88,93.57,47.24,90.63,90.6066,1.94,17,0,0,0,0,0,0,1,33291.8,0.0688,low,0.0
CUST008661,855,excellent,97.0,99.49,91.75,50.39,99.19,92.5167,6.75,11,0,0,0,0,0,1,5,30223.95,0.9542,low,0.1667
CUST008662,801,excellent,96.45,77.82,82.9,55.07,84.83,83.5261,11.23,6,1,0,0,0,0,1,4,264388.73,0.6464,low,0.2
CUST008663,840,excellent,92.93,94.48,85.14,70.32,92.92,89.9642,6.51,19,0,0,0,0,0,1,3,237644.48,0.4413,low,0.25
CUST008664,840,excellent,97.56,98.98,83.15,64.5,72.14,89.9767,0.26,7,2,0,0,0,0,1,1,113759.3,0.7499,low,0.5
CUST008665,827,excellent,97.43,90.84,72.66,65.14,90.96,87.859,9.74,6,1,0,0,0,0,1,3,68555.97,0.6047,low,0.25
CUST008666,653,risky,25.16,87.13,99.95,43.45,44.94,58.7759,12.91,16,6,5,0,0,0,0,1,213613.0,0.2941,low,0.0
CUST008667,719,good,86.02,78.15,17.56,38.53,97.85,69.8235,12.76,0,0,0,0,0,0,0,2,91243.55,0.048,low,0.0
CUST008668,637,high_risk,11.46,94.33,86.61,77.52,41.06,56.1583,7.76,12,4,5,0,0,0,1,1,91828.65,1.8883,moderate,0.5
CUST008669,643,high_risk,29.4,89.15,53.12,70.47,61.08,57.157,1.99,4,3,5,0,0,0,1,6,18019.39,2.1001,moderate,0.1429
CUST008670,780,excellent,65.65,96.6,84.92,63.11,89.82,79.9899,0.86,7,1,0,0,0,0,1,0,195434.17,0.5442,low,0.5
CUST008671,598,high_risk,11.75,88.66,59.71,48.38,51.52,49.6559,11.88,3,3,2,1,1,1,0,1,51769.52,0.4594,low,0.0
CUST008672,832,excellent,94.23,98.51,87.08,38.78,92.1,88.6824,8.42,10,0,0,0,0,0,0,6,139526.27,0.1144,low,0.0
CUST008673,761,excellent,98.8,84.75,20.76,38.13,98.79,76.8091,10.5,0,0,0,0,0,0,0,3,97311.45,0.1576,low,0.0
CUST008674,747,good,94.17,91.9,12.24,40.09,81.15,74.4886,8.86,0,1,0,0,0,0,0,7,117277.31,0.1213,low,0.0
CUST008675,750,excellent,92.68,81.03,31.91,39.3,95.18,74.9832,11.02,0,0,0,0,0,0,0,6,116090.69,0.0221,low,0.0
CUST008676,837,excellent,90.1,91.72,99.5,68.51,87.42,89.5682,2.91,14,1,0,0,0,0,1,3,20588.53,0.622,low,0.25
CUST008677,805,excellent,89.23,94.08,87.75,39.01,77.08,84.2227,4.4,13,2,0,0,0,0,0,5,31190.43,0.0496,low,0.0
CUST008678,724,good,47.34,87.03,94.9,76.76,71.53,70.741,13.73,11,2,3,0,0,0,1,5,51119.01,1.1297,low,0.1667
CUST008679,771,excellent,93.62,68.56,77.8,51.01,83.7,78.4757,38.26,5,1,0,0,0,0,0,2,124515.64,0.0748,low,0.0
CUST008680,790,excellent,95.2,68.34,91.65,69.55,70.9,81.6149,30.7,16,2,0,0,0,0,1,0,84221.91,0.6863,low,0.5
CUST008681,802,excellent,90.21,77.99,86.3,58.37,99.26,83.6771,10.79,20,0,0,0,0,0,1,4,568159.56,0.514,low,0.2
CUST008682,813,excellent,99.82,82.12,96.63,30.24,84.7,85.5617,13.11,10,1,0,0,0,0,0,1,33494.64,0.0218,low,0.0
CUST008683,815,excellent,95.78,91.46,81.15,37.76,89.38,85.846,9.0,6,1,0,0,0,0,0,7,391059.84,0.1248,low,0.0
CUST008684,797,excellent,99.84,74.43,68.22,57.64,94.96,82.7654,30.79,7,0,0,0,0,0,0,1,249005.28,0.0119,low,0.0
CUST008685,836,excellent,97.23,94.58,93.06,32.26,96.79,89.2677,9.29,15,0,0,0,0,0,0,4,115628.13,0.1129,low,0.0
CUST008686,676,risky,55.68,92.78,29.9,35.84,72.57,62.6476,2.98,0,2,4,0,0,0,0,2,37452.72,0.1149,low,0.0
CUST008687,853,excellent,96.16,85.29,94.57,92.15,96.04,92.2483,13.35,17,0,0,0,0,0,2,5,155182.63,0.4542,low,0.2857
CUST008688,642,high_risk,39.12,89.47,50.0,30.95,59.22,57.0491,4.98,3,3,3,0,0,0,0,2,50179.57,0.1613,low,0.0
CUST008689,686,risky,41.93,89.36,61.5,41.75,94.16,64.3,5.78,2,0,2,0,0,0,0,1,14998.0,0.0359,low,0.0
CUST008690,645,high_risk,40.99,89.58,31.88,38.3,76.33,57.4672,3.94,1,2,1,0,0,0,0,6,66898.34,0.1837,low,0.0
CUST008691,825,excellent,97.21,91.15,89.38,36.7,90.79,87.5257,7.8,14,0,0,0,0,0,0,0,60392.17,0.0914,low,0.0
CUST008692,737,good,52.84,97.86,87.04,37.85,81.07,72.7985,6.2,13,1,1,0,0,0,0,1,246620.69,0.1213,low,0.0
CUST008693,734,good,94.96,76.99,20.83,45.08,84.52,72.4154,12.27,0,1,0,0,0,0,0,3,108787.28,0.0863,low,0.0
CUST008694,826,excellent,98.68,86.52,74.1,67.28,93.75,87.7143,10.59,8,0,0,0,0,0,1,7,156567.49,0.8311,low,0.125
CUST008695,797,excellent,78.27,95.19,92.48,32.0,97.93,82.8158,2.44,13,0,1,0,0,0,0,7,166292.81,0.0436,low,0.0
CUST008696,722,good,88.51,51.05,54.42,62.48,96.55,70.3604,53.66,2,0,0,0,0,0,2,6,25933.42,0.9942,low,0.25
CUST008697,828,excellent,98.19,91.7,90.14,34.41,91.43,87.9808,4.88,20,1,0,0,0,0,0,7,308147.58,0.0132,low,0.0
CUST008698,619,high_risk,43.25,40.15,67.32,73.12,86.36,53.2301,60.18,6,1,2,0,0,0,0,4,341744.84,0.8969,low,0.0
CUST008699,645,high_risk,23.8,91.15,88.14,69.38,27.33,57.5683,7.76,19,5,7,0,0,0,1,0,84143.33,1.8095,moderate,0.5
CUST008700,703,good,44.14,84.76,96.88,34.14,83.45,67.1662,10.57,12,1,1,0,0,0,0,0,90079.52,0.0777,low,0.0
CUST008701,800,excellent,89.84,88.83,94.72,37.12,72.39,83.2537,5.99,18,2,0,0,0,0,0,2,186745.01,0.006,low,0.0
CUST008702,703,good,73.88,88.02,12.25,39.46,91.79,67.2254,4.16,0,0,1,0,0,0,0,3,256923.47,0.0006,low,0.0
CUST008703,773,excellent,88.99,99.4,34.29,33.51,93.48,78.8105,7.19,1,0,0,0,0,0,0,2,221646.85,0.0799,low,0.0
CUST008704,620,high_risk,27.1,89.64,33.88,65.22,63.63,53.3441,1.1,1,4,5,0,0,0,1,1,91698.52,1.4246,low,0.5
CUST008705,833,excellent,98.87,97.28,77.3,40.21,94.19,88.8255,6.43,8,0,0,0,0,0,0,6,252655.41,0.1422,low,0.0
CUST008706,734,good,61.61,93.9,57.32,48.53,91.97,72.3787,0.55,2,1,4,0,0,0,0,6,44448.76,0.1076,low,0.0
CUST008707,861,excellent,95.21,98.77,79.72,94.56,91.76,93.5442,9.83,8,0,0,0,0,0,2,5,237438.44,0.7772,low,0.2857
CUST008708,808,excellent,95.2,94.59,50.96,62.08,90.5,84.598,1.89,4,0,0,0,0,0,1,6,49790.2,0.7321,low,0.1429
CUST008709,767,excellent,93.21,97.25,34.26,43.89,65.28,77.8543,3.8,0,2,0,0,0,0,0,3,305443.68,0.0145,low,0.0
CUST008710,814,excellent,94.39,92.1,77.58,37.15,96.29,85.6458,5.24,6,0,0,0,0,0,0,7,105675.77,0.1346,low,0.0
CUST008711,722,good,45.62,97.4,90.73,44.2,70.58,70.2748,0.0,10,2,3,0,0,0,0,1,88264.74,0.0415,low,0.0
CUST008712,811,excellent,86.62,96.94,67.49,67.75,88.97,85.193,5.08,5,1,0,0,0,0,2,1,39040.26,0.7937,low,0.6667
CUST008713,681,risky,27.44,96.59,92.46,66.47,54.65,63.5603,1.49,19,3,8,0,0,0,1,1,266668.17,1.6425,moderate,0.5
CUST008714,785,excellent,93.0,84.26,64.44,41.93,91.52,80.8393,10.97,2,1,0,0,0,0,0,2,379929.09,0.0909,low,0.0
CUST008715,611,high_risk,49.04,46.77,45.37,46.19,91.47,51.7669,61.89,3,1,2,0,0,0,0,7,41058.81,0.1912,low,0.0
CUST008716,721,good,64.97,78.15,88.64,38.83,67.61,70.1254,13.22,14,2,1,0,0,0,0,5,35994.55,0.0947,low,0.0
CUST008717,730,good,88.27,55.71,60.53,64.1,86.06,71.7014,32.98,4,1,0,0,0,0,1,7,36083.47,0.4351,low,0.125
CUST008718,833,excellent,95.13,95.95,83.62,46.36,95.53,88.8104,4.94,5,0,0,0,0,0,1,2,118507.88,0.8808,low,0.3333
CUST008719,843,excellent,99.65,97.79,85.36,42.11,93.3,90.561,5.0,13,0,0,0,0,0,0,4,63447.38,0.0229,low,0.0
CUST008720,735,good,92.42,75.21,30.85,33.24,95.61,72.4219,12.14,0,0,0,0,0,0,0,3,259151.69,0.1441,low,0.0
CUST008721,812,excellent,97.43,82.91,79.42,47.42,97.76,85.403,20.56,5,0,0,0,0,0,1,7,69768.07,0.4403,low,0.125
CUST008722,816,excellent,86.66,89.33,98.48,60.25,81.38,86.0646,4.95,11,1,0,0,0,0,1,5,85760.96,0.603,low,0.1667
CUST008723,781,excellent,91.48,58.95,77.11,93.86,94.63,80.1162,34.88,5,0,0,0,0,0,2,0,101085.03,0.5689,low,0.6667
CUST008724,822,excellent,89.59,94.92,70.49,68.79,96.55,86.9401,6.4,6,0,0,0,0,0,1,5,53093.67,0.706,low,0.1667
CUST008725,776,excellent,86.31,92.91,34.45,71.91,88.66,79.3073,7.87,1,1,0,0,0,0,1,2,20751.38,0.5025,low,0.3333
CUST008726,705,good,63.8,89.65,72.56,34.78,38.5,67.4369,2.33,8,5,1,0,0,0,0,5,45619.17,0.1407,low,0.0
CUST008727,825,excellent,86.06,84.21,96.94,78.48,96.48,87.4228,14.84,13,0,0,0,0,0,1,2,44671.68,0.6368,low,0.3333
CUST008728,681,risky,60.73,90.7,45.73,38.84,43.61,63.568,8.11,1,3,4,0,0,0,0,5,60552.95,0.1758,low,0.0
CUST008729,838,excellent,87.53,94.75,85.84,82.71,93.88,89.5965,0.12,20,0,0,0,0,0,2,6,38971.42,0.8665,low,0.25
CUST008730,826,excellent,98.19,90.59,88.61,56.58,72.48,87.7419,3.29,15,2,0,0,0,0,1,3,301185.92,0.5654,low,0.25
CUST008731,804,excellent,98.04,93.56,51.44,49.55,89.14,83.9688,6.42,4,1,0,0,0,0,0,1,107639.87,0.1517,low,0.0
CUST008732,793,excellent,96.09,95.43,48.14,35.4,92.11,82.233,2.82,1,0,0,0,0,0,0,4,99616.84,0.0813,low,0.0
CUST008733,819,excellent,89.75,91.65,94.74,45.73,88.21,86.5105,3.43,13,1,0,0,0,0,0,6,86329.68,0.0742,low,0.0
CUST008734,795,excellent,86.56,97.99,64.75,35.0,95.44,82.4491,8.99,3,0,0,0,0,0,0,3,116609.83,0.16,low,0.0
CUST008735,824,excellent,97.88,89.59,63.55,70.75,95.24,87.2683,2.04,3,0,0,0,0,0,1,7,444783.66,0.5919,low,0.125
CUST008736,777,excellent,93.28,86.58,51.08,65.21,67.3,79.5357,11.24,4,2,0,0,0,0,2,1,84079.48,0.4145,low,0.6667
CUST008737,820,excellent,86.14,96.42,75.59,66.57,96.12,86.6822,2.59,9,0,0,0,0,0,1,1,58352.35,0.5668,low,0.5
CUST008738,830,excellent,99.04,98.93,76.0,35.08,91.58,88.4108,5.73,7,1,0,0,0,0,0,2,24943.74,0.1199,low,0.0
CUST008739,841,excellent,96.84,93.1,85.93,57.34,96.4,90.0853,2.35,12,0,0,0,0,0,1,1,1522298.82,0.9168,low,0.5
CUST008740,821,excellent,86.51,96.73,89.98,46.89,93.51,86.8324,1.78,14,0,0,0,0,0,0,6,88893.2,0.0244,low,0.0
CUST008741,837,excellent,97.64,97.24,66.21,64.21,97.35,89.4335,8.16,8,0,0,0,0,0,1,0,13660.68,0.3882,low,0.5
CUST008742,826,excellent,92.53,87.1,94.82,53.07,96.17,87.6617,12.31,12,0,0,0,0,0,1,1,97129.75,0.4531,low,0.5
CUST008743,823,excellent,93.82,90.67,95.02,35.85,92.52,87.1261,0.01,18,0,0,0,0,0,0,7,20019.19,0.0909,low,0.0
CUST008744,742,good,71.52,86.5,65.58,32.43,95.62,73.6253,12.98,6,0,0,0,0,0,0,4,23049.7,0.1184,low,0.0
CUST008745,814,excellent,86.46,89.12,87.04,60.45,95.74,85.6708,11.94,14,0,0,0,0,0,1,2,333331.72,0.6144,low,0.3333
CUST008746,794,excellent,96.52,80.36,76.56,37.43,91.97,82.315,13.17,6,0,0,0,0,0,0,4,43233.47,0.0555,low,0.0
CUST008747,726,good,77.47,79.24,36.48,57.19,89.04,70.9824,12.95,1,1,0,0,0,0,0,3,40808.77,0.1552,low,0.0
CUST008748,728,good,66.75,90.06,45.3,43.23,98.64,71.3615,7.43,1,0,1,0,0,0,0,3,71743.2,0.1279,low,0.0
CUST008749,745,good,73.85,89.29,49.23,43.18,99.0,74.2349,1.33,2,0,1,0,0,0,0,6,72519.47,0.1515,low,0.0
CUST008750,810,excellent,85.14,88.34,97.39,47.74,93.44,85.0246,0.36,16,0,0,0,0,0,0,7,49778.55,0.0572,low,0.0
CUST008751,829,excellent,99.51,89.95,90.19,34.11,94.19,88.1724,7.24,16,0,0,0,0,0,0,2,148807.33,0.1531,low,0.0
CUST008752,782,excellent,92.84,89.72,54.68,35.18,92.27,80.3588,5.57,3,0,0,0,0,0,0,3,33059.63,0.0763,low,0.0
CUST008753,708,good,44.2,85.19,94.59,39.51,88.9,68.0566,13.8,15,1,2,0,0,0,0,3,24779.41,0.0567,low,0.0
CUST008754,684,risky,44.17,87.18,77.93,31.98,74.2,63.9238,11.08,7,2,2,0,0,0,0,4,527106.11,0.246,low,0.0
CUST008755,768,excellent,89.69,89.63,43.79,38.61,92.57,77.968,3.44,1,0,0,0,0,0,0,2,130043.37,0.0294,low,0.0
CUST008756,843,excellent,95.48,97.56,84.77,51.66,99.76,90.5447,6.44,7,0,0,0,0,0,1,2,45684.99,0.9764,low,0.3333
CUST008757,566,high_risk,6.04,91.67,56.51,38.54,24.26,44.37,6.65,2,6,3,1,1,1,0,0,137876.86,0.4439,low,0.0
CUST008758,825,excellent,96.03,87.67,98.23,37.81,90.36,87.462,14.72,10,1,0,0,0,0,0,1,81113.34,0.0037,low,0.0
CUST008759,804,excellent,89.73,90.6,85.72,49.06,77.29,84.0788,1.99,14,2,0,0,0,0,0,4,53819.63,0.0045,low,0.0
CUST008760,819,excellent,86.86,93.77,97.3,41.69,91.48,86.4457,7.89,10,0,0,0,0,0,0,1,73047.39,0.0652,low,0.0
CUST008761,702,good,55.63,95.08,48.72,40.85,75.85,66.9726,7.98,1,2,4,0,0,0,0,3,341779.85,0.1155,low,0.0
CUST008762,766,excellent,94.22,97.2,23.63,39.07,80.2,77.6068,7.29,0,1,0,0,0,0,0,3,163822.29,0.0978,low,0.0
CUST008763,811,excellent,98.5,96.96,64.83,31.97,86.27,85.1109,7.26,4,1,0,0,0,0,0,2,139227.61,0.0226,low,0.0
CUST008764,832,excellent,89.99,96.07,98.98,44.1,90.39,88.6115,7.23,11,0,0,0,0,0,0,0,192434.7,0.0098,low,0.0
CUST008765,813,excellent,91.65,93.06,82.74,41.31,89.39,85.4752,9.57,8,1,0,0,0,0,0,5,199715.6,0.0999,low,0.0
CUST008766,768,excellent,96.13,89.85,34.78,30.3,90.73,77.918,7.05,0,0,0,0,0,0,0,2,274912.59,0.1044,low,0.0
CUST008767,827,excellent,99.0,83.48,96.27,38.42,99.35,87.9135,11.6,20,0,0,0,0,0,0,6,134800.29,0.0488,low,0.0
CUST008768,675,risky,51.65,76.38,84.12,36.04,53.67,62.5819,10.68,9,3,4,0,0,0,0,3,275973.72,0.1679,low,0.0
CUST008769,739,good,70.42,89.31,53.51,52.75,83.69,73.1076,6.41,4,1,1,0,0,0,1,0,131893.64,0.8442,low,0.5
CUST008770,764,excellent,94.7,80.04,52.19,36.5,86.33,77.2672,13.62,3,1,0,0,0,0,0,2,189981.5,0.1079,low,0.0
CUST008771,707,good,56.85,91.01,52.03,38.81,89.71,67.858,4.83,2,1,1,0,0,0,0,0,493436.19,0.0892,low,0.0
CUST008772,797,excellent,86.09,92.49,81.87,47.25,80.21,82.9014,3.49,9,1,0,0,0,0,1,6,212230.77,0.7143,low,0.1429
CUST008773,810,excellent,88.82,90.44,90.09,46.95,85.23,84.9504,9.11,13,1,0,0,0,0,0,7,95123.31,0.05,low,0.0
CUST008774,770,excellent,71.58,82.75,89.56,65.74,84.45,78.3302,13.34,11,1,0,0,0,0,1,5,32036.62,0.9247,low,0.1667
CUST008775,642,high_risk,17.34,88.71,80.9,75.01,56.31,56.9508,7.35,6,3,8,0,0,0,1,7,174313.09,1.2269,low,0.125
CUST008776,758,excellent,57.6,95.63,97.04,70.59,68.94,76.3578,5.09,17,2,3,0,0,0,1,5,123436.1,1.4551,low,0.1667
CUST008777,771,excellent,93.69,88.04,21.31,70.28,91.38,78.5656,2.9,0,1,0,0,0,0,1,0,68675.93,0.4114,low,0.5
CUST008778,826,excellent,99.48,77.1,98.36,68.76,80.67,87.644,28.54,18,1,0,0,0,0,1,3,80027.38,0.3844,low,0.25
CUST008779,767,excellent,96.42,91.53,19.78,38.08,98.36,77.8168,5.12,0,0,0,0,0,0,0,2,90346.97,0.1062,low,0.0
CUST008780,811,excellent,98.89,86.63,84.25,44.23,74.77,85.1373,13.43,7,2,0,0,0,0,0,5,71688.7,0.1531,low,0.0
CUST008781,814,excellent,75.71,95.94,93.81,82.19,80.16,85.588,4.44,13,1,0,0,0,0,2,7,100156.64,0.789,low,0.2222
CUST008782,719,good,40.65,98.66,90.26,48.52,75.99,69.815,8.4,15,2,4,0,0,0,0,4,97822.73,0.1384,low,0.0
CUST008783,762,excellent,86.39,88.85,49.58,45.14,80.88,76.9291,4.8,2,1,0,0,0,0,0,0,87619.3,0.078,low,0.0
CUST008784,807,excellent,90.55,76.59,95.43,71.81,84.12,84.5747,13.51,20,1,0,0,0,0,1,0,156536.23,0.4031,low,0.5
CUST008785,651,risky,27.18,80.77,75.88,73.3,69.64,58.4218,14.34,5,2,3,0,0,0,1,3,429557.28,1.7132,moderate,0.25
CUST008786,811,excellent,96.3,98.93,38.57,63.31,97.4,85.2398,5.77,1,0,0,0,0,0,1,0,180060.05,0.3411,low,0.5
CUST008787,742,good,71.51,95.96,46.85,45.9,82.88,73.723,2.85,4,1,0,0,0,0,1,6,233309.38,0.6232,low,0.1429
CUST008788,827,excellent,89.06,92.98,95.38,49.53,95.09,87.8348,9.74,19,0,0,0,0,0,0,2,178377.26,0.0905,low,0.0
CUST008789,830,excellent,99.42,99.94,84.24,36.64,73.16,88.3932,0.83,6,2,0,0,0,0,0,4,45027.89,0.1641,low,0.0
CUST008790,841,excellent,86.56,97.97,88.4,78.98,94.04,90.2493,9.72,11,0,0,0,0,0,1,4,11487.21,0.8623,low,0.2
CUST008791,760,excellent,99.55,88.4,12.16,43.68,90.74,76.6276,11.88,0,0,0,0,0,0,0,5,117818.15,0.1237,low,0.0
CUST008792,648,high_risk,52.64,90.44,22.3,48.63,41.97,57.9612,3.64,0,4,4,0,0,0,0,1,84279.97,0.0659,low,0.0
CUST008793,807,excellent,91.49,88.99,79.28,45.92,92.28,84.4322,14.48,5,0,0,0,0,0,0,1,1257318.97,0.166,low,0.0
CUST008794,796,excellent,72.11,94.65,79.7,75.32,95.13,82.632,3.77,7,0,1,0,0,0,1,0,88985.21,0.6998,low,0.5
CUST008795,655,risky,34.62,75.33,99.97,42.39,51.38,59.0882,12.73,10,4,3,0,0,0,0,3,253093.16,0.0568,low,0.0
CUST008796,779,excellent,65.99,88.03,94.45,63.24,98.6,79.8554,2.97,13,0,1,0,0,0,1,0,79813.55,0.8945,low,0.5
CUST008797,721,good,59.5,91.16,66.85,43.24,76.8,70.2042,2.66,5,2,2,0,0,0,0,7,60597.4,0.1649,low,0.0
CUST008798,844,excellent,96.97,99.82,96.33,34.46,89.2,90.7002,9.51,19,1,0,0,0,0,0,4,35870.2,0.1289,low,0.0
CUST008799,651,risky,37.42,98.38,12.51,46.38,93.3,58.454,8.56,0,0,2,0,0,0,0,3,90114.45,0.0581,low,0.0
CUST008800,749,good,57.84,94.81,87.28,31.93,98.63,74.8338,2.28,19,0,1,0,0,0,0,6,95481.3,0.1713,low,0.0
CUST008801,800,excellent,99.65,82.8,79.03,35.69,81.94,83.3365,12.15,5,1,0,0,0,0,0,5,866564.67,0.0096,low,0.0
CUST008802,771,excellent,98.26,97.83,13.28,45.55,81.78,78.4666,6.71,0,1,0,0,0,0,0,5,678958.72,0.0294,low,0.0
CUST008803,644,high_risk,25.9,79.82,79.16,76.12,58.01,57.2975,14.08,8,4,8,0,0,0,1,5,50597.08,1.2248,low,0.1667
CUST008804,773,excellent,87.38,84.52,70.35,32.21,91.01,78.8127,14.3,6,0,0,0,0,0,0,4,83865.15,0.0513,low,0.0
CUST008805,839,excellent,88.01,99.0,78.1,88.44,88.25,89.8893,2.41,9,1,0,0,0,0,2,5,30348.48,0.9846,low,0.2857
CUST008806,829,excellent,91.29,92.49,93.78,57.71,85.78,88.1129,1.06,12,1,0,0,0,0,1,7,17920.47,0.9278,low,0.125
CUST008807,808,excellent,87.17,96.18,51.27,93.99,81.83,84.6351,6.61,4,1,0,0,0,0,2,7,125736.63,0.479,low,0.2222
CUST008808,821,excellent,97.36,91.9,68.09,58.29,91.64,86.8509,8.88,9,1,0,0,0,0,1,1,19624.37,0.9962,low,0.5
CUST008809,593,high_risk,10.12,97.32,51.76,60.34,33.33,48.868,8.57,2,5,5,0,0,0,1,0,72743.73,2.1443,moderate,0.5
CUST008810,823,excellent,98.89,90.41,89.46,39.95,80.34,87.1839,1.78,20,1,0,0,0,0,0,4,57253.94,0.0036,low,0.0
CUST008811,789,excellent,92.5,92.15,39.62,61.19,94.75,81.5549,4.49,1,0,0,0,0,0,1,3,271442.07,0.6835,low,0.25
CUST008812,760,excellent,90.65,55.97,93.04,63.61,78.89,76.7244,32.75,12,2,0,0,0,0,0,7,14920.29,0.0619,low,0.0
CUST008813,808,excellent,93.14,92.95,93.29,35.48,66.3,84.6552,6.72,14,2,0,0,0,0,0,6,858282.25,0.0755,low,0.0
CUST008814,765,excellent,76.66,96.05,48.3,64.68,80.59,77.418,0.67,1,1,0,0,0,0,1,4,152895.58,0.5905,low,0.2
CUST008815,813,excellent,90.47,93.96,48.9,86.46,96.47,85.4784,8.29,1,0,0,0,0,0,2,4,173939.56,0.4568,low,0.3333
CUST008816,829,excellent,98.16,96.92,70.11,49.29,93.72,88.2489,0.01,6,0,0,0,0,0,0,7,98997.34,0.009,low,0.0
CUST008817,617,high_risk,27.08,90.79,46.48,31.91,58.95,52.7759,4.56,3,4,4,0,0,0,0,4,71604.29,0.0933,low,0.0
CUST008818,624,high_risk,15.73,85.21,79.13,75.05,45.41,53.9839,14.44,5,4,4,0,0,0,1,4,105723.65,2.0691,moderate,0.2
CUST008819,809,excellent,96.0,89.68,65.29,62.87,82.18,84.8013,0.3,7,1,0,0,0,0,1,4,77263.71,0.9024,low,0.2
CUST008820,794,excellent,92.88,88.18,55.45,70.86,79.59,82.3263,5.91,3,2,0,0,0,0,1,7,20436.07,0.9666,low,0.125
CUST008821,761,excellent,72.5,99.2,67.01,34.98,81.93,76.8761,6.05,5,1,1,0,0,0,0,7,73717.44,0.1167,low,0.0
CUST008822,766,excellent,79.94,79.4,84.89,41.41,90.44,77.7168,11.68,6,0,1,0,0,0,0,2,50390.94,0.1239,low,0.0
CUST008823,764,excellent,85.03,91.14,41.93,48.29,91.48,77.3685,7.63,1,0,0,0,0,0,0,3,35141.64,0.0742,low,0.0
CUST008824,640,high_risk,25.73,96.92,47.3,32.53,82.11,56.6422,0.98,2,1,1,0,0,0,0,6,150735.36,0.1418,low,0.0
CUST008825,757,excellent,60.96,98.16,97.08,37.9,69.65,76.1008,6.84,11,2,4,0,0,0,0,1,470918.16,0.1751,low,0.0
CUST008826,833,excellent,99.97,90.78,91.09,33.82,95.66,88.8338,0.95,14,0,0,0,0,0,0,2,19099.23,0.0695,low,0.0
CUST008827,783,excellent,86.74,77.74,92.53,35.91,94.08,80.5577,13.49,16,0,0,0,0,0,0,7,166334.89,0.1352,low,0.0
CUST008828,788,excellent,93.04,82.75,73.27,40.65,88.14,81.2584,11.95,6,1,0,0,0,0,0,4,68533.82,0.1085,low,0.0
CUST008829,849,excellent,95.53,82.6,96.93,93.14,93.93,91.4637,10.22,11,0,0,0,0,0,2,0,49505.07,0.4122,low,0.6667
CUST008830,804,excellent,86.23,79.89,89.37,64.7,99.7,83.9935,14.07,19,0,0,0,0,0,1,6,42924.47,0.8895,low,0.1429
CUST008831,639,high_risk,21.33,90.61,88.6,71.22,24.94,56.5559,3.85,12,5,6,1,0,0,1,0,14887.78,1.8581,moderate,0.5
CUST008832,820,excellent,96.01,91.05,76.74,44.31,97.52,86.6128,5.43,8,0,0,0,0,0,0,5,114903.04,0.0036,low,0.0
CUST008833,778,excellent,92.27,79.39,65.53,38.59,98.08,79.6098,12.24,5,0,0,0,0,0,0,7,136213.18,0.1434,low,0.0
CUST008834,820,excellent,93.74,90.82,88.01,41.33,92.96,86.6834,7.53,10,0,0,0,0,0,0,1,143753.74,0.1211,low,0.0
CUST008835,836,excellent,96.57,88.23,91.07,60.13,93.35,89.2768,8.76,17,0,0,0,0,0,1,2,72663.89,0.8634,low,0.3333
CUST008836,822,excellent,94.16,98.33,97.43,33.94,65.18,86.9792,1.31,10,2,0,0,0,0,0,2,66523.12,0.0538,low,0.0
CUST008837,840,excellent,96.46,91.22,78.04,74.17,96.7,89.9184,8.12,6,0,0,0,0,0,1,1,190763.29,0.6694,low,0.5
CUST008838,801,excellent,90.29,90.57,85.73,32.11,86.56,83.4989,7.2,14,1,0,0,0,0,0,2,49716.03,0.039,low,0.0
CUST008839,828,excellent,99.11,80.03,90.28,65.42,91.93,87.9734,10.26,10,0,0,0,0,0,1,1,202668.2,0.614,low,0.5
CUST008840,824,excellent,89.81,97.37,93.5,34.93,91.06,87.2665,5.7,18,0,0,0,0,0,0,3,344754.7,0.1056,low,0.0
CUST008841,562,high_risk,13.88,96.61,11.46,44.2,36.92,43.6729,1.31,0,5,0,1,1,1,0,7,601461.75,0.5686,low,0.0
CUST008842,810,excellent,96.73,71.57,93.38,61.31,94.52,84.9172,32.22,10,0,0,0,0,0,0,7,18469.77,0.137,low,0.0
CUST008843,796,excellent,88.88,89.73,88.66,32.74,80.48,82.6498,1.88,16,1,0,0,0,0,0,6,87608.28,0.1377,low,0.0
CUST008844,773,excellent,94.12,75.47,64.76,37.68,97.37,78.8014,10.51,4,0,0,0,0,0,0,1,133839.58,0.0075,low,0.0
CUST008845,753,excellent,96.24,76.65,39.63,36.96,91.35,75.4525,13.56,1,0,0,0,0,0,0,7,100919.83,0.0439,low,0.0
CUST008846,776,excellent,97.29,78.78,58.68,37.9,90.2,79.2985,14.95,2,0,0,0,0,0,0,3,440672.11,0.096,low,0.0
CUST008847,826,excellent,97.43,95.09,61.96,60.98,96.6,87.6805,2.5,2,0,0,0,0,0,1,5,119815.6,0.9654,low,0.1667
CUST008848,772,excellent,86.38,98.33,48.12,31.49,85.0,78.6002,9.36,3,1,0,0,0,0,0,2,63478.58,0.0064,low,0.0
CUST008849,739,good,64.78,79.2,98.08,40.62,78.99,73.1057,10.4,10,2,1,0,0,0,0,5,77518.57,0.1636,low,0.0
CUST008850,781,excellent,67.83,98.64,92.88,32.74,96.07,80.1458,8.8,19,0,1,0,0,0,0,7,42391.43,0.0183,low,0.0
CUST008851,805,excellent,89.54,90.46,75.96,45.2,98.11,84.2034,2.0,6,0,0,0,0,0,1,3,86900.6,0.4382,low,0.25
CUST008852,763,excellent,96.17,93.37,17.34,31.61,97.86,77.2163,9.92,0,0,0,0,0,0,0,1,49083.48,0.0698,low,0.0
CUST008853,748,good,87.8,93.2,14.04,48.7,90.63,74.7307,0.97,0,1,0,0,0,0,0,0,90148.62,0.0075,low,0.0
CUST008854,784,excellent,92.37,80.9,65.43,49.08,93.0,80.6211,13.37,7,0,0,0,0,0,0,4,228355.4,0.1499,low,0.0
CUST008855,755,excellent,88.6,69.47,62.93,54.25,92.0,75.9136,35.73,4,0,0,0,0,0,0,1,30859.82,0.1034,low,0.0
CUST008856,832,excellent,96.72,93.76,66.72,68.79,98.47,88.7144,3.29,9,0,0,0,0,0,1,4,278885.28,0.886,low,0.2
CUST008857,662,risky,21.17,99.98,93.56,32.74,56.12,60.3244,9.65,15,3,6,0,0,0,0,3,34870.72,0.3398,low,0.0
CUST008858,778,excellent,90.91,76.43,87.43,34.67,83.38,79.6688,10.35,13,1,0,0,0,0,0,0,725695.24,0.0752,low,0.0
CUST008859,763,excellent,68.55,77.67,84.3,77.71,94.59,77.1669,13.96,7,0,0,0,0,0,1,1,19268.0,0.9631,low,0.5
CUST008860,736,good,60.01,92.54,68.74,49.22,87.39,72.7373,8.94,6,1,3,0,0,0,0,3,14903.89,0.0183,low,0.0
CUST008861,823,excellent,89.77,89.66,93.81,55.85,91.29,87.1044,13.09,12,0,0,0,0,0,1,2,136509.7,0.8053,low,0.3333
CUST008862,783,excellent,87.35,91.99,56.79,45.19,93.26,80.5339,4.74,2,0,0,0,0,0,0,2,138090.42,0.0529,low,0.0
CUST008863,812,excellent,99.68,97.94,48.94,45.96,91.19,85.3257,3.24,2,0,0,0,0,0,0,1,33932.63,0.0082,low,0.0
CUST008864,782,excellent,86.12,87.2,50.27,82.33,82.48,80.3244,14.98,3,1,0,0,0,0,2,2,49275.06,0.7515,low,0.5
CUST008865,799,excellent,91.54,91.21,80.85,33.5,83.42,83.2209,8.65,6,1,0,0,0,0,0,2,44218.24,0.0512,low,0.0
CUST008866,843,excellent,97.93,91.09,83.67,64.0,98.85,90.4385,7.81,9,0,0,0,0,0,1,3,525276.99,0.8159,low,0.25
CUST008867,813,excellent,91.77,91.76,92.46,41.26,78.33,85.4738,7.27,11,2,0,0,0,0,0,5,23435.26,0.0211,low,0.0
CUST008868,631,high_risk,22.55,80.13,85.79,62.38,51.43,55.1813,13.24,12,4,8,0,0,0,1,4,216169.43,1.3321,low,0.2
CUST008869,819,excellent,85.36,92.95,96.68,45.56,97.26,86.5486,0.71,19,0,0,0,0,0,1,3,136821.45,0.8187,low,0.25
CUST008870,773,excellent,69.04,89.47,93.43,47.09,90.55,78.781,9.02,13,0,1,0,0,0,0,5,180014.02,0.0612,low,0.0
CUST008871,621,high_risk,10.1,95.6,87.28,38.74,42.82,53.4616,8.43,13,6,5,0,0,1,0,7,298974.51,0.4446,low,0.0
CUST008872,810,excellent,87.09,97.55,82.24,30.65,98.66,85.0141,0.44,5,0,0,0,0,0,0,5,85974.89,0.0246,low,0.0
CUST008873,776,excellent,86.95,76.83,74.41,50.87,96.08,79.3379,18.13,6,0,0,0,0,0,1,3,214821.09,0.4965,low,0.25
CUST008874,788,excellent,87.6,94.8,59.23,38.9,95.22,81.3955,1.21,2,0,0,0,0,0,0,6,108390.54,0.058,low,0.0
CUST008875,802,excellent,74.9,94.31,95.56,52.08,96.18,83.6663,3.75,10,0,1,0,0,0,1,0,57042.05,0.4805,low,0.5
CUST008876,818,excellent,88.72,91.03,80.1,64.31,95.34,86.3391,7.97,5,0,0,0,0,0,1,0,80542.2,0.6085,low,0.5
CUST008877,841,excellent,99.67,84.59,97.24,53.86,99.69,90.2017,14.42,10,0,0,0,0,0,1,1,75240.38,0.5071,low,0.5
CUST008878,778,excellent,95.82,77.32,52.49,52.18,98.51,79.6762,13.56,3,0,0,0,0,0,1,0,213244.12,0.9018,low,0.5
CUST008879,830,excellent,89.67,97.2,91.77,46.7,93.09,88.2894,4.6,13,0,0,0,0,0,0,6,238989.7,0.1412,low,0.0
CUST008880,807,excellent,90.64,86.79,86.85,39.67,97.12,84.4684,10.29,13,0,0,0,0,0,0,4,69920.62,0.1575,low,0.0
CUST008881,680,risky,29.31,97.18,69.57,42.61,91.88,63.2966,6.34,5,1,2,0,0,0,0,1,110109.14,0.0213,low,0.0
CUST008882,804,excellent,85.35,92.57,86.97,43.39,90.38,84.0675,6.4,19,0,0,0,0,0,0,7,45209.15,0.072,low,0.0
CUST008883,730,good,54.16,84.97,90.37,69.12,76.89,71.6028,12.1,18,2,2,0,0,0,1,2,176788.3,1.024,low,0.3333
CUST008884,748,good,50.84,96.18,90.26,78.78,66.56,74.7211,2.43,18,2,3,0,0,0,1,2,186991.55,0.8455,low,0.3333
CUST008885,605,high_risk,16.92,82.63,82.57,35.66,41.29,50.7916,10.59,5,4,7,1,0,1,0,3,397108.04,0.6206,low,0.0
CUST008886,671,risky,29.46,89.4,78.41,38.63,90.95,61.8518,5.05,8,0,2,0,0,0,0,6,104886.71,0.1354,low,0.0
CUST008887,790,excellent,88.89,89.06,74.84,33.8,92.14,81.6482,7.54,7,0,0,0,0,0,0,3,120240.3,0.0649,low,0.0
CUST008888,785,excellent,97.97,97.18,44.26,35.44,72.65,80.8885,5.66,1,2,0,0,0,0,0,1,194513.59,0.159,low,0.0
CUST008889,800,excellent,92.62,94.89,75.76,35.34,75.07,83.2898,9.21,7,2,0,0,0,0,0,6,94188.0,0.1057,low,0.0
CUST008890,806,excellent,90.66,97.83,45.73,70.65,93.9,84.3922,7.06,3,0,0,0,0,0,1,1,723687.82,0.6141,low,0.5
CUST008891,821,excellent,97.45,88.31,85.22,42.57,91.55,86.7976,2.4,15,0,0,0,0,0,0,5,25049.97,0.0962,low,0.0
CUST008892,834,excellent,95.4,89.2,72.27,94.52,86.11,89.0534,9.99,5,1,0,0,0,0,2,5,72227.89,0.901,low,0.2857
CUST008893,775,excellent,89.07,68.37,87.95,48.45,94.12,79.1375,35.23,19,0,0,0,0,0,1,6,164468.06,0.7335,low,0.1429
CUST008894,785,excellent,98.12,96.85,26.52,39.09,94.74,80.7575,5.22,0,0,0,0,0,0,0,3,17879.99,0.0374,low,0.0
CUST008895,822,excellent,94.63,79.83,88.61,74.88,91.56,87.0046,12.62,10,1,0,0,0,0,1,3,275614.97,0.4435,low,0.25
CUST008896,622,high_risk,46.76,39.78,92.64,45.56,69.83,53.736,57.4,20,2,3,0,0,0,0,6,171730.66,0.1256,low,0.0
CUST008897,817,excellent,95.95,93.51,55.81,62.77,99.31,86.2139,6.21,4,0,0,0,0,0,1,6,79422.87,0.578,low,0.1429
CUST008898,777,excellent,88.07,82.24,65.2,48.85,94.01,79.5651,13.73,6,0,0,0,0,0,0,1,51228.56,0.0511,low,0.0
CUST008899,851,excellent,99.29,95.19,97.04,42.28,98.21,91.9131,8.5,13,0,0,0,0,0,0,4,390995.13,0.0057,low,0.0
CUST008900,682,risky,42.63,90.13,79.5,48.11,49.87,63.6833,0.2,8,3,1,0,0,0,0,0,108006.69,0.1114,low,0.0
CUST008901,801,excellent,87.19,89.82,81.09,41.18,96.9,83.4326,10.27,9,0,0,0,0,0,0,7,69630.04,0.1485,low,0.0
CUST008902,780,excellent,90.26,82.71,86.5,47.66,59.34,80.0762,13.58,14,3,0,0,0,0,0,0,56351.08,0.1321,low,0.0
CUST008903,832,excellent,95.31,88.67,95.74,52.98,91.26,88.7446,8.67,12,0,0,0,0,0,1,2,146175.09,0.4679,low,0.3333
CUST008904,817,excellent,91.29,96.88,68.31,60.85,89.01,86.2454,2.34,6,1,0,0,0,0,2,1,206662.16,0.4194,low,0.6667
CUST008905,803,excellent,88.78,94.1,55.91,73.72,87.61,83.8217,9.72,4,1,0,0,0,0,1,1,63484.3,0.4017,low,0.5
CUST008906,805,excellent,94.4,77.0,98.71,44.38,87.44,84.1264,13.41,10,1,0,0,0,0,0,4,28704.57,0.0795,low,0.0
CUST008907,781,excellent,85.06,93.53,57.56,45.53,91.09,80.1258,2.73,2,0,0,0,0,0,0,5,613219.26,0.0766,low,0.0
CUST008908,790,excellent,94.19,99.9,38.22,43.28,87.48,81.7456,4.68,1,1,0,0,0,0,0,0,18797.33,0.0269,low,0.0
CUST008909,815,excellent,98.8,88.35,84.71,30.35,90.34,85.8597,2.46,8,0,0,0,0,0,0,4,31558.61,0.0802,low,0.0
CUST008910,788,excellent,96.05,75.06,76.61,54.37,83.0,81.3634,13.77,7,1,0,0,0,0,1,4,215527.18,0.5545,low,0.2
CUST008911,836,excellent,88.46,98.41,91.08,60.33,92.05,89.3833,7.62,11,0,0,0,0,0,1,0,176237.49,0.706,low,0.5
CUST008912,638,high_risk,20.04,83.17,76.15,37.69,91.75,56.3323,14.89,7,1,5,0,0,1,0,0,366511.44,0.6545,low,0.0
CUST008913,807,excellent,89.42,94.38,69.72,47.19,97.23,84.5115,1.83,5,0,0,0,0,0,0,4,66705.18,0.1325,low,0.0
CUST008914,624,high_risk,29.11,98.2,37.13,70.91,26.32,53.941,2.32,1,6,7,0,0,0,1,3,202297.55,1.9851,moderate,0.25
CUST008915,830,excellent,86.39,95.52,84.92,67.84,99.61,88.3736,9.14,5,0,0,0,0,0,1,7,231129.71,0.6761,low,0.125
CUST008916,813,excellent,90.23,88.24,84.18,48.57,99.67,85.5019,21.72,9,0,0,0,0,0,1,5,43469.9,0.9355,low,0.1667
CUST008917,758,excellent,92.82,89.84,18.65,41.35,99.78,76.347,7.19,0,0,0,0,0,0,0,3,342470.65,0.1132,low,0.0
CUST008918,779,excellent,92.4,97.93,23.98,48.0,97.24,79.8398,1.74,0,0,0,0,0,0,0,2,78279.24,0.1496,low,0.0
CUST008919,796,excellent,93.96,90.54,72.83,36.7,80.58,82.6982,8.94,8,1,0,0,0,0,0,0,89555.75,0.1249,low,0.0
CUST008920,820,excellent,92.43,89.68,85.15,46.75,99.88,86.6888,7.47,10,0,0,0,0,0,0,1,186591.88,0.0961,low,0.0
CUST008921,845,excellent,91.1,98.91,94.38,55.96,95.31,90.8433,7.65,17,0,0,0,0,0,1,7,241482.69,0.8084,low,0.125
CUST008922,824,excellent,98.05,99.38,75.31,31.99,87.17,87.3441,3.85,5,1,0,0,0,0,0,4,244629.34,0.0055,low,0.0
CUST008923,827,excellent,86.84,93.88,95.6,66.17,82.39,87.753,7.41,16,1,0,0,0,0,1,3,103190.83,0.8881,low,0.25
CUST008924,806,excellent,85.68,91.23,77.14,55.07,99.64,84.3955,5.75,7,0,0,0,0,0,2,7,19264.88,0.707,low,0.2222
CUST008925,828,excellent,90.49,87.02,87.42,75.81,95.32,88.0049,13.08,19,0,0,0,0,0,1,3,137222.57,0.4837,low,0.25
CUST008926,811,excellent,86.17,81.75,98.0,67.47,91.11,85.2422,12.7,13,0,0,0,0,0,1,0,69729.75,0.3543,low,0.5
CUST008927,849,excellent,95.19,99.01,97.58,44.54,94.56,91.5671,5.09,13,0,0,0,0,0,0,4,118311.29,0.0964,low,0.0
CUST008928,760,excellent,75.79,75.27,92.47,53.94,83.68,76.7387,10.2,17,1,0,0,0,0,1,7,72516.72,0.3731,low,0.125
CUST008929,790,excellent,85.77,88.89,58.47,70.86,91.41,81.6861,10.42,3,1,0,0,0,0,1,6,94750.74,0.7037,low,0.1429
CUST008930,603,high_risk,8.43,78.8,98.71,47.13,44.07,50.5187,11.18,20,6,7,1,0,1,0,2,101602.86,0.4612,low,0.0
CUST008931,748,good,44.33,97.98,95.88,63.28,90.87,74.7064,4.53,14,1,4,0,0,0,1,6,83162.72,0.8285,low,0.1429
CUST008932,831,excellent,97.53,86.14,86.61,56.53,98.3,88.4502,15.19,17,0,0,0,0,0,0,1,156024.4,0.0727,low,0.0
CUST008933,608,high_risk,16.7,98.45,70.13,30.93,23.84,51.3759,0.77,6,7,5,0,0,1,0,5,108455.03,0.5143,low,0.0
CUST008934,827,excellent,95.16,91.57,73.25,71.15,89.84,87.8642,6.07,8,1,0,0,0,0,1,6,128364.57,0.9387,low,0.1429
CUST008935,833,excellent,98.64,97.44,75.21,38.24,99.07,88.7669,0.14,5,0,0,0,0,0,0,7,149329.42,0.1391,low,0.0
CUST008936,608,high_risk,28.89,95.51,26.57,39.32,47.19,51.3991,5.18,0,4,5,0,0,1,0,3,54175.94,0.3627,low,0.0
CUST008937,630,high_risk,9.89,95.26,86.9,30.71,68.69,55.0107,7.47,19,2,7,1,0,1,0,5,174684.63,0.1742,low,0.0
CUST008938,755,excellent,66.6,99.35,79.76,30.08,77.05,75.7924,8.9,8,2,0,0,0,0,0,1,84487.85,0.1139,low,0.0
CUST008939,770,excellent,90.3,88.99,50.83,40.51,83.42,78.318,10.63,2,1,0,0,0,0,0,6,136596.9,0.1665,low,0.0
CUST008940,672,risky,26.8,97.55,99.31,44.09,41.01,62.0512,6.27,13,5,3,0,0,1,0,5,81801.97,0.1813,low,0.0
CUST008941,752,excellent,88.44,91.79,33.43,38.19,80.43,75.367,6.71,0,1,0,0,0,0,0,1,7005.89,0.0929,low,0.0
CUST008942,818,excellent,99.38,82.08,70.03,71.49,93.04,86.3617,13.34,5,0,0,0,0,0,1,7,31098.83,0.6661,low,0.125
CUST008943,578,high_risk,14.51,89.53,29.77,71.71,37.85,46.3606,6.23,0,5,8,0,0,0,1,2,93818.43,1.9013,moderate,0.3333
CUST008944,618,high_risk,17.96,99.2,63.32,35.55,39.28,53.0273,6.73,3,5,7,1,0,1,0,5,222109.68,0.1874,low,0.0
CUST008945,694,risky,52.32,95.26,46.81,49.37,67.95,65.6414,4.18,1,2,2,0,0,0,0,5,26232.78,0.1225,low,0.0
CUST008946,820,excellent,98.38,97.25,69.51,31.15,95.61,86.7085,3.49,9,0,0,0,0,0,0,1,1212113.03,0.002,low,0.0
CUST008947,837,excellent,75.42,99.33,97.48,88.36,98.12,89.4658,9.43,13,0,0,0,0,0,2,0,32033.5,0.7869,low,0.6667
CUST008948,581,high_risk,19.97,77.43,51.85,74.2,23.5,46.7658,12.31,2,5,8,0,0,0,1,6,620999.95,2.1823,moderate,0.1429
CUST008949,802,excellent,99.63,93.54,39.19,57.42,91.84,83.7369,3.17,1,0,0,0,0,0,1,5,384029.14,0.6814,low,0.1667
CUST008950,779,excellent,91.61,93.06,47.8,39.09,87.49,79.8104,2.01,2,1,0,0,0,0,0,2,193638.33,0.0848,low,0.0
CUST008951,812,excellent,93.66,90.47,75.39,55.62,85.88,85.3807,4.38,6,1,0,0,0,0,1,7,119182.48,0.8607,low,0.125
CUST008952,736,good,87.13,86.12,32.05,32.19,83.21,72.6769,10.48,0,1,0,0,0,0,0,4,226752.73,0.1133,low,0.0
CUST008953,610,high_risk,24.99,78.51,70.06,44.9,43.98,51.6976,12.3,7,3,3,1,0,1,0,7,105846.59,0.4032,low,0.0
CUST008954,827,excellent,89.03,94.95,84.38,71.3,84.62,87.8927,7.47,6,1,0,0,0,0,1,1,70953.95,0.4717,low,0.5
CUST008955,847,excellent,98.61,91.12,98.39,58.43,86.99,91.1476,6.04,14,1,0,0,0,0,1,2,247234.33,0.9644,low,0.3333
CUST008956,814,excellent,86.9,91.13,93.17,42.09,97.43,85.6806,4.88,15,0,0,0,0,0,0,0,112840.64,0.0304,low,0.0
CUST008957,829,excellent,93.68,98.51,85.27,39.2,91.71,88.2233,1.22,12,1,0,0,0,0,0,0,159619.16,0.0961,low,0.0
CUST008958,802,excellent,99.72,75.27,78.1,61.74,82.09,83.5845,12.06,5,1,0,0,0,0,1,1,102408.44,0.6946,low,0.5
CUST008959,828,excellent,96.95,98.56,63.17,65.97,84.67,88.0416,8.69,3,1,0,0,0,0,1,7,19212.24,0.7167,low,0.125
CUST008960,574,high_risk,1.86,90.33,53.89,44.95,53.73,45.7029,4.3,2,4,5,1,1,1,0,1,157731.05,0.6647,low,0.0
CUST008961,620,high_risk,25.36,98.87,38.26,41.66,48.5,53.2932,8.68,1,4,4,0,0,0,0,6,41844.87,0.1203,low,0.0
CUST008962,812,excellent,97.17,90.1,73.11,35.0,97.91,85.2998,4.75,5,0,0,0,0,0,0,4,251166.59,0.1418,low,0.0
CUST008963,834,excellent,88.28,95.56,92.54,72.01,83.89,89.035,5.16,14,1,0,0,0,0,1,0,125102.11,0.834,low,0.5
CUST008964,807,excellent,94.81,88.4,65.69,56.92,93.35,84.58,18.61,9,0,0,0,0,0,0,6,177312.51,0.0896,low,0.0
CUST008965,688,risky,57.61,90.24,39.3,49.19,65.37,64.5876,7.79,1,2,4,0,0,0,0,7,68369.66,0.1823,low,0.0
CUST008966,852,excellent,95.82,98.11,99.04,48.91,92.13,91.9283,6.82,11,0,0,0,0,0,1,5,61164.66,0.6958,low,0.1667
CUST008967,790,excellent,90.88,88.41,60.62,45.79,96.84,81.686,9.19,2,0,0,0,0,0,0,6,133005.21,0.0048,low,0.0
CUST008968,766,excellent,90.64,96.37,19.17,43.26,98.92,77.7287,2.27,0,0,0,0,0,0,0,4,159854.97,0.1615,low,0.0
CUST008969,833,excellent,95.43,96.19,74.48,62.53,90.78,88.7613,4.95,6,1,0,0,0,0,1,2,53545.54,0.8456,low,0.3333
CUST008970,787,excellent,95.55,88.86,45.24,48.16,94.76,81.1774,12.82,1,0,0,0,0,0,0,2,106978.01,0.0629,low,0.0
CUST008971,796,excellent,91.44,93.89,48.18,64.43,88.35,82.6747,1.35,3,1,0,0,0,0,1,1,153035.35,0.5471,low,0.5
CUST008972,746,good,66.77,89.71,79.76,30.42,89.92,74.2801,1.14,9,1,1,0,0,0,0,4,87693.85,0.0593,low,0.0
CUST008973,799,excellent,94.54,77.87,85.3,42.87,95.67,83.0972,12.58,15,0,0,0,0,0,0,7,110503.08,0.0335,low,0.0
CUST008974,770,excellent,91.57,81.93,58.07,33.04,96.29,78.2752,14.54,2,0,0,0,0,0,0,3,65281.79,0.014,low,0.0
CUST008975,763,excellent,97.05,82.01,32.33,42.17,95.59,77.1963,11.88,1,0,0,0,0,0,0,3,16305.62,0.0023,low,0.0
CUST008976,667,risky,25.4,91.78,94.08,37.47,68.89,61.1709,6.72,13,2,3,0,0,0,0,0,96402.32,0.211,low,0.0
CUST008977,644,high_risk,26.3,89.66,93.38,31.33,40.83,57.3262,8.37,12,3,4,0,0,0,0,3,98816.5,0.1517,low,0.0
CUST008978,785,excellent,98.64,77.01,68.25,37.92,91.94,80.8524,12.08,9,0,0,0,0,0,0,6,22701.11,0.0436,low,0.0
CUST008979,680,risky,40.28,95.94,69.5,33.05,66.76,63.2841,8.65,7,2,1,0,0,0,0,1,41079.32,0.1348,low,0.0
CUST008980,805,excellent,96.59,91.72,31.57,89.84,90.46,84.0881,7.88,1,0,0,0,0,0,3,5,49863.8,0.3404,low,0.375
CUST008981,796,excellent,89.4,88.75,81.04,40.98,84.37,82.6044,14.37,5,1,0,0,0,0,0,1,437665.14,0.0868,low,0.0
CUST008982,679,risky,42.15,92.04,86.88,30.2,47.05,63.1183,2.07,20,3,3,0,0,0,0,6,152131.94,0.0919,low,0.0
CUST008983,832,excellent,99.64,93.11,90.24,39.05,84.75,88.7224,3.05,14,1,0,0,0,0,0,0,47962.87,0.0553,low,0.0
CUST008984,634,high_risk,22.2,88.53,94.41,42.04,30.51,55.7473,7.92,15,5,3,1,0,1,0,3,207134.16,0.3893,low,0.0
CUST008985,629,high_risk,14.07,94.48,87.15,43.84,41.78,54.9025,1.46,11,3,6,1,0,1,0,4,25244.95,0.3531,low,0.0
CUST008986,797,excellent,86.38,94.19,63.83,65.17,82.29,82.8104,6.32,3,1,0,0,0,0,1,7,92913.2,0.8083,low,0.125
CUST008987,733,good,52.16,85.74,91.26,75.64,79.5,72.1801,11.32,15,2,3,0,0,0,1,4,166412.54,1.2701,low,0.2
CUST008988,825,excellent,89.65,96.14,91.83,42.35,93.44,87.5728,1.37,19,0,0,0,0,0,0,5,530557.04,0.0851,low,0.0
CUST008989,827,excellent,93.7,95.38,87.07,43.21,90.17,87.8069,1.8,18,1,0,0,0,0,0,4,58464.9,0.0103,low,0.0
CUST008990,757,excellent,93.4,77.83,49.72,40.5,85.8,76.1272,12.78,1,1,0,0,0,0,0,1,421829.49,0.1639,low,0.0
CUST008991,842,excellent,99.5,88.85,95.7,45.72,99.01,90.3067,0.8,11,0,0,0,0,0,0,5,223977.56,0.026,low,0.0
CUST008992,758,excellent,87.23,75.96,46.94,63.92,95.55,76.305,13.96,4,0,0,0,0,0,1,7,330215.82,0.9898,low,0.125
CUST008993,724,good,41.94,96.05,98.61,33.72,90.82,70.7383,3.11,15,1,4,0,0,0,0,3,18316.02,0.2034,low,0.0
CUST008994,772,excellent,93.95,86.58,41.51,40.95,95.01,78.6777,11.71,1,0,0,0,0,0,0,7,118756.68,0.0667,low,0.0
CUST008995,772,excellent,89.73,93.14,46.45,43.69,80.11,78.696,0.48,3,1,0,0,0,0,0,6,29341.64,0.0016,low,0.0
CUST008996,725,good,65.37,88.7,51.42,45.66,90.51,70.8181,7.57,3,0,0,0,0,0,0,7,29933.37,0.0684,low,0.0
CUST008997,610,high_risk,16.55,91.17,61.24,40.25,53.3,51.6853,8.35,2,4,5,0,0,1,0,2,261184.47,0.5181,low,0.0
CUST008998,812,excellent,90.85,76.45,99.29,60.14,96.27,85.267,10.93,19,0,0,0,0,0,1,4,284442.79,0.5955,low,0.2
CUST008999,753,excellent,85.26,80.28,45.45,54.5,93.14,75.5069,11.0,1,0,0,0,0,0,1,6,20506.82,0.9336,low,0.1429
CUST009000,824,excellent,95.97,93.87,61.62,69.65,94.16,87.3743,6.57,4,0,0,0,0,0,1,3,152753.48,0.9731,low,0.25
CUST009001,748,good,88.93,77.35,53.72,40.6,82.23,74.6702,10.8,4,1,0,0,0,0,0,5,99422.28,0.0082,low,0.0
CUST009002,821,excellent,98.09,89.94,81.8,48.45,83.38,86.7678,6.51,6,1,0,0,0,0,0,1,90387.53,0.1551,low,0.0
CUST009003,684,risky,60.56,78.74,48.26,40.24,79.9,64.0714,12.82,2,2,1,0,0,0,0,3,33026.04,0.0347,low,0.0
CUST009004,738,good,64.67,90.4,87.2,60.3,51.17,72.9812,5.23,19,4,4,0,0,0,1,6,50530.72,1.1823,low,0.1429
CUST009005,830,excellent,96.97,94.84,74.1,50.09,98.19,88.3348,9.43,7,0,0,0,0,0,1,2,842220.36,0.4294,low,0.3333
CUST009006,830,excellent,88.89,99.31,88.57,48.71,92.82,88.3437,4.82,11,0,0,0,0,0,0,6,213226.76,0.0388,low,0.0
CUST009007,719,good,86.52,78.09,20.36,34.64,96.22,69.8503,12.88,0,0,0,0,0,0,0,2,26068.29,0.1376,low,0.0
CUST009008,824,excellent,95.7,97.63,89.08,30.87,81.51,87.3842,0.31,10,1,0,0,0,0,0,6,53883.13,0.0707,low,0.0
CUST009009,830,excellent,97.51,96.54,83.8,36.38,91.09,88.407,9.75,7,1,0,0,0,0,0,0,83776.23,0.0528,low,0.0
CUST009010,778,excellent,93.78,89.01,36.84,49.49,96.38,79.6353,14.05,1,0,0,0,0,0,0,1,203742.84,0.1355,low,0.0
CUST009011,677,risky,57.72,78.99,50.36,42.06,72.56,62.9166,14.46,2,2,4,0,0,0,0,6,81991.17,0.0789,low,0.0
CUST009012,824,excellent,95.39,90.2,85.05,43.32,98.77,87.4104,3.51,16,0,0,0,0,0,0,6,50700.36,0.1267,low,0.0
CUST009013,644,high_risk,43.18,89.3,15.01,42.04,89.66,57.3226,9.06,0,1,3,0,0,0,0,7,185145.28,0.0584,low,0.0
CUST009014,694,risky,40.37,89.3,90.24,40.36,71.64,65.6557,0.14,16,2,1,0,0,0,0,3,25043.36,0.0138,low,0.0
CUST009015,752,excellent,87.17,92.84,17.69,49.0,93.51,75.266,2.82,0,0,0,0,0,0,0,4,84543.69,0.1143,low,0.0
CUST009016,787,excellent,87.35,92.15,65.64,34.05,96.17,81.086,6.83,6,0,0,0,0,0,0,3,238265.65,0.1339,low,0.0
CUST009017,819,excellent,90.95,96.55,92.71,45.28,73.46,86.5777,0.37,19,2,0,0,0,0,0,7,351443.49,0.1167,low,0.0
CUST009018,801,excellent,95.69,95.78,46.94,44.25,97.69,83.459,8.1,2,0,0,0,0,0,0,2,64477.36,0.1492,low,0.0
CUST009019,770,excellent,96.22,81.89,55.4,30.11,87.73,78.3402,11.28,4,1,0,0,0,0,0,5,5891.3,0.0657,low,0.0
CUST009020,786,excellent,92.02,92.06,66.33,33.97,77.89,80.9588,6.5,8,2,0,0,0,0,0,7,14717.34,0.1027,low,0.0
CUST009021,706,good,41.12,98.85,88.44,37.89,65.57,67.6588,8.24,10,2,1,0,0,0,0,0,225031.14,0.0293,low,0.0
CUST009022,705,good,55.39,90.9,80.34,42.37,45.34,67.4803,2.65,7,3,3,0,0,0,0,2,54777.12,0.1827,low,0.0
CUST009023,622,high_risk,21.77,81.6,78.04,68.08,39.76,53.5891,12.16,7,6,6,0,0,0,1,6,96232.14,1.937,moderate,0.1429
CUST009024,715,good,41.6,90.74,93.07,44.6,89.25,69.129,0.38,17,1,4,0,0,0,0,1,153915.74,0.0999,low,0.0
CUST009025,793,excellent,75.32,95.12,92.69,38.66,94.67,82.1333,2.88,10,0,0,0,0,0,0,7,201603.59,0.0131,low,0.0
CUST009026,676,risky,31.73,89.49,86.65,38.71,78.91,62.7133,10.26,12,2,2,0,0,0,0,1,129359.17,0.046,low,0.0
CUST009027,683,risky,50.06,77.0,61.91,49.38,89.95,63.8401,12.08,2,1,4,0,0,0,0,6,124625.48,0.0022,low,0.0
CUST009028,701,good,52.51,93.66,68.23,47.23,54.35,66.8669,8.27,8,4,2,0,0,0,0,4,102644.06,0.2491,low,0.0
CUST009029,694,risky,69.39,43.01,66.75,90.77,94.73,65.7492,59.72,8,0,1,0,0,0,1,2,84840.47,0.5182,low,0.3333
CUST009030,679,risky,51.31,65.05,93.17,53.76,63.13,63.1372,39.97,13,3,4,0,0,0,0,3,86792.35,0.2143,low,0.0
CUST009031,801,excellent,92.68,94.15,55.78,47.25,98.07,83.5824,9.6,2,0,0,0,0,0,1,1,135377.65,0.3868,low,0.5
CUST009032,783,excellent,87.99,97.14,53.9,45.45,80.12,80.5809,4.49,4,1,0,0,0,0,0,6,88529.46,0.0111,low,0.0
CUST009033,812,excellent,99.61,88.09,52.88,70.54,91.39,85.4135,9.99,3,0,0,0,0,0,1,0,151727.55,0.932,low,0.5
CUST009034,844,excellent,98.52,98.39,92.31,35.43,92.53,90.6423,9.28,12,0,0,0,0,0,0,4,115169.7,0.166,low,0.0
CUST009035,717,good,44.45,93.83,93.87,49.21,67.33,69.4405,6.12,13,2,2,0,0,0,0,6,60518.24,0.1108,low,0.0
CUST009036,834,excellent,89.13,91.17,85.53,77.36,99.46,89.057,6.7,17,0,0,0,0,0,1,6,83097.58,0.4024,low,0.1429
CUST009037,807,excellent,85.55,88.48,93.65,48.76,91.52,84.5611,10.14,18,0,0,0,0,0,0,3,82966.04,0.1179,low,0.0
CUST009038,793,excellent,88.64,97.77,61.7,35.84,89.65,82.1581,8.29,3,1,0,0,0,0,0,5,75267.56,0.0369,low,0.0
CUST009039,662,risky,57.53,80.75,39.23,38.83,61.37,60.2656,10.25,1,3,1,0,0,0,0,5,127161.18,0.1188,low,0.0
CUST009040,542,high_risk,8.63,76.65,41.29,36.71,44.47,40.328,13.74,1,5,2,1,1,1,0,7,330826.06,0.295,low,0.0
CUST009041,774,excellent,86.35,88.24,36.06,72.67,95.6,78.9289,9.7,1,0,0,0,0,0,1,7,60291.62,0.9356,low,0.125
CUST009042,724,good,73.41,88.07,36.09,40.62,90.21,70.6098,11.67,1,0,1,0,0,0,0,6,171693.75,0.1306,low,0.0
CUST009043,807,excellent,91.69,88.33,70.8,57.13,95.96,84.5196,11.51,5,0,0,0,0,0,1,5,243382.07,0.9677,low,0.1667
CUST009044,676,risky,61.13,87.52,21.6,74.07,43.26,62.6266,12.34,0,4,4,0,0,0,1,3,323308.11,0.8077,low,0.25
CUST009045,816,excellent,92.31,89.25,83.1,64.43,80.21,86.0148,6.08,5,1,0,0,0,0,1,0,73735.82,0.5619,low,0.5
CUST009046,825,excellent,93.54,86.89,86.81,59.83,96.44,87.4553,13.11,20,0,0,0,0,0,1,5,16706.01,0.4406,low,0.1667
CUST009047,828,excellent,98.99,91.91,66.09,63.09,96.35,88.0755,0.96,9,0,0,0,0,0,1,3,42624.95,0.563,low,0.25
CUST009048,814,excellent,90.63,89.4,82.89,57.25,89.81,85.68,3.95,8,1,0,0,0,0,1,5,22220.04,0.8119,low,0.1667
CUST009049,829,excellent,98.44,92.26,84.35,36.63,96.96,88.1411,1.97,5,0,0,0,0,0,0,5,87649.7,0.1614,low,0.0
CUST009050,772,excellent,92.94,82.6,49.17,43.98,95.27,78.6096,14.89,1,0,0,0,0,0,0,5,50322.59,0.1371,low,0.0
CUST009051,821,excellent,99.29,94.66,45.92,77.22,91.55,86.9141,1.96,3,1,0,0,0,0,1,7,50674.8,0.5481,low,0.125
CUST009052,624,high_risk,30.31,89.01,27.11,35.17,90.64,53.9594,6.26,0,1,4,0,0,0,0,6,71585.32,0.2378,low,0.0
CUST009053,745,good,87.04,76.17,45.85,44.5,95.26,74.1686,12.01,2,0,0,0,0,0,0,5,378292.74,0.0821,low,0.0
CUST009054,850,excellent,97.14,92.23,94.9,58.67,99.6,91.7306,9.18,15,0,0,0,0,0,1,4,505869.02,0.4218,low,0.2
CUST009055,810,excellent,99.95,88.9,54.38,59.19,92.2,84.9456,4.15,4,0,0,0,0,0,1,2,80307.84,0.805,low,0.3333
CUST009056,546,high_risk,2.6,91.6,31.47,38.86,40.3,41.0264,1.18,1,4,5,1,1,1,0,1,197632.07,0.3435,low,0.0
CUST009057,804,excellent,87.54,84.03,80.96,59.91,99.36,83.9217,14.29,8,0,0,0,0,0,0,4,122214.69,0.0012,low,0.0
CUST009058,810,excellent,91.01,98.21,89.55,34.89,67.59,84.9966,6.5,18,2,0,0,0,0,0,4,59427.44,0.012,low,0.0
CUST009059,719,good,50.66,99.61,82.81,30.12,67.3,69.7771,3.79,7,2,2,0,0,0,0,5,43999.66,0.0566,low,0.0
CUST009060,618,high_risk,41.64,75.85,23.02,40.36,82.55,53.0718,14.27,0,1,3,0,0,0,0,1,63881.53,0.0886,low,0.0
CUST009061,812,excellent,92.4,95.19,77.14,33.17,95.87,85.3754,3.15,6,0,0,0,0,0,0,3,154626.32,0.0438,low,0.0
CUST009062,809,excellent,93.59,89.65,72.24,45.24,98.98,84.9112,4.3,8,0,0,0,0,0,1,2,83898.82,0.4839,low,0.3333
CUST009063,639,high_risk,50.95,34.01,90.06,63.87,85.01,56.4318,61.47,14,1,4,0,0,0,0,1,110104.92,0.1011,low,0.0
CUST009064,615,high_risk,15.57,90.92,73.89,44.66,42.4,52.5143,7.26,7,4,7,0,0,1,0,6,18537.87,0.2476,low,0.0
CUST009065,804,excellent,94.52,89.82,72.35,43.34,88.62,84.078,12.95,5,1,0,0,0,0,0,7,137202.13,0.1531,low,0.0
CUST009066,748,good,92.9,77.45,46.19,35.04,85.6,74.7423,10.58,2,1,0,0,0,0,0,4,142624.29,0.0587,low,0.0
CUST009067,843,excellent,92.78,98.82,96.96,46.8,91.88,90.5318,2.33,13,0,0,0,0,0,0,7,28539.69,0.041,low,0.0
CUST009068,796,excellent,89.26,97.77,60.18,35.48,95.16,82.6635,3.94,2,0,0,0,0,0,0,0,72136.61,0.0608,low,0.0
CUST009069,757,excellent,77.54,81.22,79.08,34.57,93.43,76.1661,10.29,6,0,1,0,0,0,0,0,65580.41,0.069,low,0.0
CUST009070,814,excellent,90.01,94.08,79.05,48.23,92.18,85.6263,3.68,6,0,0,0,0,0,0,6,72180.6,0.0785,low,0.0
CUST009071,848,excellent,98.7,84.41,92.42,77.47,99.38,91.416,13.92,19,0,0,0,0,0,1,4,83548.49,0.7619,low,0.2
CUST009072,804,excellent,98.93,98.87,57.12,35.72,75.94,84.023,6.02,2,2,0,0,0,0,0,0,235608.86,0.104,low,0.0
CUST009073,812,excellent,87.93,86.44,99.57,39.89,97.0,85.3327,14.43,11,0,0,0,0,0,0,4,55479.16,0.0319,low,0.0
CUST009074,644,high_risk,27.26,88.37,89.8,36.74,40.75,57.2699,3.54,12,4,4,0,0,0,0,0,71234.16,0.1687,low,0.0
CUST009075,818,excellent,96.17,92.33,69.88,52.21,92.67,86.329,3.24,8,0,0,0,0,0,1,5,300855.88,0.9914,low,0.1667
CUST009076,689,risky,52.74,89.54,68.65,30.2,62.12,64.8501,3.64,9,3,4,0,0,0,0,1,47369.96,0.0565,low,0.0
CUST009077,786,excellent,92.0,95.23,42.85,45.0,93.5,81.0457,0.22,1,0,0,0,0,0,0,1,82299.27,0.1497,low,0.0
CUST009078,688,risky,49.65,75.07,82.48,69.95,54.22,64.6874,10.99,5,3,4,0,0,0,1,1,298554.29,0.8092,low,0.5
CUST009079,712,good,68.84,79.82,45.45,47.51,90.35,68.6421,12.15,2,0,0,0,0,0,1,3,247268.01,0.7325,low,0.25
CUST009080,830,excellent,95.64,99.93,74.31,46.77,91.29,88.4064,2.37,5,1,0,0,0,0,1,3,103599.58,0.8698,low,0.25
CUST009081,766,excellent,86.86,89.59,45.53,40.4,95.05,77.651,11.63,1,0,0,0,0,0,0,3,71074.5,0.0441,low,0.0
CUST009082,780,excellent,85.06,80.73,77.46,60.47,82.96,79.9519,13.62,9,1,0,0,0,0,1,0,302356.04,0.3563,low,0.5
CUST009083,797,excellent,95.16,86.9,92.87,30.13,65.73,82.8925,10.13,17,2,0,0,0,0,0,2,67411.62,0.0825,low,0.0
CUST009084,752,excellent,87.53,94.17,28.72,40.55,80.01,75.2502,4.53,0,1,0,0,0,0,0,0,266964.56,0.1275,low,0.0
CUST009085,814,excellent,98.04,79.85,69.98,74.0,94.78,85.6428,15.53,5,0,0,0,0,0,1,4,229321.58,0.4932,low,0.2
CUST009086,852,excellent,95.57,95.5,94.12,66.23,92.44,92.083,1.8,13,0,0,0,0,0,1,3,78133.57,0.7125,low,0.25
CUST009087,780,excellent,91.79,93.67,50.73,38.62,82.9,79.9891,9.01,3,1,0,0,0,0,0,7,121279.27,0.1001,low,0.0
CUST009088,851,excellent,96.24,98.67,83.67,65.84,94.68,91.8867,5.8,7,0,0,0,0,0,1,3,334179.93,0.7923,low,0.25
CUST009089,790,excellent,88.37,89.51,71.56,47.14,84.12,81.6444,2.4,6,1,0,0,0,0,0,1,39772.63,0.0693,low,0.0
CUST009090,663,risky,49.63,75.13,62.35,43.74,69.44,60.5782,12.07,2,2,4,0,0,0,0,1,10613.7,0.2371,low,0.0
CUST009091,788,excellent,90.61,83.8,70.7,41.21,98.06,81.3865,11.41,8,0,0,0,0,0,0,6,77324.12,0.1303,low,0.0
CUST009092,724,good,56.2,96.38,63.01,60.92,65.45,70.6701,8.51,3,2,1,0,0,0,1,5,57980.2,0.852,low,0.1667
CUST009093,783,excellent,91.96,91.02,48.3,46.93,90.34,80.4657,7.85,4,0,0,0,0,0,1,0,344032.71,0.6413,low,0.5
CUST009094,843,excellent,96.9,96.61,85.06,47.88,99.95,90.4393,4.78,14,0,0,0,0,0,0,7,95926.39,0.1159,low,0.0
CUST009095,782,excellent,92.99,89.08,60.5,39.53,80.62,80.3605,5.92,2,1,0,0,0,0,0,1,253614.19,0.0208,low,0.0
CUST009096,788,excellent,87.06,90.82,77.43,32.42,88.25,81.3988,8.53,5,1,0,0,0,0,0,6,70442.44,0.0448,low,0.0
CUST009097,709,good,45.27,90.81,58.16,64.02,99.42,68.1547,0.23,3,0,2,0,0,0,1,2,48268.34,0.9145,low,0.3333
CUST009098,816,excellent,95.45,77.41,87.04,64.9,98.65,86.0396,11.83,13,0,0,0,0,0,1,5,14078.02,0.4,low,0.1667
CUST009099,766,excellent,90.67,91.59,30.88,41.54,96.15,77.6134,3.31,0,0,0,0,0,0,0,7,98368.04,0.0129,low,0.0
CUST009100,685,risky,32.34,95.12,74.88,69.35,72.09,64.2329,3.09,8,2,2,0,0,0,1,5,183317.92,1.0105,low,0.1667
CUST009101,822,excellent,92.81,93.92,64.94,73.83,91.72,86.9539,4.31,4,1,0,0,0,0,1,5,196679.08,0.4426,low,0.1667
CUST009102,805,excellent,93.52,96.9,38.25,66.89,98.86,84.1138,8.08,1,0,0,0,0,0,2,2,110897.09,0.9789,low,0.5
CUST009103,801,excellent,75.47,94.68,89.41,61.83,91.06,83.5181,3.86,13,0,0,0,0,0,1,4,108232.72,0.5916,low,0.2
CUST009104,777,excellent,89.5,89.96,45.78,48.88,93.83,79.4501,12.04,1,0,0,0,0,0,1,4,387751.86,0.5484,low,0.2
CUST009105,806,excellent,94.48,75.73,81.63,78.54,84.45,84.3293,13.97,6,1,0,0,0,0,1,2,55866.6,0.5521,low,0.3333
CUST009106,823,excellent,95.35,91.41,79.56,47.83,97.1,87.2205,4.11,8,0,0,0,0,0,1,0,252362.26,0.5678,low,0.5
CUST009107,751,excellent,71.52,88.34,47.91,69.07,95.29,75.1563,0.23,2,0,0,0,0,0,1,7,146124.13,0.9757,low,0.125
CUST009108,824,excellent,88.97,94.93,91.39,48.43,90.79,87.2528,0.38,11,0,0,0,0,0,0,5,125784.24,0.0579,low,0.0
CUST009109,742,good,77.62,69.95,68.06,60.98,92.25,73.6819,39.74,8,0,0,0,0,0,1,0,313030.24,0.3931,low,0.5
CUST009110,688,risky,49.98,76.18,70.33,69.65,78.48,64.7092,12.63,6,2,3,0,0,0,1,6,149094.9,1.4417,low,0.1429
CUST009111,761,excellent,96.52,82.52,25.34,46.34,99.1,76.8831,10.51,0,0,0,0,0,0,0,7,41728.13,0.0301,low,0.0
CUST009112,828,excellent,96.97,94.73,67.4,61.38,93.45,87.9515,7.35,5,0,0,0,0,0,1,4,58397.12,0.4514,low,0.2
CUST009113,739,good,64.32,76.53,95.87,41.99,90.5,73.1013,10.79,11,0,3,0,0,0,0,4,76838.01,0.2132,low,0.0
CUST009114,794,excellent,95.23,90.29,46.4,51.85,97.22,82.283,7.2,2,0,0,0,0,0,1,2,47595.86,0.6514,low,0.3333
CUST009115,799,excellent,90.78,93.99,70.5,60.04,66.04,83.1538,4.87,5,2,0,0,0,0,1,0,56648.47,0.8567,low,0.5
CUST009116,790,excellent,99.72,60.25,85.96,63.48,95.12,81.731,38.47,18,0,0,0,0,0,0,7,82118.0,0.1353,low,0.0
CUST009117,799,excellent,93.66,89.45,61.65,52.4,90.6,83.1635,14.82,2,0,0,0,0,0,1,0,51411.67,0.4944,low,0.5
CUST009118,840,excellent,98.53,89.94,91.15,50.35,98.93,90.0689,9.34,10,0,0,0,0,0,1,3,305955.07,0.9439,low,0.25
CUST009119,605,high_risk,12.2,90.04,66.28,40.46,54.85,50.7545,0.96,6,4,7,1,1,1,0,0,98063.28,0.3524,low,0.0
CUST009120,841,excellent,97.76,92.32,95.07,43.85,96.38,90.1929,4.81,15,0,0,0,0,0,0,3,15361.54,0.14,low,0.0
CUST009121,744,good,74.0,75.25,78.61,45.97,91.63,74.0288,10.3,6,1,1,0,0,0,0,0,80228.79,0.0209,low,0.0
CUST009122,840,excellent,88.05,89.34,98.76,76.09,99.16,89.957,0.71,16,0,0,0,0,0,1,1,85211.13,0.9858,low,0.5
CUST009123,744,good,64.26,86.9,94.5,47.37,64.51,73.9238,12.52,13,4,1,0,0,0,0,0,220664.83,0.0301,low,0.0
CUST009124,830,excellent,95.89,94.9,91.19,39.08,87.05,88.3232,7.64,20,1,0,0,0,0,0,5,121834.31,0.0779,low,0.0
CUST009125,780,excellent,85.67,89.28,52.66,62.18,90.95,79.9788,9.45,2,0,0,0,0,0,1,3,42322.67,0.3415,low,0.25
CUST009126,799,excellent,85.17,98.03,65.57,55.03,85.45,83.1003,3.6,8,1,0,0,0,0,2,3,35343.02,0.3523,low,0.4
CUST009127,830,excellent,93.09,98.95,87.93,62.61,65.7,88.2879,7.95,20,2,0,0,0,0,1,0,81730.04,0.336,low,0.5
CUST009128,849,excellent,98.5,96.39,95.79,45.45,91.21,91.4268,6.82,19,0,0,0,0,0,0,1,77483.1,0.0163,low,0.0
CUST009129,829,excellent,90.47,93.21,98.73,43.97,93.5,88.1834,7.25,10,0,0,0,0,0,0,3,120638.48,0.1343,low,0.0
CUST009130,575,high_risk,12.36,89.2,32.42,66.39,42.07,45.7942,5.5,0,4,5,0,0,0,1,7,45182.77,2.1313,moderate,0.125
CUST009131,614,high_risk,10.88,98.36,80.9,32.27,36.62,52.3375,4.03,9,5,5,1,1,1,0,7,101748.11,0.2052,low,0.0
CUST009132,635,high_risk,16.3,96.35,72.9,43.46,59.95,55.8862,6.23,9,3,6,0,0,1,0,5,157673.29,0.2516,low,0.0
CUST009133,794,excellent,89.4,78.28,88.72,48.55,93.66,82.3029,24.17,14,0,0,0,0,0,1,7,53104.24,0.8944,low,0.125
CUST009134,813,excellent,99.16,88.69,69.92,56.21,80.86,85.5104,12.42,6,1,0,0,0,0,1,4,145718.32,0.6237,low,0.2
CUST009135,826,excellent,97.12,77.26,91.55,76.96,91.37,87.7367,13.18,15,0,0,0,0,0,1,4,105427.97,0.6468,low,0.2
CUST009136,815,excellent,90.79,94.14,83.68,48.6,84.53,85.8874,5.4,7,1,0,0,0,0,1,7,210712.76,0.5825,low,0.125
CUST009137,807,excellent,85.95,97.15,90.86,30.09,85.71,84.4383,6.09,15,1,0,0,0,0,0,6,204798.94,0.1153,low,0.0
CUST009138,809,excellent,96.87,94.07,65.99,30.16,97.16,84.7562,0.53,9,0,0,0,0,0,0,3,27314.34,0.1389,low,0.0
CUST009139,815,excellent,99.82,89.73,83.14,33.27,81.29,85.783,11.28,5,1,0,0,0,0,0,7,220624.9,0.0123,low,0.0
CUST009140,822,excellent,90.5,98.13,53.82,87.79,90.83,87.0491,7.79,2,0,0,0,0,0,2,3,324536.59,0.4587,low,0.4
CUST009141,673,risky,42.37,80.34,72.4,39.32,85.1,62.2364,14.48,6,1,3,0,0,0,0,3,72524.71,0.1936,low,0.0
CUST009142,756,excellent,94.62,83.99,31.89,34.81,94.56,76.0321,10.05,0,0,0,0,0,0,0,3,92523.64,0.0898,low,0.0
CUST009143,844,excellent,99.78,96.02,68.46,76.83,90.61,90.7402,7.38,7,0,0,0,0,0,1,3,71408.7,0.5276,low,0.25
CUST009144,809,excellent,88.87,88.08,93.13,40.6,92.8,84.8385,2.64,16,0,0,0,0,0,0,0,48335.09,0.1626,low,0.0
CUST009145,834,excellent,94.75,94.34,91.7,45.88,92.18,89.0256,9.5,13,0,0,0,0,0,0,0,114449.39,0.1531,low,0.0
CUST009146,853,excellent,98.35,98.1,85.69,68.01,86.61,92.1684,6.1,19,1,0,0,0,0,1,5,53880.71,0.7491,low,0.1667
CUST009147,622,high_risk,12.71,91.06,88.81,35.8,50.05,53.6724,1.09,20,3,3,0,1,1,0,6,22103.79,0.609,low,0.0
CUST009148,725,good,79.4,92.99,22.28,35.56,82.31,70.8165,0.05,0,1,0,0,0,0,0,2,171392.12,0.1295,low,0.0
CUST009149,751,excellent,74.69,93.78,51.97,35.85,95.62,75.2181,9.77,2,0,1,0,0,0,0,2,148287.85,0.0946,low,0.0
CUST009150,776,excellent,94.59,82.57,34.83,71.79,90.33,79.3142,13.88,1,0,0,0,0,0,1,6,42807.44,0.5923,low,0.1429
CUST009151,839,excellent,98.05,99.52,95.55,45.82,67.71,89.8618,8.91,11,2,0,0,0,0,0,3,21278.95,0.0228,low,0.0
CUST009152,657,risky,15.75,99.82,97.01,46.37,48.85,59.5318,3.71,20,4,3,0,0,1,0,3,192839.86,0.4462,low,0.0
CUST009153,749,good,86.02,99.97,33.41,31.29,65.48,74.7869,0.88,1,2,0,0,0,0,0,6,77333.84,0.0477,low,0.0
CUST009154,686,risky,52.22,78.85,73.79,43.22,70.2,64.3421,11.76,6,2,4,0,0,0,0,5,67946.4,0.1301,low,0.0
CUST009155,624,high_risk,27.29,79.69,93.97,38.83,26.28,54.0646,13.72,16,6,7,0,0,0,0,6,24924.62,0.2474,low,0.0
CUST009156,627,high_risk,29.04,92.43,44.37,34.24,65.27,54.499,9.21,1,2,2,0,0,0,0,1,250881.13,0.1572,low,0.0
CUST009157,787,excellent,86.53,85.27,78.48,40.28,94.95,81.162,12.29,8,0,0,0,0,0,0,0,16867.08,0.1142,low,0.0
CUST009158,801,excellent,93.06,78.91,84.23,46.74,99.85,83.5388,11.34,9,0,0,0,0,0,0,1,351664.46,0.0507,low,0.0
CUST009159,685,risky,31.6,89.15,88.58,41.66,89.47,64.2026,1.57,11,1,2,0,0,0,0,3,27320.29,0.151,low,0.0
CUST009160,800,excellent,93.44,88.23,70.0,37.15,98.93,83.2801,13.74,8,0,0,0,0,0,0,5,48192.68,0.0594,low,0.0
CUST009161,808,excellent,85.01,91.94,95.11,40.42,90.88,84.7329,4.21,15,0,0,0,0,0,0,5,62090.51,0.151,low,0.0
CUST009162,603,high_risk,25.04,81.36,44.71,33.29,72.78,50.4845,13.37,1,2,6,0,0,1,0,6,367205.87,0.4418,low,0.0
CUST009163,804,excellent,91.7,94.56,63.73,49.67,90.45,84.0332,6.94,4,1,0,0,0,0,0,0,62236.15,0.0627,low,0.0
CUST009164,835,excellent,94.07,96.9,87.49,46.24,94.72,89.2127,9.59,14,0,0,0,0,0,0,5,65252.58,0.0283,low,0.0
CUST009165,700,good,55.24,92.19,51.52,47.91,71.22,66.635,7.74,2,2,4,0,0,0,0,2,26982.1,0.1838,low,0.0
CUST009166,771,excellent,86.52,95.16,49.56,30.56,91.67,78.4864,4.37,4,0,0,0,0,0,0,2,57028.6,0.1597,low,0.0
CUST009167,796,excellent,99.13,78.23,83.09,36.25,84.04,82.6553,12.45,6,1,0,0,0,0,0,6,192089.73,0.0217,low,0.0
CUST009168,631,high_risk,10.5,84.77,89.87,36.45,89.28,55.1606,12.16,10,1,4,0,0,1,0,4,241362.21,0.607,low,0.0
CUST009169,817,excellent,88.03,98.63,85.16,48.44,81.61,86.1781,9.61,10,1,0,0,0,0,0,1,155558.57,0.0664,low,0.0
CUST009170,804,excellent,91.18,94.05,66.49,41.81,96.79,83.9614,7.41,5,0,0,0,0,0,0,2,28491.36,0.1053,low,0.0
CUST009171,761,excellent,75.5,76.15,92.89,42.01,94.8,76.8845,14.61,15,0,0,0,0,0,0,0,329664.0,0.0111,low,0.0
CUST009172,837,excellent,88.53,94.73,96.85,61.34,93.83,89.4513,2.02,12,0,0,0,0,0,1,3,438786.97,0.3934,low,0.25
CUST009173,813,excellent,94.94,94.52,74.68,47.31,79.23,85.4396,2.8,9,2,0,0,0,0,1,3,370139.54,0.5073,low,0.25
CUST009174,792,excellent,94.01,98.84,34.63,49.4,92.97,81.9888,3.86,1,0,0,0,0,0,0,4,229297.28,0.0421,low,0.0
CUST009175,824,excellent,99.72,88.59,92.83,31.24,87.33,87.2605,4.68,17,1,0,0,0,0,0,0,33689.86,0.1576,low,0.0
CUST009176,801,excellent,94.08,82.94,74.1,47.79,98.45,83.5476,13.41,8,0,0,0,0,0,0,0,84650.3,0.0977,low,0.0
CUST009177,796,excellent,85.03,92.9,75.92,41.06,94.86,82.6094,3.06,8,0,0,0,0,0,0,6,469152.8,0.1388,low,0.0
CUST009178,825,excellent,89.36,93.88,90.69,48.39,95.72,87.4543,7.09,17,0,0,0,0,0,1,6,71416.42,0.8212,low,0.1429
CUST009179,729,good,58.44,92.11,76.8,30.43,88.98,71.5483,4.58,7,1,2,0,0,0,0,0,225698.2,0.0676,low,0.0
CUST009180,826,excellent,96.8,94.06,91.83,47.28,71.12,87.7117,5.06,14,2,0,0,0,0,1,5,45998.46,0.7047,low,0.1667
CUST009181,790,excellent,97.79,98.22,35.59,40.13,86.73,81.7165,9.51,1,1,0,0,0,0,0,6,250439.78,0.0766,low,0.0
CUST009182,817,excellent,93.72,77.2,89.47,77.04,90.77,86.1631,14.08,16,0,0,0,0,0,1,7,20105.73,0.9836,low,0.125
CUST009183,752,excellent,77.99,79.98,70.03,45.97,89.35,75.3248,12.69,9,1,0,0,0,0,1,7,61516.73,0.9184,low,0.125
CUST009184,826,excellent,93.08,90.86,86.19,49.65,99.16,87.6434,2.66,20,0,0,0,0,0,0,3,202794.49,0.0609,low,0.0
CUST009185,870,excellent,99.4,96.8,98.17,74.14,90.86,95.0557,4.58,10,1,0,0,0,0,1,1,236689.68,0.4117,low,0.5
CUST009186,852,excellent,93.17,99.15,79.76,91.98,84.89,92.0039,9.57,6,1,0,0,0,0,2,6,67339.95,0.5784,low,0.25
CUST009187,768,excellent,95.67,81.08,47.38,34.46,96.59,78.0184,14.48,2,0,0,0,0,0,0,2,52789.24,0.0508,low,0.0
CUST009188,609,high_risk,1.69,94.37,95.81,39.2,42.76,51.4724,2.19,10,4,4,1,1,1,0,2,233607.24,0.2182,low,0.0
CUST009189,791,excellent,99.41,79.15,79.67,38.53,75.19,81.8604,11.4,8,2,0,0,0,0,0,4,45112.89,0.032,low,0.0
CUST009190,798,excellent,86.65,88.99,84.58,38.91,94.24,83.0256,3.11,5,0,0,0,0,0,0,3,34516.78,0.1417,low,0.0
CUST009191,684,risky,54.84,93.76,27.03,41.37,84.61,63.9772,8.05,0,1,1,0,0,0,0,1,149437.42,0.0006,low,0.0
CUST009192,648,high_risk,14.09,88.39,93.67,77.73,58.12,58.0812,8.46,15,4,3,0,0,0,1,3,81752.94,1.5268,moderate,0.25
CUST009193,813,excellent,87.28,90.3,88.68,46.44,99.44,85.5274,8.17,14,0,0,0,0,0,1,1,120559.51,0.4258,low,0.5
CUST009194,812,excellent,87.85,95.34,89.42,31.19,93.82,85.2626,1.49,20,0,0,0,0,0,0,7,69244.88,0.0046,low,0.0
CUST009195,605,high_risk,14.04,97.34,37.26,70.65,51.41,50.9115,8.81,1,3,5,0,0,0,1,7,70295.81,1.8904,moderate,0.125
CUST009196,812,excellent,95.42,81.93,88.85,48.84,91.82,85.369,10.35,11,0,0,0,0,0,0,7,99189.67,0.0591,low,0.0
CUST009197,650,risky,43.35,49.09,89.41,60.68,88.96,58.2748,54.18,13,1,4,0,0,0,0,7,66612.31,0.1588,low,0.0
CUST009198,786,excellent,99.33,90.14,51.93,31.85,82.33,81.014,4.14,3,1,0,0,0,0,0,2,144566.85,0.045,low,0.0
CUST009199,720,good,77.11,90.32,29.6,32.09,82.19,69.9541,1.52,0,1,0,0,0,0,0,4,437000.09,0.1087,low,0.0
CUST009200,742,good,75.24,65.18,97.21,48.61,83.01,73.6285,35.78,15,1,0,0,0,0,0,4,252412.04,0.0443,low,0.0
CUST009201,603,high_risk,10.68,81.14,96.52,33.82,45.38,50.4768,14.12,10,4,4,1,1,1,0,4,44601.97,0.6102,low,0.0
CUST009202,812,excellent,89.85,87.31,71.88,77.85,90.86,85.2949,10.85,9,0,0,0,0,0,2,4,254124.36,0.6894,low,0.3333
CUST009203,754,excellent,93.85,94.52,10.02,31.34,98.96,75.7376,1.87,0,0,0,0,0,0,0,2,231571.09,0.042,low,0.0
CUST009204,850,excellent,94.32,94.22,98.21,64.55,91.87,91.6526,6.31,10,0,0,0,0,0,1,3,96446.65,0.4888,low,0.25
CUST009205,765,excellent,96.21,60.12,85.6,46.04,82.66,77.42,32.33,14,1,0,0,0,0,0,5,45129.84,0.1601,low,0.0
CUST009206,734,good,52.74,88.08,96.87,61.97,77.01,72.3094,1.6,17,2,2,0,0,0,1,5,174863.76,1.3858,low,0.1667
CUST009207,846,excellent,92.06,99.21,99.08,42.87,98.21,90.9536,0.99,11,0,0,0,0,0,0,3,113682.6,0.0993,low,0.0
CUST009208,816,excellent,86.0,87.42,91.18,62.85,96.78,85.9676,11.23,15,0,0,0,0,0,1,0,272889.59,0.7206,low,0.5
CUST009209,852,excellent,93.95,97.06,98.42,63.74,88.47,91.9862,0.45,11,1,0,0,0,0,1,4,238446.33,0.536,low,0.2
CUST009210,740,good,48.28,96.46,90.65,48.53,90.67,73.352,6.26,11,1,1,0,0,0,0,4,81365.96,0.1261,low,0.0
CUST009211,837,excellent,93.29,89.12,97.81,59.97,94.78,89.5321,11.31,20,0,0,0,0,0,1,2,34903.02,0.7184,low,0.3333
CUST009212,727,good,51.94,89.27,97.29,33.96,82.27,71.1771,10.42,13,1,3,0,0,0,0,6,47002.53,0.0542,low,0.0
CUST009213,841,excellent,94.15,98.79,97.38,47.59,82.81,90.2385,6.41,19,1,0,0,0,0,0,2,86124.19,0.0798,low,0.0
CUST009214,818,excellent,85.12,92.7,88.31,56.07,98.31,86.2889,5.14,12,0,0,0,0,0,2,4,106587.31,0.5108,low,0.3333
CUST009215,841,excellent,99.38,97.21,72.7,58.93,94.4,90.1851,0.33,8,0,0,0,0,0,1,0,78776.42,0.4692,low,0.5
CUST009216,811,excellent,89.31,76.79,97.92,66.98,94.35,85.1179,11.31,14,0,0,0,0,0,1,7,93675.2,0.5482,low,0.125
CUST009217,790,excellent,91.44,88.37,74.72,34.35,84.43,81.5992,4.62,6,1,0,0,0,0,0,3,307527.08,0.1252,low,0.0
CUST009218,729,good,74.53,78.76,65.4,42.32,77.59,71.515,11.96,9,2,1,0,0,0,0,7,100202.29,0.0497,low,0.0
CUST009219,778,excellent,72.37,89.85,92.54,48.17,86.16,79.6007,1.69,17,1,0,0,0,0,0,2,52721.62,0.0498,low,0.0
CUST009220,772,excellent,70.21,86.74,90.81,44.26,99.87,78.6303,10.95,15,0,0,0,0,0,0,3,69159.95,0.0072,low,0.0
CUST009221,820,excellent,99.81,98.03,62.65,40.46,89.16,86.7034,6.45,2,1,0,0,0,0,0,1,106034.59,0.1554,low,0.0
CUST009222,721,good,45.24,94.37,71.44,63.7,89.03,70.1321,2.51,7,1,4,0,0,0,1,7,99032.7,0.9792,low,0.125
CUST009223,830,excellent,91.07,88.26,96.12,63.86,92.39,88.3962,2.37,14,0,0,0,0,0,1,1,567483.36,0.8391,low,0.5
CUST009224,610,high_risk,7.01,84.67,96.25,35.43,58.95,51.7303,12.86,13,3,2,0,1,1,0,6,58763.24,0.5834,low,0.0
CUST009225,662,risky,40.57,76.19,68.21,47.88,82.28,60.3038,13.13,6,1,2,0,0,0,0,1,139676.45,0.2485,low,0.0
CUST009226,575,high_risk,13.82,92.91,28.36,37.72,51.04,45.8418,1.38,0,4,3,0,1,1,0,5,101708.68,0.5216,low,0.0
CUST009227,831,excellent,92.16,92.25,95.29,62.34,79.87,88.4478,6.4,12,2,0,0,0,0,1,0,161455.59,0.4142,low,0.5
CUST009228,773,excellent,74.68,99.41,72.13,45.7,74.09,78.7605,5.11,5,2,0,0,0,0,1,3,42142.64,0.8416,low,0.25
CUST009229,840,excellent,98.34,92.22,98.54,43.29,87.63,89.9567,7.85,11,1,0,0,0,0,0,3,140298.61,0.0383,low,0.0
CUST009230,750,excellent,92.86,88.11,18.02,45.27,88.85,75.0505,7.7,0,1,0,0,0,0,0,2,262880.06,0.0179,low,0.0
CUST009231,694,risky,57.74,85.87,69.84,38.39,53.54,65.6372,10.2,9,3,4,0,0,0,0,7,30251.55,0.117,low,0.0
CUST009232,828,excellent,95.82,97.77,68.85,60.35,87.94,88.027,9.38,5,1,0,0,0,0,1,1,22873.17,0.9426,low,0.5
CUST009233,804,excellent,93.26,94.37,66.39,38.36,92.52,83.9995,5.13,8,0,0,0,0,0,0,0,121226.45,0.1049,low,0.0
CUST009234,812,excellent,94.81,84.89,93.65,32.81,94.07,85.3859,12.01,15,0,0,0,0,0,0,2,56614.55,0.1565,low,0.0
CUST009235,780,excellent,88.7,88.26,57.41,46.49,91.7,79.9532,1.26,2,0,0,0,0,0,0,5,249732.77,0.0796,low,0.0
CUST009236,786,excellent,79.81,89.07,85.17,38.25,97.62,81.0189,11.58,10,0,1,0,0,0,0,0,93824.72,0.0749,low,0.0
CUST009237,811,excellent,99.72,77.12,94.75,49.21,80.61,85.2318,13.77,10,1,0,0,0,0,0,3,232041.56,0.0607,low,0.0
CUST009238,807,excellent,89.84,91.73,75.94,45.47,95.3,84.4315,9.23,7,0,0,0,0,0,0,1,23844.54,0.034,low,0.0
CUST009239,831,excellent,99.64,99.54,66.47,45.96,91.77,88.4775,5.8,9,0,0,0,0,0,0,5,38547.83,0.0202,low,0.0
CUST009240,791,excellent,88.38,83.11,97.72,31.08,82.71,81.904,12.53,13,1,0,0,0,0,0,5,58210.41,0.0978,low,0.0
CUST009241,794,excellent,87.82,94.95,68.06,30.46,99.26,82.4048,4.28,8,0,0,0,0,0,0,6,131244.58,0.1025,low,0.0
CUST009242,779,excellent,87.71,92.47,52.46,43.68,91.13,79.789,2.36,2,0,0,0,0,0,0,2,32968.41,0.0097,low,0.0
CUST009243,800,excellent,91.45,96.61,54.9,42.44,98.38,83.3057,0.31,2,0,0,0,0,0,0,3,58423.38,0.0389,low,0.0
CUST009244,766,excellent,95.58,86.63,22.27,49.16,99.82,77.6797,13.13,0,0,0,0,0,0,0,4,101640.28,0.0035,low,0.0
CUST009245,746,good,91.98,82.04,32.89,34.34,91.9,74.3617,10.98,1,0,0,0,0,0,0,2,51873.21,0.1357,low,0.0
CUST009246,772,excellent,96.19,89.17,26.1,46.81,96.51,78.664,5.77,0,0,0,0,0,0,0,4,73448.71,0.1357,low,0.0
CUST009247,820,excellent,97.64,91.78,76.83,36.02,97.52,86.5873,2.37,6,0,0,0,0,0,0,2,343311.19,0.0824,low,0.0
CUST009248,742,good,73.85,75.7,73.62,48.12,91.89,73.6011,14.85,7,0,0,0,0,0,0,3,69467.34,0.0066,low,0.0
CUST009249,778,excellent,92.02,95.02,34.17,45.52,92.41,79.6319,6.99,1,0,0,0,0,0,0,4,831803.63,0.0363,low,0.0
CUST009250,811,excellent,93.95,98.21,65.34,34.21,96.0,85.1697,6.77,9,0,0,0,0,0,0,5,107015.26,0.0742,low,0.0
CUST009251,816,excellent,86.03,88.26,89.88,62.33,96.42,85.949,13.46,20,0,0,0,0,0,1,3,102963.85,0.5562,low,0.25
CUST009252,780,excellent,93.39,77.15,57.04,58.76,96.56,79.9203,10.27,2,0,0,0,0,0,1,3,844230.43,0.9374,low,0.25
CUST009253,828,excellent,89.92,97.13,85.09,46.46,99.44,87.9641,8.47,10,0,0,0,0,0,0,7,94476.97,0.1133,low,0.0
CUST009254,760,excellent,77.72,75.56,89.43,36.14,98.41,76.7385,11.35,10,0,0,0,0,0,0,6,78615.76,0.1529,low,0.0
CUST009255,839,excellent,98.78,98.59,71.18,59.25,91.52,89.9037,7.53,5,1,0,0,0,0,1,3,45184.32,0.5555,low,0.25
CUST009256,808,excellent,92.84,97.15,63.09,69.56,66.62,84.7221,4.84,2,2,0,0,0,0,1,7,88870.17,0.35,low,0.125
CUST009257,754,excellent,85.18,78.44,46.2,61.33,92.83,75.6926,25.16,4,0,0,0,0,0,0,5,119548.15,0.0081,low,0.0
CUST009258,828,excellent,95.55,95.84,76.15,46.93,97.07,88.0155,4.8,9,0,0,0,0,0,0,5,219272.26,0.0296,low,0.0
CUST009259,636,high_risk,12.23,99.55,95.74,31.0,43.47,55.9524,7.99,11,5,6,0,0,1,0,6,52953.71,0.4932,low,0.0
CUST009260,814,excellent,86.51,96.4,81.12,49.65,93.4,85.6703,0.15,5,0,0,0,0,0,0,7,170216.19,0.0538,low,0.0
CUST009261,820,excellent,98.21,91.32,75.13,38.68,97.4,86.6477,6.3,5,0,0,0,0,0,0,7,187556.65,0.0629,low,0.0
CUST009262,759,excellent,99.24,81.2,34.11,31.94,91.11,76.5153,12.13,1,0,0,0,0,0,0,4,33911.67,0.054,low,0.0
CUST009263,667,risky,47.79,98.53,14.17,47.51,80.76,61.2375,4.99,0,1,2,0,0,0,0,2,55242.09,0.0647,low,0.0
CUST009264,714,good,51.59,89.33,89.75,37.75,69.36,69.0286,8.57,11,2,3,0,0,0,0,5,35001.13,0.0078,low,0.0
CUST009265,836,excellent,88.42,92.75,99.47,68.2,87.56,89.27,9.83,15,1,0,0,0,0,1,6,178741.0,0.6216,low,0.1429
CUST009266,797,excellent,85.39,92.49,80.36,33.76,97.9,82.8519,7.76,5,0,0,0,0,0,0,1,235914.81,0.0146,low,0.0
CUST009267,824,excellent,96.81,84.18,98.18,47.89,86.45,87.2993,12.5,14,1,0,0,0,0,0,2,137105.35,0.0172,low,0.0
CUST009268,784,excellent,96.21,92.17,36.63,39.71,98.1,80.6015,1.29,1,0,0,0,0,0,0,3,168303.6,0.1487,low,0.0
CUST009269,726,good,89.67,78.86,22.98,43.79,81.37,71.0058,11.98,0,1,0,0,0,0,0,7,184677.29,0.1107,low,0.0
CUST009270,785,excellent,68.03,97.47,66.89,81.3,96.98,80.9152,3.85,7,0,1,0,0,0,2,7,317742.54,0.5386,low,0.2222
CUST009271,843,excellent,90.14,94.19,82.72,86.94,96.0,90.5074,0.65,5,0,0,0,0,0,2,7,34001.18,0.3385,low,0.2222
CUST009272,823,excellent,97.05,89.47,83.1,41.33,96.86,87.0924,11.16,9,0,0,0,0,0,0,1,25790.58,0.0182,low,0.0
CUST009273,819,excellent,89.43,83.54,93.12,64.89,97.28,86.548,21.58,10,0,0,0,0,0,0,7,36826.69,0.1205,low,0.0
CUST009274,685,risky,40.55,88.95,48.05,79.55,91.61,64.1997,3.36,1,1,4,0,0,0,1,5,242494.15,1.0728,low,0.1667
CUST009275,747,good,55.56,91.62,92.05,44.92,91.92,74.4251,1.4,20,1,1,0,0,0,0,5,126552.96,0.1167,low,0.0
CUST009276,644,high_risk,25.85,95.49,44.29,49.19,80.8,57.3346,4.11,1,1,3,0,0,0,0,1,270565.06,0.1113,low,0.0
CUST009277,754,excellent,85.14,86.52,51.12,38.04,83.93,75.6188,11.31,3,1,0,0,0,0,0,1,39797.3,0.1363,low,0.0
CUST009278,770,excellent,95.66,88.98,43.54,41.12,75.67,78.3876,2.14,1,2,0,0,0,0,0,2,55822.54,0.1561,low,0.0
CUST009279,828,excellent,93.21,96.62,77.99,62.94,83.91,87.9935,8.59,5,1,0,0,0,0,1,6,129786.26,0.4177,low,0.1429
CUST009280,765,excellent,88.62,88.66,46.33,32.12,98.04,77.5822,8.69,1,0,0,0,0,0,0,5,50292.76,0.0658,low,0.0
CUST009281,798,excellent,86.16,80.48,86.77,67.09,90.58,83.0828,26.74,11,0,0,0,0,0,1,3,260211.15,0.8314,low,0.25
CUST009282,620,high_risk,43.69,39.15,76.24,70.23,78.13,53.3071,64.88,6,2,1,0,0,0,1,6,247021.6,0.985,low,0.1429
CUST009283,835,excellent,90.25,93.65,83.32,76.85,93.08,89.175,9.26,6,0,0,0,0,0,1,3,66427.47,0.3911,low,0.25
CUST009284,713,good,68.01,76.68,34.69,76.11,91.65,68.7867,13.73,1,1,0,0,0,0,2,6,175327.92,0.988,low,0.25
CUST009285,758,excellent,87.79,82.07,45.33,46.3,96.22,76.4002,13.12,1,0,0,0,0,0,0,7,120116.58,0.105,low,0.0
CUST009286,755,excellent,45.64,99.59,93.28,64.71,95.81,75.8921,6.19,13,0,3,0,0,0,1,1,162188.06,0.8117,low,0.5
CUST009287,842,excellent,99.25,94.93,88.58,40.66,98.35,90.4024,2.74,10,0,0,0,0,0,0,6,353536.09,0.0321,low,0.0
CUST009288,626,high_risk,24.19,86.85,69.89,61.87,40.65,54.257,14.5,8,6,8,0,0,0,1,2,238194.42,2.0979,moderate,0.3333
CUST009289,607,high_risk,14.51,92.4,75.22,49.67,21.75,51.2251,8.33,6,5,6,0,1,1,0,7,40523.62,0.5909,low,0.0
CUST009290,801,excellent,95.52,85.29,53.18,65.61,99.71,83.5303,13.11,4,0,0,0,0,0,2,7,65603.43,0.5958,low,0.2222
CUST009291,796,excellent,90.04,98.82,63.3,43.63,76.09,82.6272,8.8,2,2,0,0,0,0,0,5,96584.27,0.0325,low,0.0
CUST009292,720,good,61.29,80.43,73.99,41.58,91.5,69.9874,12.41,6,0,4,0,0,0,0,4,124482.7,0.1312,low,0.0
CUST009293,689,risky,52.77,87.39,47.37,49.61,80.85,64.8363,14.07,1,1,4,0,0,0,0,4,58378.3,0.2024,low,0.0
CUST009294,793,excellent,88.34,83.44,60.47,74.51,97.17,82.1894,13.4,3,0,0,0,0,0,1,0,83229.54,0.5541,low,0.5
CUST009295,795,excellent,94.99,77.32,75.33,48.74,99.13,82.5302,12.76,6,0,0,0,0,0,1,1,79054.74,0.9299,low,0.5
CUST009296,775,excellent,99.67,84.19,37.62,36.15,97.81,79.1825,13.43,1,0,0,0,0,0,0,2,43954.22,0.1029,low,0.0
CUST009297,652,risky,40.88,80.08,44.1,46.03,90.99,58.6474,14.68,1,0,1,0,0,0,0,2,169621.42,0.2098,low,0.0
CUST009298,821,excellent,90.77,93.02,74.94,64.9,94.14,86.8211,1.03,9,0,0,0,0,0,1,4,102544.17,0.3991,low,0.2
CUST009299,818,excellent,90.37,95.7,86.31,45.76,84.57,86.3173,7.43,17,1,0,0,0,0,0,4,96686.94,0.098,low,0.0
CUST009300,671,risky,23.3,99.42,92.01,62.49,47.25,61.7573,4.54,20,4,6,0,0,0,1,5,540061.89,1.5572,moderate,0.1667
CUST009301,644,high_risk,22.58,83.99,92.37,41.09,63.41,57.4069,12.22,10,4,4,0,0,1,0,7,62540.28,0.3489,low,0.0
CUST009302,772,excellent,88.89,89.22,53.39,38.28,89.93,78.7074,3.7,2,1,0,0,0,0,0,3,957150.34,0.107,low,0.0
CUST009303,692,risky,45.2,97.14,46.86,41.65,91.94,65.3515,3.85,2,1,1,0,0,0,0,1,93891.7,0.1307,low,0.0
CUST009304,828,excellent,93.34,88.54,85.42,63.62,96.71,88.0791,26.4,10,0,0,0,0,0,0,4,317665.15,0.1269,low,0.0
CUST009305,838,excellent,93.49,99.96,62.23,79.05,97.4,89.6877,6.74,2,0,0,0,0,0,1,6,88583.71,0.9999,low,0.1429
CUST009306,671,risky,14.39,92.82,89.99,76.54,88.39,61.8756,1.07,20,1,8,0,0,0,1,0,315498.75,1.437,low,0.5
CUST009307,811,excellent,94.48,88.71,63.16,63.5,97.0,85.2048,1.62,4,0,0,0,0,0,1,2,224387.55,0.4824,low,0.3333
CUST009308,839,excellent,94.52,86.1,97.93,72.74,88.95,89.7727,11.52,15,1,0,0,0,0,2,5,443455.24,0.5281,low,0.2857
CUST009309,848,excellent,99.42,91.13,87.42,75.29,86.13,91.3901,1.42,16,1,0,0,0,0,1,3,109819.86,0.4293,low,0.25
CUST009310,761,excellent,93.04,85.23,40.05,36.63,90.82,76.8833,12.3,1,0,0,0,0,0,0,2,376245.34,0.1242,low,0.0
CUST009311,774,excellent,87.64,75.73,85.92,31.7,95.34,78.9875,13.63,20,0,0,0,0,0,0,4,72327.22,0.1485,low,0.0
CUST009312,770,excellent,93.42,61.14,89.06,52.07,87.36,78.3418,35.47,12,1,0,0,0,0,0,2,228987.44,0.0893,low,0.0
CUST009313,861,excellent,99.99,94.54,88.65,75.46,93.76,93.5797,1.68,14,0,0,0,0,0,1,3,376014.23,0.8462,low,0.25
CUST009314,704,good,64.98,97.03,34.54,43.78,58.92,67.3028,0.22,0,3,3,0,0,0,0,5,458546.73,0.1821,low,0.0
CUST009315,731,good,90.38,79.31,25.58,31.32,93.93,71.7915,11.86,0,0,0,0,0,0,0,1,97772.86,0.0766,low,0.0
CUST009316,803,excellent,90.36,92.76,64.03,52.12,96.24,83.8968,6.26,2,0,0,0,0,0,1,0,22293.3,0.8583,low,0.5
CUST009317,790,excellent,94.66,91.66,45.31,45.15,97.45,81.6849,1.19,4,0,0,0,0,0,0,3,203070.59,0.0475,low,0.0
CUST009318,823,excellent,88.85,98.0,91.09,33.44,97.33,87.2387,3.41,17,0,0,0,0,0,0,4,171693.15,0.0266,low,0.0
CUST009319,845,excellent,98.16,98.32,67.23,79.0,90.48,90.8836,1.74,6,0,0,0,0,0,1,0,181834.45,0.5284,low,0.5
CUST009320,812,excellent,87.3,91.08,95.49,48.54,83.51,85.4059,5.22,19,1,0,0,0,0,0,7,300808.7,0.0171,low,0.0
CUST009321,747,good,70.1,79.59,85.42,49.04,83.92,74.5203,11.46,11,1,0,0,0,0,1,1,326847.21,0.5447,low,0.5
CUST009322,564,high_risk,0.46,92.04,38.97,48.69,55.13,43.9997,6.25,1,4,7,0,1,1,0,3,77986.32,0.3153,low,0.0
CUST009323,809,excellent,87.24,91.97,99.19,33.09,85.39,84.8525,6.88,13,1,0,0,0,0,0,1,69829.27,0.0924,low,0.0
CUST009324,649,high_risk,26.41,92.16,72.95,66.25,46.54,58.1117,7.07,6,4,3,0,0,0,1,4,136145.25,1.8539,moderate,0.2
CUST009325,847,excellent,86.73,98.26,95.15,79.92,90.48,91.1455,1.09,12,0,0,0,0,0,1,4,157919.5,0.378,low,0.2
CUST009326,813,excellent,89.19,88.78,87.08,46.09,99.43,85.4645,14.05,17,0,0,0,0,0,0,1,64063.91,0.0431,low,0.0
CUST009327,816,excellent,87.15,95.5,65.28,76.21,95.09,86.0744,3.37,8,0,0,0,0,0,1,1,292045.14,0.9216,low,0.5
CUST009328,815,excellent,87.26,88.03,97.67,49.98,92.52,85.8512,9.91,11,0,0,0,0,0,0,2,126892.29,0.1325,low,0.0
CUST009329,700,good,54.49,75.63,86.05,44.05,75.19,66.5913,13.67,13,2,4,0,0,0,0,7,246741.65,0.2055,low,0.0
CUST009330,643,high_risk,10.64,93.1,91.5,78.12,49.6,57.1528,3.89,12,3,4,0,0,0,1,2,166955.69,1.5974,moderate,0.3333
CUST009331,823,excellent,96.03,91.86,71.93,63.53,88.33,87.1461,8.41,7,1,0,0,0,0,1,4,228471.36,0.4054,low,0.2
CUST009332,812,excellent,96.34,77.16,93.94,60.66,82.52,85.2764,10.27,11,1,0,0,0,0,1,5,195085.86,0.7486,low,0.1667
CUST009333,743,good,85.23,88.63,47.16,38.49,65.35,73.8768,8.58,3,2,0,0,0,0,0,2,50383.35,0.1264,low,0.0
CUST009334,804,excellent,97.97,80.18,75.49,74.45,68.74,83.9864,13.29,5,2,0,0,0,0,1,3,267314.28,0.9538,low,0.25
CUST009335,731,good,72.96,86.38,41.82,50.57,90.12,71.7916,12.47,1,0,1,0,0,0,1,1,144845.95,0.9875,low,0.5
CUST009336,704,good,48.69,78.3,85.61,71.45,68.89,67.407,14.54,11,2,4,0,0,0,1,4,191599.39,0.8889,low,0.2
CUST009337,826,excellent,95.28,89.69,73.88,67.62,95.63,87.6613,3.5,7,0,0,0,0,0,1,0,175700.26,0.5096,low,0.5
CUST009338,817,excellent,88.84,98.09,88.87,31.42,91.32,86.1247,5.98,12,1,0,0,0,0,0,1,179812.69,0.0993,low,0.0
CUST009339,819,excellent,96.76,91.28,74.46,49.51,90.84,86.4533,2.13,7,1,0,0,0,0,0,3,71720.82,0.0416,low,0.0
CUST009340,829,excellent,79.81,98.92,96.47,64.05,96.34,88.1195,5.56,15,0,0,0,0,0,1,5,131560.94,0.9789,low,0.1667
CUST009341,749,good,53.01,94.67,90.78,65.25,88.0,74.8947,5.5,10,1,1,0,0,0,1,2,55276.98,1.3693,low,0.3333
CUST009342,837,excellent,97.89,90.23,73.76,79.33,91.76,89.503,2.3,8,0,0,0,0,0,1,5,192483.87,0.6426,low,0.1667
CUST009343,620,high_risk,30.76,73.64,76.59,48.52,41.22,53.3212,48.36,8,4,1,0,0,0,0,3,142817.76,0.0962,low,0.0
CUST009344,838,excellent,97.65,95.0,88.22,39.29,97.71,89.6115,8.67,11,0,0,0,0,0,0,3,44756.48,0.0003,low,0.0
CUST009345,605,high_risk,13.06,82.96,94.33,30.01,42.34,50.8419,12.78,11,5,7,0,0,1,0,5,95072.75,0.633,low,0.0
CUST009346,821,excellent,96.83,88.7,70.89,58.86,98.13,86.8325,5.0,5,0,0,0,0,0,1,7,43978.17,0.8567,low,0.125
CUST009347,817,excellent,96.6,91.26,67.3,50.67,97.41,86.0931,5.07,6,0,0,0,0,0,1,6,62830.49,0.7309,low,0.1429
CUST009348,813,excellent,87.71,95.01,87.46,47.29,83.94,85.4446,3.55,14,1,0,0,0,0,0,6,329129.71,0.062,low,0.0
CUST009349,587,high_risk,7.97,93.0,64.46,32.83,41.17,47.7626,9.77,4,4,4,1,0,1,0,1,43532.84,0.593,low,0.0
CUST009350,761,excellent,94.24,92.12,11.32,47.37,98.08,76.8629,7.29,0,0,0,0,0,0,0,2,43124.01,0.1052,low,0.0
CUST009351,788,excellent,88.25,90.18,46.59,75.76,88.96,81.4023,7.68,2,1,0,0,0,0,1,4,111330.59,0.4375,low,0.2
CUST009352,840,excellent,92.84,93.08,96.52,60.79,89.96,89.973,6.31,17,1,0,0,0,0,1,6,21979.43,0.9853,low,0.1429
CUST009353,826,excellent,86.93,99.27,88.04,46.01,95.85,87.5978,1.37,14,0,0,0,0,0,0,1,1465700.34,0.1582,low,0.0
CUST009354,829,excellent,97.36,91.6,89.82,48.34,83.82,88.2437,8.56,13,1,0,0,0,0,0,7,35783.05,0.039,low,0.0
CUST009355,753,excellent,91.24,83.31,33.85,48.17,86.87,75.5097,11.59,0,1,0,0,0,0,0,7,384783.81,0.0365,low,0.0
CUST009356,819,excellent,90.93,91.98,98.91,40.76,82.4,86.5744,5.77,15,1,0,0,0,0,0,1,155378.25,0.0852,low,0.0
CUST009357,827,excellent,87.73,94.18,94.03,49.98,97.73,87.8365,6.34,17,0,0,0,0,0,0,2,560026.23,0.1385,low,0.0
CUST009358,792,excellent,94.9,93.53,45.95,47.46,91.45,82.0582,1.71,2,1,0,0,0,0,0,6,42019.89,0.135,low,0.0
CUST009359,817,excellent,96.86,78.93,89.67,61.69,90.51,86.2499,13.67,20,0,0,0,0,0,1,1,7488.1,0.7895,low,0.5
CUST009360,785,excellent,91.15,95.48,49.29,46.03,83.56,80.8971,1.91,1,1,0,0,0,0,0,2,116767.37,0.1089,low,0.0
CUST009361,811,excellent,93.29,93.83,68.3,47.4,94.14,85.2008,5.27,9,0,0,0,0,0,0,2,70179.18,0.0252,low,0.0
CUST009362,803,excellent,86.33,90.26,75.54,63.83,87.85,83.7899,5.57,8,1,0,0,0,0,1,5,65881.55,0.7728,low,0.1667
CUST009363,775,excellent,96.3,79.24,45.8,48.58,99.73,79.1775,10.24,1,0,0,0,0,0,0,5,126726.1,0.0352,low,0.0
CUST009364,735,good,57.24,99.94,95.58,39.03,41.73,72.4299,0.87,11,4,2,0,0,0,0,1,310677.92,0.2395,low,0.0
CUST009365,658,risky,23.13,89.95,87.97,78.33,46.02,59.7114,8.48,11,3,8,0,0,0,1,7,74041.67,1.5241,moderate,0.125
CUST009366,818,excellent,85.08,99.96,79.49,52.29,93.76,86.2942,0.57,8,0,0,0,0,0,1,5,23301.28,0.4449,low,0.1667
CUST009367,803,excellent,78.5,95.14,88.08,59.77,86.07,83.8158,8.03,12,1,1,0,0,0,0,6,82466.26,0.0971,low,0.0
CUST009368,769,excellent,91.6,90.24,35.83,48.38,88.12,78.157,9.45,1,1,0,0,0,0,0,1,210840.82,0.0005,low,0.0
CUST009369,821,excellent,91.55,97.17,63.94,63.45,96.52,86.7825,9.12,3,0,0,0,0,0,1,1,17169.31,0.608,low,0.5
CUST009370,796,excellent,78.96,86.76,77.84,77.78,95.1,82.6301,12.52,7,0,1,0,0,0,1,4,62184.2,0.5042,low,0.2
CUST009371,627,high_risk,29.28,75.47,86.19,39.1,47.63,54.4892,12.76,15,3,1,0,0,0,0,3,78022.26,0.108,low,0.0
CUST009372,804,excellent,91.01,96.85,62.74,41.15,96.27,84.0611,2.1,2,0,0,0,0,0,0,5,51048.77,0.1579,low,0.0
CUST009373,841,excellent,95.77,82.86,97.68,74.45,96.68,90.1413,17.95,20,0,0,0,0,0,1,2,157016.12,0.7488,low,0.3333
CUST009374,626,high_risk,37.76,78.52,29.39,49.9,82.2,54.3928,11.45,0,1,2,0,0,0,0,2,99277.19,0.0224,low,0.0
CUST009375,781,excellent,97.05,81.11,47.22,58.98,89.62,80.2451,11.89,1,1,0,0,0,0,2,1,33958.18,0.8012,low,0.6667
CUST009376,803,excellent,92.02,94.9,70.92,31.21,94.62,83.8978,4.02,5,0,0,0,0,0,0,4,44518.63,0.1212,low,0.0
CUST009377,827,excellent,86.72,97.96,91.55,46.46,97.36,87.853,5.57,11,0,0,0,0,0,0,4,398373.89,0.1103,low,0.0
CUST009378,783,excellent,86.12,79.13,70.05,62.83,98.09,80.4829,13.33,6,0,0,0,0,0,1,7,222944.59,0.819,low,0.125
CUST009379,815,excellent,87.78,89.37,85.93,61.04,93.07,85.8349,13.21,18,0,0,0,0,0,1,3,73676.45,0.4109,low,0.25
CUST009380,698,risky,43.48,91.7,84.26,36.02,72.94,66.2655,9.09,8,2,4,0,0,0,0,4,43155.48,0.0668,low,0.0
CUST009381,826,excellent,93.83,95.77,68.54,64.96,93.94,87.7417,3.98,7,0,0,0,0,0,1,4,80418.6,0.8608,low,0.2
CUST009382,843,excellent,95.21,89.45,97.18,66.89,91.23,90.5476,3.12,10,0,0,0,0,0,1,3,49078.7,0.7609,low,0.25
CUST009383,781,excellent,98.37,99.23,16.77,47.77,87.22,80.2127,3.99,0,1,0,0,0,0,0,2,50092.72,0.1458,low,0.0
CUST009384,656,risky,48.72,76.37,68.94,48.9,41.51,59.3442,24.1,8,4,1,0,0,0,0,5,53943.27,0.1928,low,0.0
CUST009385,821,excellent,91.6,91.2,87.84,45.43,96.6,86.7987,3.45,14,0,0,0,0,0,0,5,49695.81,0.1017,low,0.0
CUST009386,799,excellent,88.39,95.01,67.62,44.66,90.64,83.1131,3.64,8,0,0,0,0,0,0,3,85415.4,0.0665,low,0.0
CUST009387,796,excellent,97.4,93.43,43.61,47.94,92.18,82.6731,4.24,1,0,0,0,0,0,0,1,110482.85,0.1404,low,0.0
CUST009388,788,excellent,94.04,85.39,55.24,45.65,99.28,81.3107,14.83,4,0,0,0,0,0,0,5,15684.88,0.0124,low,0.0
CUST009389,815,excellent,94.67,84.33,64.92,93.39,83.28,85.8379,13.19,4,1,0,0,0,0,2,0,45979.32,0.3449,low,0.6667
CUST009390,820,excellent,99.91,91.83,67.61,49.41,90.54,86.6552,1.88,5,0,0,0,0,0,1,7,51309.54,0.4723,low,0.125
CUST009391,786,excellent,88.38,93.34,67.07,33.75,86.76,81.0468,2.8,9,1,0,0,0,0,0,3,35569.16,0.1275,low,0.0
CUST009392,801,excellent,95.7,89.42,47.99,62.91,96.1,83.4218,13.19,1,0,0,0,0,0,1,1,40374.25,0.8215,low,0.5
CUST009393,731,good,68.61,88.54,65.7,30.5,83.23,71.8024,14.05,5,1,0,0,0,0,0,4,127361.14,0.0986,low,0.0
CUST009394,692,risky,48.67,90.5,76.47,35.52,60.75,65.2819,6.46,8,3,3,0,0,0,0,5,133808.39,0.0486,low,0.0
CUST009395,781,excellent,86.84,90.17,45.57,93.54,65.9,80.2268,7.67,3,2,0,0,0,0,2,2,17497.81,0.9245,low,0.5
CUST009396,623,high_risk,49.0,57.42,59.51,63.42,41.62,53.8054,41.76,4,4,4,0,0,0,0,1,392469.55,0.1027,low,0.0
CUST009397,788,excellent,99.73,83.98,51.0,40.41,95.7,81.3627,10.27,4,0,0,0,0,0,0,4,21812.0,0.0323,low,0.0
CUST009398,785,excellent,76.51,97.06,58.52,79.9,82.02,80.865,0.04,4,1,1,0,0,0,1,3,104609.73,0.3686,low,0.25
CUST009399,834,excellent,93.91,95.69,91.96,55.91,80.87,89.0462,9.74,12,1,0,0,0,0,1,3,98635.5,0.4811,low,0.25
CUST009400,847,excellent,94.33,96.45,88.45,79.96,80.03,91.2156,1.65,18,1,0,0,0,0,1,1,241013.07,0.9485,low,0.5
CUST009401,791,excellent,85.47,86.73,74.73,48.58,98.0,81.8011,13.88,5,0,0,0,0,0,0,4,99331.61,0.1398,low,0.0
CUST009402,733,good,64.53,95.32,59.37,42.64,77.64,72.1178,3.12,2,2,2,0,0,0,0,5,327052.59,0.1199,low,0.0
CUST009403,797,excellent,98.38,92.62,49.04,44.52,88.21,82.8502,3.08,2,1,0,0,0,0,0,2,44337.42,0.0879,low,0.0
CUST009404,850,excellent,94.6,89.72,96.54,77.27,94.59,91.69,13.75,16,0,0,0,0,0,1,3,191783.43,0.6816,low,0.25
CUST009405,859,excellent,94.38,99.94,92.2,72.35,91.32,93.2103,5.68,20,1,0,0,0,0,1,0,134737.81,0.3397,low,0.5
CUST009406,823,excellent,88.91,95.69,81.13,60.82,91.65,87.2423,8.29,6,0,0,0,0,0,1,7,341833.14,0.6167,low,0.125
CUST009407,748,good,85.73,94.39,27.65,31.87,90.04,74.6634,9.78,0,0,0,0,0,0,0,5,41752.21,0.0426,low,0.0
CUST009408,795,excellent,95.13,90.52,46.23,58.7,91.74,82.4277,5.52,1,0,0,0,0,0,1,5,279704.06,0.8216,low,0.1667
CUST009409,796,excellent,78.83,96.53,88.74,46.65,80.94,82.6216,5.04,18,1,1,0,0,0,0,3,27740.37,0.0264,low,0.0
CUST009410,769,excellent,98.43,79.36,39.65,46.08,94.23,78.2368,13.73,1,0,0,0,0,0,0,4,49629.35,0.0326,low,0.0
CUST009411,836,excellent,97.18,99.66,76.72,43.31,95.86,89.3383,7.18,8,0,0,0,0,0,0,3,88902.33,0.1427,low,0.0
CUST009412,837,excellent,97.25,98.99,88.72,30.24,93.7,89.4338,8.22,18,0,0,0,0,0,0,0,1294393.12,0.0917,low,0.0
CUST009413,816,excellent,96.35,81.16,85.89,51.58,98.14,85.9267,13.31,16,0,0,0,0,0,1,6,37059.65,0.5247,low,0.1429
CUST009414,821,excellent,91.1,97.58,95.52,30.56,82.32,86.7769,2.71,10,1,0,0,0,0,0,0,134624.0,0.0936,low,0.0
CUST009415,621,high_risk,27.75,77.88,59.83,44.44,69.63,53.4592,13.69,2,2,3,0,0,0,0,1,93092.83,0.1062,low,0.0
CUST009416,786,excellent,89.84,75.61,91.95,37.39,94.14,81.0729,14.88,18,0,0,0,0,0,0,7,98319.03,0.109,low,0.0
CUST009417,776,excellent,77.1,99.29,58.87,50.36,87.67,79.4022,7.74,4,1,0,0,0,0,1,1,126072.42,0.6772,low,0.5
CUST009418,731,good,88.38,88.02,15.13,35.75,86.89,71.8737,4.99,0,1,0,0,0,0,0,1,56029.77,0.154,low,0.0
CUST009419,810,excellent,91.05,80.45,83.4,69.97,94.16,84.9251,11.44,5,0,0,0,0,0,1,5,32394.03,0.7341,low,0.1667
CUST009420,662,risky,20.3,95.91,95.46,38.56,62.07,60.2579,3.14,18,4,7,1,0,1,0,3,42801.15,0.5776,low,0.0
CUST009421,741,good,53.33,97.77,85.21,43.72,83.12,73.461,0.34,18,1,3,0,0,0,0,6,107403.78,0.1285,low,0.0
CUST009422,763,excellent,68.6,99.7,70.18,33.71,94.21,77.2372,8.55,6,0,1,0,0,0,0,2,44963.87,0.1145,low,0.0
CUST009423,676,risky,41.26,99.8,56.81,37.59,59.84,62.6431,3.15,4,4,2,0,0,0,0,2,22182.09,0.1161,low,0.0
CUST009424,844,excellent,99.44,93.5,66.6,86.87,91.73,90.706,2.84,5,0,0,0,0,0,2,5,203250.53,0.785,low,0.2857
CUST009425,768,excellent,91.49,86.02,50.0,35.11,90.92,77.9301,14.5,2,0,0,0,0,0,0,6,44627.3,0.0705,low,0.0
CUST009426,785,excellent,96.64,75.59,76.38,36.48,91.55,80.7618,13.46,8,1,0,0,0,0,0,6,84483.74,0.0887,low,0.0
CUST009427,625,high_risk,24.12,75.73,46.24,74.91,96.51,54.2395,12.24,4,0,3,0,0,0,1,6,174671.14,1.1906,low,0.1429
CUST009428,793,excellent,91.45,88.63,87.06,31.91,72.86,82.1334,13.14,18,2,0,0,0,0,0,6,422938.87,0.0759,low,0.0
CUST009429,832,excellent,99.62,95.52,62.47,69.24,88.09,88.6254,5.07,3,1,0,0,0,0,1,2,86570.39,0.8518,low,0.3333
CUST009430,849,excellent,95.94,89.04,90.68,77.59,98.01,91.455,8.96,17,0,0,0,0,0,1,3,12938.0,0.716,low,0.25
CUST009431,744,good,62.17,86.21,89.4,59.52,69.87,73.9718,22.35,10,2,3,0,0,0,0,6,138608.06,0.1088,low,0.0
CUST009432,756,excellent,91.9,89.17,28.21,44.68,83.83,75.9958,5.26,0,1,0,0,0,0,0,2,68115.56,0.0414,low,0.0
CUST009433,804,excellent,89.83,89.94,73.33,47.88,97.48,83.9578,1.16,7,0,0,0,0,0,0,2,78632.17,0.1656,low,0.0
CUST009434,823,excellent,89.66,99.59,76.12,48.81,96.73,87.2293,0.47,6,0,0,0,0,0,1,0,25014.57,0.9506,low,0.5
CUST009435,844,excellent,96.88,87.11,97.32,61.86,97.84,90.6074,22.74,10,0,0,0,0,0,1,0,73082.01,0.8696,low,0.5
CUST009436,805,excellent,86.51,92.6,68.74,72.84,84.99,84.1512,6.95,5,1,0,0,0,0,1,4,193085.9,0.6376,low,0.2
CUST009437,657,risky,48.56,79.43,70.7,33.16,48.35,59.5812,10.6,7,4,3,0,0,0,0,7,52283.71,0.0048,low,0.0
CUST009438,671,risky,64.12,82.66,19.8,47.58,68.81,61.8473,14.94,0,2,3,0,0,0,0,0,22376.25,0.2474,low,0.0
CUST009439,802,excellent,88.37,81.85,92.18,47.14,96.35,83.6618,11.43,11,0,0,0,0,0,0,3,175017.22,0.1198,low,0.0
CUST009440,695,risky,90.17,61.03,16.12,50.57,84.76,65.8182,44.39,0,1,0,0,0,0,0,7,95831.04,0.1496,low,0.0
CUST009441,633,high_risk,15.55,94.07,79.19,68.47,40.38,55.4276,3.14,7,4,7,0,0,0,1,2,53517.28,1.8531,moderate,0.3333
CUST009442,700,good,36.36,91.48,89.24,41.37,89.86,66.6811,7.85,19,1,2,0,0,0,0,4,38580.91,0.1976,low,0.0
CUST009443,842,excellent,96.08,95.22,90.28,47.65,98.78,90.3766,8.85,16,0,0,0,0,0,0,1,132219.02,0.0052,low,0.0
CUST009444,787,excellent,88.74,75.04,89.5,49.67,91.9,81.1547,10.55,17,0,0,0,0,0,0,3,32552.38,0.1092,low,0.0
CUST009445,811,excellent,92.07,88.45,91.98,31.07,95.58,85.221,6.79,10,0,0,0,0,0,0,7,71758.4,0.1441,low,0.0
CUST009446,833,excellent,93.3,82.98,98.05,66.7,99.02,88.8302,13.36,11,0,0,0,0,0,1,7,45979.06,0.7101,low,0.125
CUST009447,779,excellent,94.78,89.36,48.19,36.1,89.65,79.7831,5.25,1,1,0,0,0,0,0,3,53062.42,0.0327,low,0.0
CUST009448,579,high_risk,14.46,86.45,46.81,41.02,43.5,46.4677,11.02,3,4,4,1,1,1,0,5,73856.3,0.3439,low,0.0
CUST009449,716,good,46.41,96.54,91.91,43.67,60.5,69.4095,5.21,13,3,4,0,0,0,0,3,153455.32,0.2396,low,0.0
CUST009450,787,excellent,95.3,95.51,33.77,47.94,92.95,81.1631,3.85,1,0,0,0,0,0,0,0,21944.73,0.1446,low,0.0
CUST009451,771,excellent,89.27,93.22,34.71,46.66,94.55,78.539,1.69,0,0,0,0,0,0,0,5,71708.03,0.1242,low,0.0
CUST009452,732,good,85.1,65.97,46.93,62.36,90.9,71.9403,33.73,1,0,0,0,0,0,1,0,91370.2,0.5848,low,0.5
CUST009453,784,excellent,88.75,92.53,54.02,44.89,91.9,80.6032,4.53,2,0,0,0,0,0,0,7,131792.73,0.0796,low,0.0
CUST009454,595,high_risk,16.16,95.58,31.15,61.66,49.91,49.1567,6.6,1,4,6,0,0,0,1,0,87177.72,1.5229,moderate,0.5
CUST009455,838,excellent,98.05,88.64,96.03,46.32,97.96,89.741,1.12,10,0,0,0,0,0,0,6,172673.68,0.0147,low,0.0
CUST009456,574,high_risk,19.63,86.77,16.77,46.46,56.21,45.6832,11.43,0,4,8,1,0,1,0,1,134890.25,0.564,low,0.0
CUST009457,786,excellent,77.86,91.12,84.77,43.98,92.22,80.9234,7.9,5,0,1,0,0,0,0,5,48211.74,0.0248,low,0.0
CUST009458,778,excellent,79.3,91.32,57.32,75.42,82.98,79.5883,8.24,4,1,1,0,0,0,1,4,86418.14,0.9265,low,0.2
CUST009459,824,excellent,98.3,86.48,69.2,80.16,86.47,87.3953,23.7,9,1,0,0,0,0,2,4,120744.39,0.6899,low,0.3333
CUST009460,844,excellent,91.0,96.58,87.25,78.23,88.57,90.5919,8.68,13,1,0,0,0,0,1,6,89408.55,0.7639,low,0.1429
CUST009461,678,risky,26.7,80.59,98.88,76.36,80.02,62.991,10.65,12,1,4,0,0,0,1,6,13148.17,1.0843,low,0.1429
CUST009462,686,risky,42.21,91.9,73.37,37.07,72.93,64.351,0.18,5,2,3,0,0,0,0,0,60718.6,0.1059,low,0.0
CUST009463,785,excellent,68.29,97.58,93.49,48.71,87.3,80.799,9.98,10,1,0,0,0,0,0,0,58862.26,0.0969,low,0.0
CUST009464,798,excellent,75.57,97.67,94.94,33.17,96.9,82.9986,3.01,13,0,1,0,0,0,0,6,62578.31,0.1056,low,0.0
CUST009465,828,excellent,87.97,91.03,93.31,67.29,91.7,87.994,7.48,10,0,0,0,0,0,1,1,293544.34,0.8536,low,0.5
CUST009466,838,excellent,95.88,86.8,99.97,65.31,85.52,89.6744,13.54,13,1,0,0,0,0,1,2,44435.39,0.4807,low,0.3333
CUST009467,808,excellent,94.54,80.27,73.55,73.15,91.25,84.643,13.77,8,0,0,0,0,0,1,4,176903.89,0.4212,low,0.2
CUST009468,598,high_risk,11.41,76.73,90.65,31.54,58.58,49.6205,12.41,11,4,6,0,1,1,0,3,43901.74,0.5907,low,0.0
CUST009469,784,excellent,90.36,68.64,86.19,64.58,91.12,80.7148,36.21,11,0,0,0,0,0,0,5,272595.58,0.0051,low,0.0
CUST009470,689,risky,52.67,76.58,86.97,34.93,68.62,64.8076,13.91,16,2,1,0,0,0,0,2,103260.84,0.1448,low,0.0
CUST009471,791,excellent,85.82,95.6,68.55,51.94,76.21,81.8159,8.13,9,2,0,0,0,0,1,5,170087.27,0.5858,low,0.1667
CUST009472,845,excellent,98.78,89.41,93.17,64.93,90.21,90.8864,2.77,19,1,0,0,0,0,1,4,179324.69,0.7876,low,0.2
CUST009473,786,excellent,89.61,79.29,70.5,60.74,91.64,80.9624,10.37,5,1,0,0,0,0,1,1,184231.17,0.7106,low,0.5
CUST009474,738,good,86.65,90.15,18.15,37.67,90.87,72.9491,9.67,0,0,0,0,0,0,0,6,284264.63,0.0651,low,0.0
CUST009475,841,excellent,92.37,97.9,92.08,47.2,98.68,90.1008,6.85,20,0,0,0,0,0,0,4,211070.98,0.0742,low,0.0
CUST009476,765,excellent,74.28,89.87,77.31,39.21,89.64,77.4412,7.27,7,1,1,0,0,0,0,2,126153.79,0.1518,low,0.0
CUST009477,798,excellent,97.51,93.24,49.41,41.84,93.01,82.9984,9.3,1,0,0,0,0,0,0,6,44633.71,0.0252,low,0.0
CUST009478,740,good,76.72,82.04,58.7,36.54,93.75,73.2957,12.28,2,0,1,0,0,0,0,5,74545.75,0.0612,low,0.0
CUST009479,731,good,90.67,40.96,73.88,68.95,98.52,71.853,59.02,7,0,0,0,0,0,1,3,417589.67,0.8937,low,0.25
CUST009480,758,excellent,73.37,96.47,54.39,43.16,92.54,76.3507,3.33,3,0,0,0,0,0,0,2,86236.56,0.1271,low,0.0
CUST009481,802,excellent,99.52,90.5,63.4,37.03,84.47,83.6432,6.64,4,1,0,0,0,0,0,2,62502.96,0.0781,low,0.0
CUST009482,843,excellent,90.26,89.76,97.73,75.75,97.58,90.5124,6.46,14,0,0,0,0,0,1,6,35078.88,0.8159,low,0.1429
CUST009483,714,good,52.34,88.49,88.42,41.99,66.4,68.9692,1.65,13,2,2,0,0,0,0,0,77503.51,0.2274,low,0.0
CUST009484,777,excellent,86.21,67.46,91.07,61.64,93.44,79.5785,39.99,14,0,0,0,0,0,0,5,59725.44,0.0161,low,0.0
CUST009485,784,excellent,93.09,81.81,71.56,37.45,90.1,80.6104,10.44,9,0,0,0,0,0,0,5,455608.19,0.1413,low,0.0
CUST009486,766,excellent,87.13,97.78,32.6,31.41,98.09,77.6709,1.74,1,0,0,0,0,0,0,5,136903.53,0.0209,low,0.0
CUST009487,781,excellent,90.99,78.8,81.07,35.8,88.75,80.102,10.59,5,1,0,0,0,0,0,4,171587.01,0.0732,low,0.0
CUST009488,839,excellent,95.29,91.88,88.91,64.85,90.47,89.7822,6.63,10,1,0,0,0,0,1,0,28308.75,0.5936,low,0.5
CUST009489,797,excellent,95.74,93.56,45.19,53.54,90.59,82.7669,5.64,3,0,0,0,0,0,1,1,88762.91,0.4302,low,0.5
CUST009490,691,risky,43.93,78.56,94.63,34.53,85.31,65.125,10.35,16,1,3,0,0,0,0,1,114086.04,0.0215,low,0.0
CUST009491,676,risky,57.33,63.88,65.14,50.56,85.88,62.6453,49.3,5,1,1,0,0,0,0,4,161121.64,0.0996,low,0.0
CUST009492,686,risky,46.56,80.89,82.29,47.32,67.34,64.371,14.8,5,2,2,0,0,0,0,5,84966.36,0.1958,low,0.0
CUST009493,664,risky,41.08,73.96,79.9,55.99,64.65,60.6144,43.73,8,3,2,0,0,0,0,5,22647.06,0.1787,low,0.0
CUST009494,861,excellent,99.23,93.31,93.72,71.04,95.44,93.4308,1.6,16,0,0,0,0,0,1,0,96090.52,0.7687,low,0.5
CUST009495,783,excellent,97.91,87.34,48.21,36.01,91.95,80.4971,12.09,2,0,0,0,0,0,0,0,16996.05,0.1023,low,0.0
CUST009496,801,excellent,96.33,70.76,89.88,56.61,94.36,83.5236,40.75,19,0,0,0,0,0,0,5,30185.85,0.1014,low,0.0
CUST009497,699,risky,43.73,91.14,83.98,73.77,49.27,66.5471,1.8,7,4,4,0,0,0,1,0,243864.82,1.2585,low,0.5
CUST009498,763,excellent,88.06,61.46,85.31,59.43,92.4,77.2406,33.7,18,0,0,0,0,0,0,2,215197.38,0.0219,low,0.0
CUST009499,769,excellent,92.62,92.16,40.43,37.49,83.63,78.2421,0.68,1,1,0,0,0,0,0,0,74113.86,0.033,low,0.0
CUST009500,820,excellent,95.71,94.43,76.56,39.16,94.36,86.6624,6.62,5,0,0,0,0,0,0,7,114923.47,0.108,low,0.0
CUST009501,808,excellent,93.34,86.27,68.47,62.77,96.45,84.7451,12.64,5,0,0,0,0,0,1,2,50272.76,0.4729,low,0.3333
CUST009502,638,high_risk,23.64,97.93,66.41,45.6,42.27,56.4014,7.7,9,6,4,0,0,1,0,0,32099.79,0.433,low,0.0
CUST009503,828,excellent,97.22,89.82,99.41,44.88,76.61,88.0349,3.51,18,2,0,0,0,0,0,6,137314.35,0.088,low,0.0
CUST009504,857,excellent,98.06,95.27,90.66,77.38,86.38,92.8793,5.05,10,1,0,0,0,0,1,4,71460.96,0.6228,low,0.2
CUST009505,626,high_risk,40.22,88.94,10.26,36.27,83.44,54.2664,7.35,0,1,2,0,0,0,0,0,19042.0,0.1062,low,0.0
CUST009506,819,excellent,91.79,94.08,95.61,33.48,83.82,86.4217,4.51,18,1,0,0,0,0,0,5,25912.53,0.0213,low,0.0
CUST009507,756,excellent,65.68,91.73,83.08,30.98,99.92,76.0591,8.86,7,0,0,0,0,0,0,4,26461.82,0.1046,low,0.0
CUST009508,755,excellent,85.44,96.35,27.42,37.28,91.53,75.8035,5.63,0,0,0,0,0,0,0,3,43170.57,0.09,low,0.0
CUST009509,693,risky,42.93,84.82,96.97,38.88,66.65,65.5698,13.32,13,2,4,0,0,0,0,2,22339.18,0.2061,low,0.0
CUST009510,812,excellent,76.26,98.94,98.74,42.19,98.82,85.2839,8.46,11,0,1,0,0,0,0,3,34968.33,0.1478,low,0.0
CUST009511,747,good,76.56,76.43,70.11,48.8,93.15,74.4364,14.74,5,0,0,0,0,0,1,4,92286.83,0.9827,low,0.2
CUST009512,832,excellent,93.92,99.0,84.33,35.22,98.7,88.6131,7.42,7,0,0,0,0,0,0,1,96948.32,0.1575,low,0.0
CUST009513,830,excellent,96.46,95.14,86.68,45.4,84.98,88.3422,8.98,15,1,0,0,0,0,1,7,16016.73,0.7583,low,0.125
CUST009514,848,excellent,96.94,98.89,83.08,60.28,93.08,91.3923,4.48,6,0,0,0,0,0,1,4,11022.69,0.9143,low,0.2
CUST009515,809,excellent,92.65,96.95,57.72,59.19,88.13,84.9012,6.38,3,1,0,0,0,0,1,5,141154.0,0.3606,low,0.1667
CUST009516,729,good,90.67,80.82,14.16,36.33,98.36,71.5737,14.41,0,0,0,0,0,0,0,7,372767.97,0.1432,low,0.0
CUST009517,838,excellent,89.12,97.85,86.33,62.23,99.57,89.678,4.54,16,0,0,0,0,0,1,1,25387.1,0.8273,low,0.5
CUST009518,715,good,62.82,84.26,63.59,62.1,72.13,69.2269,10.37,3,2,1,0,0,0,1,3,27395.85,1.2567,low,0.25
CUST009519,825,excellent,92.01,89.29,92.43,46.67,99.98,87.518,4.9,13,0,0,0,0,0,1,1,33630.06,0.5807,low,0.5
CUST009520,791,excellent,92.91,82.31,57.28,61.2,99.82,81.9052,26.31,3,0,0,0,0,0,0,1,180001.72,0.0918,low,0.0
CUST009521,819,excellent,94.92,94.1,70.87,57.4,87.45,86.5665,5.26,9,1,0,0,0,0,1,2,222441.92,0.7718,low,0.3333
CUST009522,727,good,58.41,88.75,97.74,36.92,56.88,71.1079,2.81,12,3,3,0,0,0,0,2,89558.29,0.1178,low,0.0
CUST009523,792,excellent,93.79,97.86,40.53,71.15,66.5,82.0276,5.75,1,2,0,0,0,0,1,4,328557.66,0.7901,low,0.2
CUST009524,728,good,50.7,96.0,78.89,79.49,50.17,71.3445,6.32,7,3,3,0,0,0,1,3,114813.57,0.9666,low,0.25
CUST009525,697,risky,53.06,83.07,96.76,35.4,45.82,66.127,14.06,17,3,3,0,0,0,0,1,56976.06,0.1628,low,0.0
CUST009526,695,risky,40.59,91.68,85.26,36.77,76.63,65.8405,1.16,14,2,1,0,0,0,0,0,93694.32,0.0441,low,0.0
CUST009527,797,excellent,75.06,96.04,96.59,40.0,91.77,82.7506,7.37,17,1,0,0,0,0,0,6,145961.44,0.128,low,0.0
CUST009528,808,excellent,86.63,99.47,82.49,53.97,66.58,84.5906,5.9,8,2,0,0,0,0,1,5,174932.51,0.8479,low,0.1667
CUST009529,805,excellent,95.08,90.59,66.38,40.66,96.48,84.1284,9.17,8,0,0,0,0,0,0,2,36732.08,0.135,low,0.0
CUST009530,829,excellent,86.62,88.79,87.86,89.36,90.77,88.1464,13.33,16,0,0,0,0,0,2,3,280727.66,0.9195,low,0.4
CUST009531,619,high_risk,33.08,94.46,19.64,33.33,68.98,53.0945,1.45,0,2,1,0,0,0,0,5,145958.02,0.0128,low,0.0
CUST009532,775,excellent,75.98,89.52,87.33,34.47,92.43,79.2417,7.18,19,0,1,0,0,0,0,1,45631.65,0.0455,low,0.0
CUST009533,610,high_risk,1.36,95.77,95.44,37.72,43.17,51.6129,2.98,13,5,4,0,1,1,0,4,174218.68,0.1841,low,0.0
CUST009534,822,excellent,96.25,83.52,87.33,57.9,93.4,86.9739,19.45,20,0,0,0,0,0,1,0,32700.52,0.54,low,0.5
CUST009535,581,high_risk,6.21,99.15,55.25,38.42,27.66,46.8119,5.14,3,6,6,0,1,1,0,2,53171.53,0.5335,low,0.0
CUST009536,817,excellent,85.7,86.88,90.14,71.16,95.44,86.2408,11.93,10,0,0,0,0,0,1,2,171735.87,0.6422,low,0.3333
CUST009537,575,high_risk,11.77,92.18,17.45,47.76,66.83,45.8501,3.49,0,2,4,0,0,1,0,0,195282.78,0.2416,low,0.0
CUST009538,819,excellent,94.74,94.9,57.69,64.85,96.58,86.4247,8.55,2,0,0,0,0,0,1,1,120719.08,0.7304,low,0.5
CUST009539,824,excellent,94.02,89.47,92.81,51.55,84.6,87.2832,14.95,11,1,0,0,0,0,1,4,31504.23,0.3831,low,0.2
CUST009540,682,risky,41.27,95.13,73.25,31.12,65.41,63.6246,7.21,7,2,3,0,0,0,0,4,59772.53,0.08,low,0.0
CUST009541,804,excellent,96.62,79.99,65.92,71.68,90.7,83.9394,14.67,9,1,0,0,0,0,1,6,68066.58,0.634,low,0.1429
CUST009542,759,excellent,76.52,77.5,90.21,36.75,92.31,76.4683,10.11,18,0,0,0,0,0,0,2,43667.27,0.1296,low,0.0
CUST009543,785,excellent,70.71,97.5,85.19,50.87,90.4,80.9023,3.99,14,0,0,0,0,0,1,6,75053.76,0.6836,low,0.1429
CUST009544,792,excellent,94.8,97.87,35.83,49.45,91.43,82.0,0.75,1,1,0,0,0,0,0,6,187429.99,0.0121,low,0.0
CUST009545,613,high_risk,4.19,96.31,92.44,37.38,42.34,52.1985,2.91,14,4,1,1,1,1,0,2,141914.97,0.2163,low,0.0
CUST009546,776,excellent,85.29,96.33,50.31,36.5,94.01,79.3468,3.66,2,0,0,0,0,0,0,1,94165.19,0.0837,low,0.0
CUST009547,834,excellent,98.62,78.75,91.26,78.44,93.85,89.0576,13.27,18,0,0,0,0,0,2,1,139445.81,0.7036,low,0.6667
CUST009548,821,excellent,95.55,83.18,83.32,65.1,94.12,86.8164,21.61,6,0,0,0,0,0,1,0,34779.97,0.7128,low,0.5
CUST009549,779,excellent,87.93,90.43,47.26,64.38,84.75,79.9042,5.77,2,1,0,0,0,0,1,7,109467.69,0.7192,low,0.125
CUST009550,828,excellent,94.13,89.15,74.24,78.87,93.55,88.0707,10.49,5,0,0,0,0,0,2,6,209486.74,0.9423,low,0.25
CUST009551,744,good,93.96,82.35,22.98,39.31,90.56,74.0255,14.08,0,0,0,0,0,0,0,0,75995.71,0.1463,low,0.0
CUST009552,824,excellent,94.47,81.74,94.42,58.5,97.82,87.3814,14.98,12,0,0,0,0,0,0,2,89597.55,0.1569,low,0.0
CUST009553,698,risky,64.67,95.14,37.52,36.54,58.46,66.3052,1.02,1,3,3,0,0,0,0,2,76428.36,0.2207,low,0.0
CUST009554,705,good,68.09,78.5,41.41,47.28,91.68,67.4874,13.1,1,1,1,0,0,0,0,1,238424.64,0.0735,low,0.0
CUST009555,748,good,94.75,89.65,13.13,40.43,85.76,74.6475,4.82,0,1,0,0,0,0,0,2,412075.9,0.146,low,0.0
CUST009556,725,good,53.95,97.87,81.85,31.96,70.58,70.7771,2.83,9,2,4,0,0,0,0,7,106570.39,0.0117,low,0.0
CUST009557,723,good,62.47,80.38,72.7,38.14,97.39,70.4362,13.48,6,0,3,0,0,0,0,2,35749.53,0.0325,low,0.0
CUST009558,727,good,63.14,90.18,67.0,31.69,87.63,71.1353,1.22,8,1,3,0,0,0,0,1,93866.87,0.1028,low,0.0
CUST009559,814,excellent,88.84,93.66,70.15,76.0,83.23,85.6374,0.16,6,1,0,0,0,0,1,7,314773.25,0.5228,low,0.125
CUST009560,833,excellent,94.75,81.74,99.62,69.29,92.15,88.7729,10.51,14,0,0,0,0,0,1,7,70154.89,0.7494,low,0.125
CUST009561,708,good,63.24,85.78,81.93,38.94,40.28,68.0804,12.86,5,3,2,0,0,0,0,1,113481.12,0.0009,low,0.0
CUST009562,837,excellent,99.47,94.73,98.11,34.92,81.22,89.5645,7.02,10,1,0,0,0,0,0,2,178785.09,0.1593,low,0.0
CUST009563,673,risky,29.24,99.58,88.04,46.78,41.81,62.1737,1.76,17,6,7,0,0,0,0,0,57712.38,0.5668,low,0.0
CUST009564,804,excellent,87.91,92.53,71.8,48.0,98.38,83.9382,0.49,6,0,0,0,0,0,0,6,35831.91,0.0909,low,0.0
CUST009565,754,excellent,91.36,78.91,38.54,61.05,81.61,75.6966,11.5,1,1,0,0,0,0,1,6,151068.58,0.6597,low,0.1429
CUST009566,814,excellent,95.38,93.75,57.04,64.54,91.12,85.6287,3.54,3,0,0,0,0,0,1,6,445374.44,0.6624,low,0.1429
CUST009567,673,risky,43.77,82.15,78.44,35.91,68.01,62.123,12.91,6,2,4,0,0,0,0,3,25710.76,0.0901,low,0.0
CUST009568,846,excellent,95.74,93.06,99.12,56.92,90.11,90.996,7.71,12,0,0,0,0,0,1,6,69145.12,0.8224,low,0.1429
CUST009569,671,risky,60.48,89.64,22.13,41.62,62.86,61.8263,4.57,0,4,1,0,0,0,0,3,247323.97,0.1167,low,0.0
CUST009570,815,excellent,76.09,96.58,97.89,56.22,98.6,85.7695,0.34,19,0,0,0,0,0,1,3,23234.45,0.5084,low,0.25
CUST009571,785,excellent,86.49,74.79,92.05,45.33,97.06,80.7545,39.02,16,0,0,0,0,0,0,1,457563.52,0.1556,low,0.0
CUST009572,845,excellent,91.51,96.16,92.23,70.36,90.55,90.8033,6.02,15,0,0,0,0,0,1,1,86217.7,0.4286,low,0.5
CUST009573,832,excellent,95.67,94.04,96.6,30.15,95.14,88.7137,0.08,18,0,0,0,0,0,0,5,186756.59,0.0922,low,0.0
CUST009574,816,excellent,87.75,89.92,92.94,48.03,95.04,85.9369,8.2,12,0,0,0,0,0,1,7,5294.15,0.7484,low,0.125
CUST009575,762,excellent,59.73,95.74,98.17,70.1,56.49,77.011,1.73,11,4,1,0,0,0,1,2,19256.84,0.7457,low,0.3333
CUST009576,686,risky,57.44,75.92,95.88,41.13,28.88,64.2628,10.44,18,5,3,0,0,0,0,6,205282.46,0.1997,low,0.0
CUST009577,822,excellent,87.56,98.94,89.34,47.4,85.41,87.0081,2.16,12,1,0,0,0,0,0,1,89322.6,0.1462,low,0.0
CUST009578,790,excellent,89.16,93.39,64.99,40.19,86.46,81.6341,6.13,3,1,0,0,0,0,0,2,265470.82,0.057,low,0.0
CUST009579,650,risky,43.94,91.72,20.12,44.35,79.72,58.3183,0.19,0,2,2,0,0,0,0,4,79080.81,0.0609,low,0.0
CUST009580,802,excellent,94.71,85.24,84.61,33.87,88.86,83.685,12.58,8,1,0,0,0,0,0,0,95049.31,0.1109,low,0.0
CUST009581,829,excellent,87.65,93.09,98.78,79.89,67.43,88.1524,8.3,13,2,0,0,0,0,1,2,480254.11,0.7853,low,0.3333
CUST009582,817,excellent,99.34,86.09,86.89,37.59,88.49,86.2342,10.53,14,1,0,0,0,0,0,4,125349.74,0.1231,low,0.0
CUST009583,781,excellent,91.08,92.28,54.97,41.01,82.26,80.1364,5.08,2,1,0,0,0,0,0,1,195391.85,0.0977,low,0.0
CUST009584,712,good,43.45,88.62,96.67,40.82,83.5,68.7258,10.55,15,1,4,0,0,0,0,3,16789.7,0.0352,low,0.0
CUST009585,742,good,57.37,95.58,97.41,31.51,71.89,73.7018,8.84,20,2,1,0,0,0,0,4,37506.42,0.2071,low,0.0
CUST009586,806,excellent,92.05,84.09,87.89,43.64,94.19,84.4125,11.11,17,0,0,0,0,0,0,4,92472.98,0.0271,low,0.0
CUST009587,830,excellent,86.52,91.16,93.15,70.02,97.06,88.3078,5.51,12,0,0,0,0,0,1,1,91336.27,0.4707,low,0.5
CUST009588,724,good,53.99,98.77,67.55,44.01,76.44,70.704,7.75,5,2,1,0,0,0,0,5,139277.59,0.2161,low,0.0
CUST009589,807,excellent,92.49,96.86,73.54,30.01,89.93,84.4531,6.56,6,1,0,0,0,0,0,5,151260.48,0.0205,low,0.0
CUST009590,799,excellent,97.34,97.85,35.12,45.62,99.4,83.1955,6.75,1,0,0,0,0,0,1,3,106595.82,0.7839,low,0.25
CUST009591,834,excellent,91.28,99.62,88.38,47.39,91.02,88.9344,5.83,20,1,0,0,0,0,0,0,92632.39,0.0189,low,0.0
CUST009592,536,high_risk,4.95,78.96,23.14,49.23,55.18,39.3358,13.25,0,4,3,1,1,1,0,1,88153.69,0.4473,low,0.0
CUST009593,-1,no_history,36.95,84.37,33.42,43.89,63.15,53.9592,14.68,0,3,1,0,0,0,0,5,145028.5,0.2119,low,0.0
CUST009594,858,excellent,94.09,98.08,96.78,67.45,94.08,93.028,8.57,12,0,0,0,0,0,1,4,127287.79,0.9325,low,0.2
CUST009595,804,excellent,87.41,96.34,68.55,45.74,96.72,84.0258,5.0,9,0,0,0,0,0,1,7,149743.3,0.7388,low,0.125
CUST009596,793,excellent,91.16,88.18,75.95,33.11,91.78,82.2402,3.22,6,1,0,0,0,0,0,5,734715.84,0.0919,low,0.0
CUST009597,782,excellent,87.34,89.16,48.57,70.29,87.64,80.3951,11.25,3,1,0,0,0,0,1,3,38459.27,0.583,low,0.25
CUST009598,602,high_risk,15.62,98.33,66.15,42.67,12.17,50.3739,8.41,7,7,6,0,0,1,0,0,114751.52,0.6182,low,0.0
CUST009599,722,good,85.93,85.4,25.47,33.42,74.33,70.2917,11.95,0,2,0,0,0,0,0,5,188729.46,0.1477,low,0.0
CUST009600,817,excellent,92.63,94.63,87.33,33.61,88.33,86.1019,8.02,12,1,0,0,0,0,0,7,68876.18,0.042,low,0.0
CUST009601,843,excellent,92.28,95.55,95.24,56.59,96.14,90.5231,2.06,10,0,0,0,0,0,1,2,38268.81,0.7782,low,0.3333
CUST009602,847,excellent,94.67,89.01,91.77,78.42,96.82,91.1285,12.01,19,0,0,0,0,0,2,2,148546.8,0.5669,low,0.5
CUST009603,703,good,57.58,61.48,89.96,59.31,91.38,67.1607,38.99,13,1,2,0,0,0,0,0,145337.86,0.1889,low,0.0
CUST009604,760,excellent,87.27,91.49,25.89,49.4,98.94,76.7074,2.01,0,0,0,0,0,0,0,3,67506.37,0.0793,low,0.0
CUST009605,696,risky,31.92,92.07,89.12,48.61,89.19,65.942,6.87,17,1,3,0,0,0,0,6,64799.42,0.1577,low,0.0
CUST009606,767,excellent,98.78,67.21,57.56,53.75,90.84,77.8284,36.84,4,1,0,0,0,0,0,6,112892.19,0.0094,low,0.0
CUST009607,844,excellent,98.4,78.82,99.93,76.16,99.32,90.6241,10.5,12,0,0,0,0,0,1,7,140281.47,0.6288,low,0.125
CUST009608,759,excellent,85.52,83.45,58.9,34.75,91.92,76.4695,12.25,2,0,0,0,0,0,0,0,63509.14,0.0022,low,0.0
CUST009609,592,high_risk,10.98,81.16,85.63,40.77,35.46,48.6568,13.22,20,6,6,1,0,1,0,4,24815.66,0.4268,low,0.0
CUST009610,813,excellent,97.53,85.52,89.63,56.17,66.98,85.5527,18.77,11,2,0,0,0,0,0,6,62716.97,0.1545,low,0.0
CUST009611,778,excellent,85.77,96.27,59.46,43.02,75.03,79.6243,8.06,2,2,0,0,0,0,0,3,124306.79,0.0405,low,0.0
CUST009612,755,excellent,96.42,76.94,28.77,47.5,99.43,75.8359,11.3,0,0,0,0,0,0,0,3,336227.2,0.1234,low,0.0
CUST009613,690,risky,56.21,92.72,50.12,49.76,49.93,64.9733,2.58,2,4,3,0,0,0,0,7,73827.01,0.1051,low,0.0
CUST009614,786,excellent,86.86,87.3,72.81,43.54,91.73,81.0375,10.67,7,1,0,0,0,0,0,4,12897.63,0.1092,low,0.0
CUST009615,810,excellent,93.84,80.9,92.05,49.13,91.21,84.9567,10.97,11,1,0,0,0,0,1,2,37578.5,0.4357,low,0.3333
CUST009616,827,excellent,99.79,78.89,95.29,59.23,90.51,87.8625,12.49,10,0,0,0,0,0,1,1,33035.6,0.6866,low,0.5
CUST009617,811,excellent,97.28,95.01,57.51,42.92,97.63,85.2344,5.77,2,0,0,0,0,0,0,3,98753.41,0.0712,low,0.0
CUST009618,735,good,86.77,85.96,20.27,43.47,90.07,72.5512,11.14,0,1,0,0,0,0,0,5,280503.09,0.0568,low,0.0
CUST009619,703,good,35.11,99.92,93.59,39.72,68.82,67.1577,0.31,18,2,2,0,0,0,0,4,283551.08,0.0048,low,0.0
CUST009620,771,excellent,98.18,80.5,42.11,44.63,91.87,78.4792,10.88,1,0,0,0,0,0,0,5,113751.07,0.1486,low,0.0
CUST009621,851,excellent,97.08,90.61,89.39,74.48,98.51,91.8682,5.13,11,0,0,0,0,0,1,3,30721.28,0.3361,low,0.25
CUST009622,811,excellent,88.49,93.57,82.28,46.45,91.91,85.2225,9.71,7,1,0,0,0,0,0,0,25242.19,0.1157,low,0.0
CUST009623,791,excellent,97.82,77.9,75.78,38.26,90.85,81.8835,10.58,7,0,0,0,0,0,0,7,30412.68,0.0505,low,0.0
CUST009624,614,high_risk,20.6,89.86,68.77,30.33,47.68,52.2855,13.3,6,3,3,0,0,1,0,4,152683.14,0.3228,low,0.0
CUST009625,648,high_risk,20.87,88.71,92.49,44.8,57.88,58.0576,5.24,15,3,8,0,0,1,0,4,40964.82,0.1923,low,0.0
CUST009626,617,high_risk,25.47,89.92,39.61,38.18,71.96,52.8459,6.87,1,2,8,0,0,1,0,0,151261.91,0.4163,low,0.0
CUST009627,645,high_risk,46.06,60.38,83.65,53.04,53.61,57.4463,40.32,9,3,2,0,0,0,0,3,199638.39,0.1266,low,0.0
CUST009628,838,excellent,96.04,95.23,94.92,35.33,96.78,89.6309,9.16,20,0,0,0,0,0,0,7,222187.24,0.1318,low,0.0
CUST009629,830,excellent,92.33,92.81,94.39,48.24,91.59,88.3011,6.92,10,1,0,0,0,0,0,7,326339.87,0.03,low,0.0
CUST009630,706,good,64.5,76.03,49.55,49.44,99.36,67.6984,14.57,1,0,2,0,0,0,0,3,122993.88,0.0186,low,0.0
CUST009631,789,excellent,86.95,89.4,68.59,49.02,90.18,81.4584,4.3,9,1,0,0,0,0,1,3,84335.49,0.3868,low,0.25
CUST009632,686,risky,28.17,99.69,93.62,63.15,52.78,64.4017,6.3,10,4,5,0,0,0,1,5,233728.24,1.3173,low,0.1667
CUST009633,580,high_risk,9.39,75.29,99.36,33.05,25.24,46.6074,10.11,13,6,6,0,1,1,0,2,39263.92,0.345,low,0.0
CUST009634,738,good,93.44,38.7,83.37,65.84,96.34,73.0373,59.65,9,0,0,0,0,0,1,7,54875.19,0.8986,low,0.125
CUST009635,700,good,54.92,83.13,70.93,31.93,86.57,66.6483,12.63,6,1,2,0,0,0,0,3,81388.38,0.2424,low,0.0
CUST009636,657,risky,22.16,97.65,96.62,48.03,32.04,59.5531,8.47,19,5,5,0,0,1,0,7,243982.45,0.5118,low,0.0
CUST009637,832,excellent,96.37,87.59,99.39,48.7,89.39,88.7241,11.27,15,1,0,0,0,0,1,7,70804.16,0.6427,low,0.125
CUST009638,795,excellent,75.23,95.94,95.79,47.58,82.27,82.4654,3.73,14,1,1,0,0,0,1,2,22518.41,0.868,low,0.3333
CUST009639,805,excellent,88.04,88.12,89.04,40.23,95.32,84.1625,13.38,10,0,0,0,0,0,0,2,74656.12,0.0557,low,0.0
CUST009640,810,excellent,85.87,95.86,88.87,42.8,85.74,84.9967,9.79,19,1,0,0,0,0,0,3,54199.21,0.0131,low,0.0
CUST009641,793,excellent,92.21,89.9,49.63,56.3,97.88,82.108,5.21,4,0,0,0,0,0,1,0,71733.36,0.906,low,0.5
CUST009642,730,good,63.96,94.7,46.63,43.41,95.09,71.6399,3.02,3,0,2,0,0,0,0,5,23420.71,0.0631,low,0.0
CUST009643,785,excellent,86.62,80.85,80.03,43.22,99.84,80.8813,11.27,7,0,0,0,0,0,0,4,53116.17,0.0276,low,0.0
CUST009644,843,excellent,96.58,89.94,99.0,54.08,95.18,90.5606,8.27,11,0,0,0,0,0,1,0,251222.61,0.7743,low,0.5
CUST009645,816,excellent,92.68,95.26,70.08,48.74,96.12,86.0128,6.66,8,0,0,0,0,0,1,0,90221.09,0.4323,low,0.5
CUST009646,722,good,53.03,86.82,93.76,70.76,45.76,70.3238,14.75,15,3,4,0,0,0,1,7,56533.45,0.7921,low,0.125
CUST009647,757,excellent,65.09,88.46,78.82,55.81,95.12,76.2352,9.36,9,0,1,0,0,0,1,5,116651.13,0.4935,low,0.1667
CUST009648,788,excellent,74.92,92.62,84.78,50.39,95.53,81.3166,5.6,5,0,0,0,0,0,1,7,28122.74,0.4946,low,0.125
CUST009649,834,excellent,94.49,95.13,81.66,63.03,87.86,88.9503,3.46,7,1,0,0,0,0,1,4,762470.9,0.4164,low,0.2
CUST009650,729,good,65.32,99.77,46.36,35.63,81.64,71.4746,6.37,1,1,0,0,0,0,0,5,65343.98,0.0474,low,0.0
CUST009651,777,excellent,95.64,86.45,46.69,46.37,84.92,79.544,10.57,2,1,0,0,0,0,0,7,100943.84,0.0272,low,0.0
CUST009652,837,excellent,85.75,96.3,90.5,73.07,97.61,89.5472,6.79,15,0,0,0,0,0,1,1,107163.63,0.4118,low,0.5
CUST009653,789,excellent,92.77,84.54,73.8,31.6,94.56,81.5185,11.03,8,0,0,0,0,0,0,1,242069.02,0.1014,low,0.0
CUST009654,690,risky,41.91,92.39,54.76,63.8,90.92,65.072,6.7,2,1,1,0,0,0,1,3,77055.35,1.3511,low,0.25
CUST009655,829,excellent,94.79,88.05,95.69,44.95,96.58,88.0968,4.22,12,0,0,0,0,0,0,0,177562.46,0.0458,low,0.0
CUST009656,830,excellent,88.97,98.37,95.11,37.9,96.88,88.3953,0.06,18,0,0,0,0,0,0,7,184454.42,0.119,low,0.0
CUST009657,744,good,50.29,97.51,93.39,41.29,90.23,74.0142,3.46,13,1,4,0,0,0,0,4,30220.19,0.0478,low,0.0
CUST009658,830,excellent,91.08,94.7,94.65,40.1,97.67,88.2614,3.33,11,0,0,0,0,0,0,5,173999.56,0.0701,low,0.0
CUST009659,810,excellent,93.75,96.92,49.74,62.39,94.11,84.9998,5.06,4,0,0,0,0,0,1,5,75783.46,0.8086,low,0.1667
CUST009660,805,excellent,96.57,83.45,76.44,54.92,83.06,84.1006,10.4,7,1,0,0,0,0,1,0,195903.28,0.4349,low,0.5
CUST009661,752,excellent,95.27,93.36,24.97,31.51,71.3,75.3817,7.38,0,2,0,0,0,0,0,0,203785.18,0.0313,low,0.0
CUST009662,869,excellent,94.01,95.27,96.83,88.22,99.83,94.8143,6.88,19,0,0,0,0,0,2,0,187536.06,0.6183,low,0.6667
CUST009663,759,excellent,85.5,88.65,41.9,43.83,92.7,76.4552,14.85,1,0,0,0,0,0,0,4,31182.8,0.1152,low,0.0
CUST009664,808,excellent,96.66,76.98,82.24,56.26,98.14,84.7013,13.56,5,0,0,0,0,0,1,2,188748.56,0.7027,low,0.3333
CUST009665,823,excellent,95.56,76.6,95.74,72.15,90.83,87.085,14.62,11,0,0,0,0,0,1,0,56130.7,0.4924,low,0.5
CUST009666,828,excellent,96.47,96.99,71.15,46.98,98.4,88.0713,1.45,8,0,0,0,0,0,0,0,241332.24,0.0317,low,0.0
CUST009667,755,excellent,92.89,89.32,21.08,40.75,92.13,75.7588,12.95,0,0,0,0,0,0,0,5,288787.86,0.1616,low,0.0
CUST009668,740,good,67.1,83.95,78.7,56.97,71.86,73.3594,12.21,6,2,1,0,0,0,1,5,65223.52,0.5673,low,0.1667
CUST009669,823,excellent,95.6,92.25,72.02,64.02,88.38,87.1792,2.71,5,1,0,0,0,0,1,0,385209.58,0.8504,low,0.5
CUST009670,709,good,47.55,82.6,90.54,39.06,91.8,68.0896,13.25,16,0,3,0,0,0,0,2,127641.03,0.2171,low,0.0
CUST009671,630,high_risk,19.88,91.26,81.14,72.43,22.92,55.0398,0.94,8,5,5,0,0,0,1,0,72050.12,1.8864,moderate,0.5
CUST009672,691,risky,64.17,94.22,42.05,34.43,46.3,65.1043,9.43,1,3,3,0,0,0,0,1,154550.51,0.1918,low,0.0
CUST009673,743,good,85.13,78.69,54.74,34.69,87.31,73.8124,12.64,2,1,0,0,0,0,0,1,89014.08,0.0032,low,0.0
CUST009674,811,excellent,97.31,75.67,85.89,60.89,94.08,85.139,11.48,17,0,0,0,0,0,1,4,174897.83,0.6907,low,0.2
CUST009675,812,excellent,88.98,90.38,84.29,46.88,96.7,85.2569,5.32,6,0,0,0,0,0,0,3,20826.93,0.0281,low,0.0
CUST009676,731,good,56.24,92.15,86.7,74.2,50.57,71.8095,8.81,10,3,4,0,0,0,1,3,172228.88,1.0804,low,0.25
CUST009677,822,excellent,88.21,91.28,90.19,61.74,90.75,87.0347,9.98,15,1,0,0,0,0,1,6,153431.31,0.4484,low,0.1429
CUST009678,679,risky,51.25,85.28,42.37,35.8,97.46,63.1994,11.27,1,0,4,0,0,0,0,0,163349.66,0.213,low,0.0
CUST009679,834,excellent,77.99,98.06,97.4,77.68,99.62,89.0539,9.62,12,0,1,0,0,0,1,1,486239.54,0.4063,low,0.5
CUST009680,808,excellent,97.91,91.74,65.29,31.99,98.17,84.6014,3.32,7,0,0,0,0,0,0,2,90298.62,0.1137,low,0.0
CUST009681,685,risky,44.76,92.53,53.14,44.96,83.54,64.2457,5.51,2,1,1,0,0,0,0,1,114115.7,0.1162,low,0.0
CUST009682,807,excellent,98.86,99.54,51.12,32.6,91.02,84.4927,2.2,4,1,0,0,0,0,0,1,101248.62,0.1316,low,0.0
CUST009683,831,excellent,99.84,93.62,51.52,86.62,90.66,88.487,3.32,2,0,0,0,0,0,2,7,143953.93,0.4406,low,0.2222
CUST009684,747,good,89.8,83.37,32.62,33.9,96.97,74.4218,12.64,0,0,0,0,0,0,0,0,120302.35,0.0009,low,0.0
CUST009685,777,excellent,87.73,84.36,73.71,32.64,92.08,79.5414,10.69,5,0,0,0,0,0,0,3,91462.62,0.0028,low,0.0
CUST009686,745,good,46.92,92.15,81.74,79.16,99.93,74.2362,9.45,5,0,2,0,0,0,1,0,12918.25,0.974,low,0.5
CUST009687,792,excellent,92.29,94.42,43.83,55.73,93.09,82.0832,9.29,1,0,0,0,0,0,1,3,139465.36,0.9048,low,0.25
CUST009688,766,excellent,89.73,83.39,22.34,91.75,86.35,77.584,14.51,0,1,0,0,0,0,2,3,68621.99,0.9686,low,0.4
CUST009689,707,good,88.36,76.33,14.89,38.08,80.14,67.8812,11.34,0,1,0,0,0,0,0,0,154473.83,0.0281,low,0.0
CUST009690,629,high_risk,14.62,89.68,85.76,66.62,43.65,54.9135,1.41,12,6,6,0,0,0,1,7,72614.7,1.4532,low,0.125
CUST009691,785,excellent,93.63,82.29,64.93,57.55,78.77,80.8286,25.82,3,2,0,0,0,0,1,7,419390.09,0.5083,low,0.125
CUST009692,694,risky,61.84,80.19,31.98,76.06,85.7,65.6733,12.12,0,1,1,0,0,0,1,0,7760.55,1.4453,low,0.5
CUST009693,827,excellent,85.35,96.21,79.98,83.68,86.95,87.7948,3.78,9,1,0,0,0,0,2,3,59370.37,0.5029,low,0.4
CUST009694,741,good,89.77,86.81,18.12,41.51,91.59,73.4903,14.33,0,0,0,0,0,0,0,3,83448.5,0.1227,low,0.0
CUST009695,807,excellent,92.75,88.94,76.54,47.01,91.56,84.4828,13.28,9,0,0,0,0,0,0,4,10149.21,0.0451,low,0.0
CUST009696,795,excellent,90.67,88.12,71.55,47.5,89.06,82.5556,9.03,5,1,0,0,0,0,1,3,241667.82,0.4407,low,0.25
CUST009697,746,good,76.75,90.67,53.08,35.67,86.8,74.2734,5.52,4,1,1,0,0,0,0,0,155585.42,0.0602,low,0.0
CUST009698,807,excellent,94.09,87.02,86.29,31.35,93.48,84.4624,10.29,10,0,0,0,0,0,0,0,56310.32,0.0061,low,0.0
CUST009699,784,excellent,97.96,87.48,45.39,39.06,94.41,80.6865,11.79,1,0,0,0,0,0,0,5,68202.11,0.1101,low,0.0
CUST009700,625,high_risk,40.4,79.29,49.29,46.41,42.1,54.1709,10.75,2,3,1,0,0,0,0,6,111346.49,0.1447,low,0.0
CUST009701,719,good,46.87,96.17,87.15,36.11,78.52,69.7911,5.22,12,2,1,0,0,0,0,4,93577.41,0.0565,low,0.0
CUST009702,666,risky,40.45,80.33,77.93,37.84,72.28,60.957,13.15,8,2,1,0,0,0,0,3,129942.4,0.2385,low,0.0
CUST009703,675,risky,31.11,89.7,97.38,32.83,67.86,62.4731,2.15,10,2,3,0,0,0,0,1,123794.79,0.0035,low,0.0
CUST009704,772,excellent,68.83,93.24,69.57,78.11,83.78,78.6853,2.41,9,1,1,0,0,0,1,2,45373.72,0.9478,low,0.3333
CUST009705,781,excellent,91.49,90.33,48.81,45.79,91.87,80.2076,9.07,4,1,0,0,0,0,0,7,191727.8,0.1083,low,0.0
CUST009706,585,high_risk,23.76,88.33,19.47,66.68,40.84,47.4859,1.0,0,4,6,0,0,0,1,2,378765.23,1.5727,moderate,0.3333
CUST009707,778,excellent,88.09,88.68,51.16,49.08,97.21,79.738,11.07,3,0,0,0,0,0,0,6,28921.51,0.0664,low,0.0
CUST009708,830,excellent,97.02,92.63,86.98,43.79,91.45,88.3152,1.7,12,0,0,0,0,0,0,5,91399.66,0.097,low,0.0
CUST009709,725,good,89.19,77.8,24.62,43.22,82.61,70.8311,12.86,0,1,0,0,0,0,0,0,27725.75,0.1548,low,0.0
CUST009710,653,risky,44.12,83.19,56.55,34.84,64.22,58.7878,11.65,4,3,3,0,0,0,0,2,289304.54,0.0261,low,0.0
CUST009711,833,excellent,99.12,89.41,96.55,37.72,91.08,88.8779,10.28,13,1,0,0,0,0,0,4,285951.81,0.0823,low,0.0
CUST009712,563,high_risk,17.34,79.79,62.94,33.26,10.29,43.801,11.92,3,7,4,0,0,1,0,7,100084.09,0.6384,low,0.0
CUST009713,754,excellent,69.61,77.79,69.49,79.57,96.44,75.7238,13.81,5,0,0,0,0,0,1,1,100919.2,0.6235,low,0.5
CUST009714,799,excellent,99.01,84.4,83.28,36.93,70.7,83.2287,12.11,5,2,0,0,0,0,0,3,141443.08,0.0204,low,0.0
CUST009715,818,excellent,91.66,85.81,94.93,46.34,95.59,86.2582,12.25,15,0,0,0,0,0,0,5,350701.53,0.0457,low,0.0
CUST009716,783,excellent,87.52,88.11,67.84,37.61,94.15,80.4178,2.21,6,0,0,0,0,0,0,1,192055.18,0.0755,low,0.0
CUST009717,734,good,60.61,92.54,86.16,73.06,41.63,72.3679,7.41,10,3,3,0,0,0,1,5,86405.87,1.443,low,0.1667
CUST009718,833,excellent,99.48,88.28,81.37,53.41,99.15,88.7634,12.33,6,0,0,0,0,0,1,2,12563.96,0.5628,low,0.3333
CUST009719,809,excellent,95.2,82.94,82.39,49.75,92.29,84.7645,11.18,5,0,0,0,0,0,0,2,331342.4,0.0182,low,0.0
CUST009720,723,good,75.06,99.73,12.2,32.1,91.98,70.4292,6.52,0,0,1,0,0,0,0,1,147873.39,0.0688,low,0.0
CUST009721,808,excellent,94.07,84.73,81.04,46.35,95.43,84.6798,14.98,5,0,0,0,0,0,0,5,5734.9,0.1428,low,0.0
CUST009722,823,excellent,95.7,93.11,85.98,30.13,98.62,87.1992,8.03,13,0,0,0,0,0,0,2,384065.14,0.0482,low,0.0
CUST009723,598,high_risk,11.53,88.82,84.42,39.36,24.58,49.7367,1.87,5,5,7,0,0,1,0,1,27844.69,0.4976,low,0.0
CUST009724,759,excellent,93.35,89.21,22.58,42.85,94.44,76.5508,6.09,0,0,0,0,0,0,0,6,37458.41,0.0117,low,0.0
CUST009725,796,excellent,96.09,89.53,74.08,33.36,77.41,82.6806,7.91,7,2,0,0,0,0,0,7,133115.02,0.0177,low,0.0
CUST009726,747,good,95.63,89.09,18.88,39.2,75.25,74.4764,3.85,0,2,0,0,0,0,0,2,47560.23,0.1459,low,0.0
CUST009727,759,excellent,88.8,78.12,77.23,33.26,70.39,76.4653,12.69,5,2,0,0,0,0,0,4,63602.71,0.0203,low,0.0
CUST009728,849,excellent,96.37,95.58,96.71,49.9,95.74,91.4732,5.37,13,0,0,0,0,0,0,4,173325.81,0.152,low,0.0
CUST009729,768,excellent,91.81,83.86,50.23,49.35,82.18,77.9795,14.27,4,1,0,0,0,0,0,6,297445.27,0.1148,low,0.0
CUST009730,829,excellent,86.49,92.42,98.02,64.04,91.15,88.2213,6.67,10,1,0,0,0,0,1,1,33129.25,0.8341,low,0.5
CUST009731,828,excellent,87.38,92.26,92.86,61.81,96.07,87.9778,8.73,14,0,0,0,0,0,1,0,157980.72,0.4831,low,0.5
CUST009732,811,excellent,91.34,89.61,87.48,49.12,83.53,85.2405,8.83,17,1,0,0,0,0,0,7,210955.89,0.1613,low,0.0
CUST009733,767,excellent,89.56,83.05,60.17,42.28,82.57,77.7737,11.26,3,1,0,0,0,0,0,5,96852.92,0.0737,low,0.0
CUST009734,775,excellent,98.95,78.56,54.71,38.7,89.12,79.1879,14.88,3,1,0,0,0,0,0,6,149639.35,0.0644,low,0.0
CUST009735,826,excellent,97.42,92.56,72.01,54.09,96.1,87.6872,3.54,9,0,0,0,0,0,1,4,89725.09,0.4954,low,0.2
CUST009736,758,excellent,94.1,57.56,81.94,45.98,91.84,76.2748,42.12,7,0,0,0,0,0,1,4,749868.55,0.6922,low,0.2
CUST009737,805,excellent,88.64,84.44,96.98,41.94,90.58,84.1523,12.73,10,0,0,0,0,0,0,7,50130.97,0.1044,low,0.0
CUST009738,853,excellent,96.78,96.67,99.8,49.25,93.72,92.1441,5.33,13,0,0,0,0,0,0,1,65497.38,0.0512,low,0.0
CUST009739,848,excellent,93.17,99.55,93.73,50.91,97.6,91.3834,8.27,10,0,0,0,0,0,1,6,169619.42,0.3639,low,0.1429
CUST009740,848,excellent,97.76,95.04,99.81,49.03,87.16,91.3176,5.14,14,1,0,0,0,0,1,5,116863.91,0.9299,low,0.1667
CUST009741,739,good,51.82,97.14,96.71,64.84,58.56,73.1247,0.09,18,4,3,0,0,0,1,4,172031.07,1.3321,low,0.2
CUST009742,813,excellent,98.04,87.71,74.12,59.85,77.77,85.5054,10.85,5,2,0,0,0,0,1,6,58046.69,0.5399,low,0.1429
CUST009743,804,excellent,91.37,84.42,81.2,49.79,96.1,84.0732,13.77,5,0,0,0,0,0,0,4,122103.68,0.056,low,0.0
CUST009744,792,excellent,95.34,88.64,54.83,43.96,94.79,82.0597,5.22,2,0,0,0,0,0,0,7,34707.14,0.1046,low,0.0
CUST009745,832,excellent,96.84,97.38,95.45,43.42,69.31,88.6985,8.09,10,2,0,0,0,0,0,3,140978.8,0.005,low,0.0
CUST009746,649,high_risk,40.51,89.33,13.64,73.78,78.43,58.2449,4.74,0,2,2,0,0,0,1,5,491138.42,0.9245,low,0.1667
CUST009747,802,excellent,90.43,98.94,57.79,46.73,89.43,83.618,8.15,2,1,0,0,0,0,0,5,141683.71,0.1593,low,0.0
CUST009748,802,excellent,87.61,88.99,84.2,39.64,97.76,83.7314,0.29,5,0,0,0,0,0,0,4,72217.78,0.0712,low,0.0
CUST009749,844,excellent,99.3,90.02,87.7,61.78,96.16,90.711,1.89,19,0,0,0,0,0,1,3,404366.28,0.6902,low,0.25
CUST009750,776,excellent,97.67,62.82,68.86,61.08,97.99,79.2651,46.89,7,0,0,0,0,0,1,5,9496.68,0.6813,low,0.1667
CUST009751,667,risky,43.7,98.35,47.16,42.88,50.61,61.2224,4.34,1,3,4,0,0,0,0,3,76776.21,0.0318,low,0.0
CUST009752,797,excellent,90.29,86.47,87.95,47.66,74.14,82.9123,14.58,13,2,0,0,0,0,0,6,207802.22,0.1082,low,0.0
CUST009753,582,high_risk,16.64,84.71,53.75,47.51,30.22,47.0731,14.88,3,6,3,0,0,1,0,6,490721.13,0.2776,low,0.0
CUST009754,771,excellent,90.77,75.06,72.15,37.34,96.86,78.5287,12.87,6,0,0,0,0,0,0,7,164874.3,0.0328,low,0.0
CUST009755,821,excellent,91.02,79.52,99.7,71.82,90.39,86.8892,23.12,10,1,0,0,0,0,1,2,73997.96,0.8013,low,0.3333
CUST009756,824,excellent,99.65,98.85,51.38,62.9,88.86,87.4129,7.77,3,1,0,0,0,0,1,7,26792.63,0.629,low,0.125
CUST009757,697,risky,90.0,46.16,32.39,61.2,97.66,66.0893,53.13,1,0,0,0,0,0,0,2,40215.86,0.9404,low,0.0
CUST009758,786,excellent,86.45,84.18,77.73,40.82,97.01,80.9555,14.97,7,0,0,0,0,0,0,1,105203.49,0.0483,low,0.0
CUST009759,823,excellent,88.07,91.1,87.03,64.62,95.56,87.2273,6.34,14,0,0,0,0,0,1,4,145899.16,0.5481,low,0.2
CUST009760,807,excellent,86.95,88.17,97.11,39.83,90.0,84.4316,8.62,12,0,0,0,0,0,0,3,28173.39,0.085,low,0.0
CUST009761,806,excellent,99.75,88.65,44.19,64.59,96.84,84.2806,3.51,1,0,0,0,0,0,1,7,133501.59,0.432,low,0.125
CUST009762,798,excellent,89.1,80.59,86.4,49.79,96.82,82.982,13.15,19,0,0,0,0,0,1,2,253361.04,0.3964,low,0.3333
CUST009763,776,excellent,88.42,91.62,57.48,36.22,86.92,79.3683,7.74,2,1,0,0,0,0,0,2,149832.6,0.0028,low,0.0
CUST009764,824,excellent,93.4,91.77,78.13,56.84,96.51,87.2772,5.9,5,0,0,0,0,0,1,5,37651.82,0.7035,low,0.1667
CUST009765,813,excellent,87.14,95.35,86.97,47.3,86.31,85.5106,2.01,13,1,0,0,0,0,0,3,43540.28,0.1223,low,0.0
CUST009766,824,excellent,97.78,98.25,67.62,48.96,85.7,87.3072,3.22,8,1,0,0,0,0,0,0,367984.18,0.166,low,0.0
CUST009767,731,good,94.08,78.26,13.84,34.06,98.97,71.7858,14.83,0,0,0,0,0,0,0,6,182558.57,0.1085,low,0.0
CUST009768,756,excellent,85.7,84.74,54.18,33.8,90.37,75.9602,14.11,2,1,0,0,0,0,0,3,70650.91,0.1249,low,0.0
CUST009769,834,excellent,98.12,88.68,81.68,64.01,94.6,89.059,12.25,6,0,0,0,0,0,0,5,201074.98,0.1195,low,0.0
CUST009770,776,excellent,78.58,87.82,74.47,46.17,97.41,79.3738,12.51,6,0,0,0,0,0,0,7,226084.54,0.0274,low,0.0
CUST009771,804,excellent,85.31,89.8,94.14,32.59,98.62,84.0387,0.08,12,0,0,0,0,0,0,6,564714.01,0.0273,low,0.0
CUST009772,688,risky,47.14,88.83,91.59,33.73,43.94,64.6522,14.76,11,3,4,0,0,0,0,5,24552.92,0.1697,low,0.0
CUST009773,813,excellent,92.54,94.43,88.92,30.02,84.49,85.5068,1.83,11,1,0,0,0,0,0,2,89067.1,0.1591,low,0.0
CUST009774,607,high_risk,5.46,89.33,86.87,45.4,48.91,51.17,8.65,14,4,8,1,0,1,0,0,58063.62,0.476,low,0.0
CUST009775,766,excellent,93.05,89.01,40.25,40.01,82.87,77.5969,3.27,1,1,0,0,0,0,0,4,80948.11,0.1395,low,0.0
CUST009776,806,excellent,87.56,83.65,98.26,48.44,90.5,84.3714,14.32,14,0,0,0,0,0,0,3,164871.4,0.0034,low,0.0
CUST009777,775,excellent,99.54,78.43,46.89,38.87,99.13,79.202,13.33,1,0,0,0,0,0,0,2,16652.54,0.1598,low,0.0
CUST009778,763,excellent,72.28,94.13,54.3,60.91,94.3,77.2033,9.05,4,0,0,0,0,0,1,0,253219.91,0.7551,low,0.5
CUST009779,847,excellent,92.68,99.5,89.55,67.62,87.04,91.1875,2.9,10,1,0,0,0,0,1,4,55017.08,0.5707,low,0.2
CUST009780,789,excellent,87.2,90.21,66.29,45.14,95.42,81.5826,6.95,7,0,0,0,0,0,0,4,71664.48,0.0871,low,0.0
CUST009781,769,excellent,89.46,95.97,22.58,47.48,99.3,78.167,0.9,0,0,0,0,0,0,0,5,37860.3,0.1441,low,0.0
CUST009782,767,excellent,90.54,90.09,21.86,60.4,97.98,77.8351,5.36,0,0,0,0,0,0,1,1,252742.54,0.9997,low,0.5
CUST009783,799,excellent,94.2,99.4,45.94,42.24,92.93,83.1984,7.04,2,0,0,0,0,0,0,2,72878.4,0.0167,low,0.0
CUST009784,710,good,63.36,81.77,84.24,41.14,49.43,68.3992,14.03,5,3,3,0,0,0,0,2,99144.1,0.1422,low,0.0
CUST009785,796,excellent,97.61,81.26,68.64,47.19,91.85,82.743,12.19,7,0,0,0,0,0,0,5,64603.08,0.0178,low,0.0
CUST009786,762,excellent,80.0,93.86,47.37,48.09,88.56,76.9279,9.79,2,1,1,0,0,0,0,7,165074.09,0.1438,low,0.0
CUST009787,768,excellent,74.24,91.74,56.21,70.07,90.32,77.977,7.95,2,0,0,0,0,0,1,4,117637.0,0.833,low,0.2
CUST009788,823,excellent,97.58,96.55,78.22,34.06,88.76,87.1323,8.78,6,1,0,0,0,0,0,6,35160.27,0.1655,low,0.0
CUST009789,659,risky,17.19,97.2,94.85,69.28,44.85,59.8168,3.87,16,5,8,0,0,0,1,4,246563.52,1.1915,low,0.2
CUST009790,841,excellent,89.1,96.33,97.67,63.45,90.28,90.1095,1.03,18,0,0,0,0,0,1,1,135041.8,0.8465,low,0.5
CUST009791,852,excellent,92.5,97.59,98.33,76.2,80.16,92.0396,7.41,14,1,0,0,0,0,1,3,249806.68,0.5184,low,0.25
CUST009792,672,risky,58.86,79.13,48.84,33.75,70.42,62.0833,13.89,4,2,1,0,0,0,0,0,131934.91,0.0954,low,0.0
CUST009793,704,good,55.68,80.64,76.91,34.56,86.85,67.3575,14.08,9,1,4,0,0,0,0,2,141544.49,0.0067,low,0.0
CUST009794,814,excellent,92.96,89.39,85.89,47.64,86.47,85.6481,14.76,13,1,0,0,0,0,1,0,69195.7,0.582,low,0.5
CUST009795,762,excellent,92.51,90.73,31.39,41.48,85.1,76.9639,6.32,0,1,0,0,0,0,0,4,43671.55,0.0762,low,0.0
CUST009796,815,excellent,86.46,97.98,83.1,49.51,88.12,85.8805,9.23,7,1,0,0,0,0,0,5,116276.38,0.0026,low,0.0
CUST009797,777,excellent,85.15,82.5,70.25,53.89,90.67,79.5449,14.24,6,1,0,0,0,0,1,1,399141.58,0.9017,low,0.5
CUST009798,820,excellent,88.76,88.83,93.59,62.88,85.89,86.6333,13.77,12,1,0,0,0,0,1,7,251158.45,0.4606,low,0.125
CUST009799,822,excellent,99.77,83.32,92.39,39.66,91.78,86.9187,10.08,12,0,0,0,0,0,0,6,427360.7,0.0646,low,0.0
CUST009800,797,excellent,93.93,87.27,69.91,38.56,93.64,82.7621,14.48,8,0,0,0,0,0,0,5,22301.35,0.1328,low,0.0
CUST009801,817,excellent,90.7,92.88,50.25,91.74,98.91,86.2144,1.82,3,0,0,0,0,0,2,1,50876.04,0.8573,low,0.6667
CUST009802,812,excellent,93.36,96.53,46.63,67.8,98.91,85.3004,8.26,2,0,0,0,0,0,1,2,55357.51,0.5703,low,0.3333
CUST009803,785,excellent,88.2,96.64,31.86,71.96,90.34,80.8706,1.33,1,1,0,0,0,0,1,1,172706.05,0.4567,low,0.5
CUST009804,673,risky,30.15,90.57,87.6,34.83,78.16,62.1621,4.77,10,2,1,0,0,0,0,1,17647.52,0.0463,low,0.0
CUST009805,688,risky,38.32,93.84,85.45,31.25,71.36,64.6426,2.42,10,2,4,0,0,0,0,2,164455.47,0.213,low,0.0
CUST009806,598,high_risk,12.05,82.17,71.82,35.5,65.49,49.7399,13.23,6,2,5,1,0,1,0,5,97869.63,0.4246,low,0.0
CUST009807,836,excellent,99.18,85.51,97.82,57.94,85.7,89.4022,13.45,17,1,0,0,0,0,1,6,130465.1,0.7241,low,0.1429
CUST009808,767,excellent,87.57,88.54,47.32,41.6,93.69,77.8375,7.15,2,0,0,0,0,0,0,1,40965.46,0.1396,low,0.0
CUST009809,690,risky,38.89,89.72,93.01,34.98,70.64,65.0425,1.5,15,2,1,0,0,0,0,3,66753.53,0.0779,low,0.0
CUST009810,821,excellent,93.91,84.2,87.36,62.37,93.54,86.8225,12.18,14,0,0,0,0,0,1,4,52852.2,0.359,low,0.2
CUST009811,801,excellent,87.06,97.01,56.67,58.27,95.41,83.4409,8.4,2,0,0,0,0,0,1,5,25405.98,0.6817,low,0.1667
CUST009812,828,excellent,99.24,85.38,87.2,55.87,90.08,88.022,14.43,19,0,0,0,0,0,1,0,117164.57,0.7315,low,0.5
CUST009813,620,high_risk,5.64,96.69,91.17,41.48,45.8,53.3822,6.91,12,3,3,0,1,1,0,2,144134.05,0.262,low,0.0
CUST009814,778,excellent,74.68,88.44,87.95,47.25,91.53,79.7389,4.08,13,1,0,0,0,0,0,1,98760.04,0.0268,low,0.0
CUST009815,701,good,42.08,87.94,89.8,39.2,83.7,66.8716,11.54,15,1,4,0,0,0,0,4,82308.28,0.0542,low,0.0
CUST009816,617,high_risk,9.01,96.82,88.91,46.24,26.44,52.8051,7.23,13,5,4,1,1,1,0,0,521468.98,0.6276,low,0.0
CUST009817,836,excellent,96.38,91.11,84.65,72.64,82.26,89.2535,2.38,8,1,0,0,0,0,1,4,799870.58,0.7965,low,0.2
CUST009818,825,excellent,88.84,89.16,93.0,61.47,96.25,87.5621,9.49,11,0,0,0,0,0,1,7,62162.29,0.838,low,0.125
CUST009819,732,good,63.3,94.98,64.16,36.61,81.29,72.0636,9.6,3,1,2,0,0,0,0,5,186934.9,0.1371,low,0.0
CUST009820,753,excellent,98.67,80.38,26.35,38.6,90.61,75.5241,14.69,0,0,0,0,0,0,0,7,38539.8,0.0424,low,0.0
CUST009821,572,high_risk,12.87,89.4,46.22,30.98,39.61,45.3151,12.61,3,6,7,0,1,1,0,1,105383.19,0.2391,low,0.0
CUST009822,703,good,41.21,87.36,99.87,76.47,49.13,67.173,13.57,17,3,2,0,0,0,1,4,59899.27,1.2476,low,0.2
CUST009823,785,excellent,91.03,79.96,78.34,39.69,92.93,80.8647,12.78,7,0,0,0,0,0,0,5,75652.08,0.0715,low,0.0
CUST009824,788,excellent,86.27,82.49,86.12,35.56,99.87,81.403,13.82,18,0,0,0,0,0,0,3,186536.73,0.0209,low,0.0
CUST009825,819,excellent,78.0,99.26,80.98,74.78,98.49,86.5519,4.97,5,0,1,0,0,0,1,1,349457.05,0.4859,low,0.5
CUST009826,789,excellent,99.12,95.0,45.07,34.16,82.03,81.5706,3.32,1,1,0,0,0,0,0,4,38916.42,0.0166,low,0.0
CUST009827,764,excellent,89.69,95.63,31.08,34.8,90.86,77.3057,0.15,0,0,0,0,0,0,0,2,94003.63,0.1102,low,0.0
CUST009828,727,good,87.12,86.98,17.44,32.52,86.4,71.093,11.55,0,1,0,0,0,0,0,7,183757.1,0.0584,low,0.0
CUST009829,764,excellent,85.64,75.86,52.3,86.88,80.67,77.3323,10.54,3,1,0,0,0,0,2,7,231944.6,0.8714,low,0.2222
CUST009830,681,risky,53.93,75.96,63.96,35.22,87.84,63.5634,14.3,2,1,3,0,0,0,0,2,228842.35,0.2117,low,0.0
CUST009831,811,excellent,97.86,89.22,87.28,30.49,80.48,85.2051,1.18,19,1,0,0,0,0,0,1,30970.45,0.0367,low,0.0
CUST009832,682,risky,61.2,89.62,25.02,37.21,79.66,63.7476,12.26,0,2,1,0,0,0,0,4,78013.32,0.2126,low,0.0
CUST009833,648,high_risk,34.01,94.35,46.07,37.81,70.39,57.9376,9.03,4,2,4,0,0,0,0,5,425547.08,0.2201,low,0.0
CUST009834,852,excellent,94.4,92.24,95.1,79.09,90.99,91.9835,9.51,14,1,0,0,0,0,1,2,26097.13,0.5537,low,0.3333
CUST009835,678,risky,49.35,88.53,50.89,35.42,79.93,62.9999,3.12,2,2,1,0,0,0,0,6,98973.08,0.14,low,0.0
CUST009836,795,excellent,94.64,89.33,79.78,33.54,72.92,82.5356,0.73,5,2,0,0,0,0,0,3,163493.58,0.1068,low,0.0
CUST009837,744,good,76.13,91.18,46.26,32.8,97.19,73.9402,9.87,2,0,1,0,0,0,0,4,73069.25,0.0567,low,0.0
CUST009838,786,excellent,95.89,75.96,65.96,74.5,72.67,80.9607,27.9,6,2,0,0,0,0,1,1,157575.6,0.7728,low,0.5
CUST009839,839,excellent,93.48,98.35,70.18,75.17,95.91,89.8554,3.5,9,0,0,0,0,0,2,3,167973.96,0.4889,low,0.4
CUST009840,675,risky,50.5,95.24,32.19,33.59,80.5,62.4844,5.36,0,1,4,0,0,0,0,5,75272.07,0.2193,low,0.0
CUST009841,785,excellent,92.47,92.01,47.88,53.24,83.95,80.8648,4.23,2,1,0,0,0,0,1,2,144335.98,0.5171,low,0.3333
CUST009842,793,excellent,86.18,95.23,83.5,40.02,69.39,82.1998,6.19,6,2,0,0,0,0,0,4,44424.31,0.127,low,0.0
CUST009843,813,excellent,86.68,99.02,80.02,34.83,99.43,85.4724,3.12,9,0,0,0,0,0,0,0,63979.6,0.0802,low,0.0
CUST009844,799,excellent,90.88,85.85,74.95,49.79,93.36,83.1215,14.06,7,0,0,0,0,0,0,6,447134.61,0.0096,low,0.0
CUST009845,781,excellent,90.3,75.51,63.89,71.81,90.88,80.1123,13.57,3,0,0,0,0,0,1,0,184183.53,0.6344,low,0.5
CUST009846,786,excellent,92.79,88.22,71.2,30.41,83.72,81.0328,12.52,6,1,0,0,0,0,0,2,70919.01,0.0341,low,0.0
CUST009847,704,good,47.91,96.82,48.85,78.6,73.68,67.3703,2.39,2,2,1,0,0,0,1,1,49837.94,1.1584,low,0.5
CUST009848,780,excellent,89.18,89.24,66.66,31.03,88.44,79.9291,0.71,5,1,0,0,0,0,0,3,183139.33,0.056,low,0.0
CUST009849,774,excellent,87.69,88.93,47.66,48.31,95.82,78.934,5.14,3,0,0,0,0,0,0,0,200470.27,0.0563,low,0.0
CUST009850,789,excellent,85.96,80.45,95.09,34.47,95.85,81.515,11.23,13,0,0,0,0,0,0,5,147818.01,0.0936,low,0.0
CUST009851,820,excellent,93.54,97.75,73.02,46.9,90.15,86.7244,8.56,8,0,0,0,0,0,0,2,43906.68,0.1288,low,0.0
CUST009852,764,excellent,98.16,67.83,49.32,56.99,95.93,77.3954,34.94,4,0,0,0,0,0,1,6,155674.09,0.6712,low,0.1429
CUST009853,838,excellent,99.31,92.1,91.52,46.68,88.13,89.5971,4.01,11,1,0,0,0,0,0,3,86933.27,0.0208,low,0.0
CUST009854,806,excellent,95.87,90.35,38.09,92.93,87.49,84.4166,5.02,1,1,0,0,0,0,2,7,638811.03,0.7225,low,0.2222
CUST009855,622,high_risk,10.56,99.14,88.95,39.46,28.59,53.5843,0.19,13,6,5,0,0,1,0,7,80345.04,0.3975,low,0.0
CUST009856,837,excellent,95.71,93.0,99.06,42.29,89.83,89.4679,6.81,10,1,0,0,0,0,0,1,76546.72,0.0827,low,0.0
CUST009857,795,excellent,98.89,93.41,45.33,44.5,86.64,82.5499,8.62,1,1,0,0,0,0,0,5,70971.62,0.1237,low,0.0
CUST009858,820,excellent,97.11,80.49,74.13,93.26,80.87,86.6672,13.09,8,1,0,0,0,0,2,0,41028.19,0.8352,low,0.6667
CUST009859,773,excellent,93.7,85.35,47.48,52.01,80.4,78.7625,15.84,1,1,0,0,0,0,0,3,260054.08,0.0052,low,0.0
CUST009860,794,excellent,86.65,94.1,56.31,57.75,94.97,82.2784,8.71,4,0,0,0,0,0,1,5,153650.9,0.8269,low,0.1667
CUST009861,840,excellent,89.66,98.67,98.11,56.49,87.23,90.0692,5.96,20,1,0,0,0,0,0,0,50888.0,0.1201,low,0.0
CUST009862,791,excellent,94.31,97.35,46.22,37.58,90.02,81.9068,8.76,2,0,0,0,0,0,0,6,64712.39,0.034,low,0.0
CUST009863,830,excellent,98.53,94.38,53.73,77.02,98.05,88.3672,9.16,3,0,0,0,0,0,1,7,34364.73,0.915,low,0.125
CUST009864,756,excellent,88.25,93.55,32.96,37.85,83.83,76.0669,5.4,0,1,0,0,0,0,0,1,72829.03,0.164,low,0.0
CUST009865,814,excellent,85.17,90.73,96.62,42.84,99.12,85.7184,8.85,15,0,0,0,0,0,0,7,40556.68,0.0193,low,0.0
CUST009866,723,good,41.71,81.1,97.64,78.28,91.8,70.5831,11.47,14,0,4,0,0,0,1,3,153608.05,0.9091,low,0.25
CUST009867,864,excellent,96.71,99.33,81.06,86.69,94.42,93.9187,0.99,6,0,0,0,0,0,2,4,133526.8,0.4683,low,0.3333
CUST009868,833,excellent,95.0,97.6,76.62,50.71,97.13,88.8073,1.14,5,0,0,0,0,0,1,6,45252.8,0.7904,low,0.1429
CUST009869,844,excellent,99.55,92.26,97.11,41.58,93.98,90.6414,2.55,10,0,0,0,0,0,0,4,169269.49,0.0331,low,0.0
CUST009870,832,excellent,99.46,90.2,81.76,45.92,98.63,88.5904,7.51,5,0,0,0,0,0,0,6,60207.23,0.0241,low,0.0
CUST009871,696,risky,52.26,78.61,82.8,43.97,72.54,65.9434,12.34,5,2,2,0,0,0,0,0,113125.59,0.156,low,0.0
CUST009872,651,risky,24.04,90.91,94.25,44.95,42.51,58.5683,8.73,10,6,3,0,0,1,0,2,40286.07,0.3383,low,0.0
CUST009873,809,excellent,93.37,88.69,88.72,39.08,83.92,84.8928,12.39,14,1,0,0,0,0,0,1,27379.84,0.0874,low,0.0
CUST009874,732,good,90.66,76.84,30.68,42.05,84.13,72.0031,11.92,1,1,0,0,0,0,0,0,2367000.39,0.136,low,0.0
CUST009875,806,excellent,95.19,92.64,75.47,34.25,85.61,84.4142,0.6,8,1,0,0,0,0,0,5,242075.57,0.0902,low,0.0
CUST009876,819,excellent,98.62,90.05,55.41,76.6,90.33,86.5368,2.54,3,1,0,0,0,0,1,7,252751.8,0.9885,low,0.125
CUST009877,833,excellent,90.98,94.15,92.63,49.23,98.95,88.802,4.37,16,0,0,0,0,0,0,6,114198.81,0.0813,low,0.0
CUST009878,804,excellent,98.24,96.37,49.36,40.95,92.47,84.0426,0.7,2,0,0,0,0,0,0,1,23599.34,0.1373,low,0.0
CUST009879,800,excellent,92.28,97.75,56.11,43.61,89.09,83.3091,3.36,3,1,0,0,0,0,0,4,94168.59,0.0251,low,0.0
CUST009880,698,risky,32.55,89.29,96.12,42.38,95.06,66.3415,5.1,10,0,1,0,0,0,0,0,199675.46,0.213,low,0.0
CUST009881,631,high_risk,41.83,95.31,10.03,40.42,64.26,55.2044,7.43,0,3,1,0,0,0,0,5,18694.11,0.1877,low,0.0
CUST009882,785,excellent,86.65,86.62,70.23,48.25,92.14,80.8887,14.14,6,0,0,0,0,0,0,0,215161.68,0.1545,low,0.0
CUST009883,842,excellent,91.71,94.14,86.11,70.83,99.38,90.2764,1.3,20,0,0,0,0,0,1,4,171449.83,0.605,low,0.2
CUST009884,826,excellent,95.37,99.91,77.6,35.33,91.27,87.6542,5.13,5,0,0,0,0,0,0,2,311518.4,0.0027,low,0.0
CUST009885,848,excellent,97.32,99.51,92.08,51.39,84.34,91.2999,1.26,10,1,0,0,0,0,1,0,24693.18,0.7752,low,0.5
CUST009886,840,excellent,96.73,87.75,96.0,62.57,91.92,90.0279,10.81,20,0,0,0,0,0,1,3,82630.38,0.3585,low,0.25
CUST009887,783,excellent,93.68,84.92,63.19,43.82,84.41,80.5659,13.61,4,1,0,0,0,0,0,7,174268.14,0.029,low,0.0
CUST009888,803,excellent,99.53,77.3,68.42,64.65,90.77,83.8306,29.72,5,0,0,0,0,0,0,2,66704.67,0.1066,low,0.0
CUST009889,757,excellent,89.52,91.41,20.78,49.58,92.89,76.1205,1.78,0,0,0,0,0,0,0,1,40985.6,0.0142,low,0.0
CUST009890,831,excellent,97.76,90.12,92.8,41.93,90.89,88.453,1.18,10,0,0,0,0,0,0,5,169441.72,0.1024,low,0.0
CUST009891,675,risky,52.62,91.94,47.07,36.0,59.01,62.5619,8.16,1,3,1,0,0,0,0,5,83541.45,0.0729,low,0.0
CUST009892,832,excellent,99.56,95.75,82.02,44.85,82.43,88.5996,7.55,6,1,0,0,0,0,0,4,174319.08,0.14,low,0.0
CUST009893,738,good,88.29,89.09,21.44,35.52,86.7,73.0681,14.31,0,1,0,0,0,0,0,6,250096.89,0.004,low,0.0
CUST009894,785,excellent,88.31,94.52,51.68,48.18,90.43,80.876,3.0,2,0,0,0,0,0,0,2,61991.66,0.1404,low,0.0
CUST009895,776,excellent,99.09,95.32,21.14,36.17,93.3,79.3958,7.61,0,0,0,0,0,0,0,7,120167.13,0.1465,low,0.0
CUST009896,644,high_risk,13.32,90.92,97.68,64.67,53.16,57.3749,1.86,11,3,5,1,0,0,1,3,103261.3,1.4853,low,0.25
CUST009897,661,risky,24.93,89.36,96.85,48.8,51.55,60.0969,11.02,12,4,6,0,0,0,0,3,117465.66,0.4912,low,0.0
CUST009898,759,excellent,85.34,78.4,62.09,42.12,95.75,76.4888,14.65,3,0,0,0,0,0,0,0,152332.09,0.0919,low,0.0
CUST009899,772,excellent,87.57,82.58,71.85,36.33,88.05,78.6371,13.67,7,1,0,0,0,0,0,3,67148.65,0.0551,low,0.0
CUST009900,811,excellent,85.76,95.94,74.93,63.71,88.36,85.2464,7.29,8,1,0,0,0,0,1,3,660437.17,0.6651,low,0.25
CUST009901,815,excellent,94.57,89.09,83.88,75.42,58.28,85.7776,14.64,6,3,0,0,0,0,1,1,49007.87,0.8352,low,0.5
CUST009902,793,excellent,90.58,96.41,50.44,43.67,95.3,82.0885,1.19,2,0,0,0,0,0,0,7,69745.43,0.0918,low,0.0
CUST009903,805,excellent,96.9,91.82,71.28,36.1,83.38,84.0994,7.5,6,1,0,0,0,0,0,1,121102.88,0.143,low,0.0
CUST009904,756,excellent,89.4,78.91,67.65,31.42,77.53,76.0035,13.69,6,2,0,0,0,0,0,3,564737.36,0.1321,low,0.0
CUST009905,809,excellent,92.92,90.49,60.76,66.51,93.79,84.8142,8.1,3,0,0,0,0,0,1,0,15063.44,0.8883,low,0.5
CUST009906,757,excellent,60.18,89.24,95.75,76.69,73.09,76.1769,3.78,11,2,1,0,0,0,1,6,198170.79,1.3623,low,0.1429
CUST009907,797,excellent,93.58,94.41,45.3,54.66,94.99,82.8392,2.17,1,0,0,0,0,0,1,3,26263.15,0.4336,low,0.25
CUST009908,679,risky,30.74,98.2,53.32,71.58,88.64,63.24,1.62,4,1,3,0,0,0,1,4,110459.85,1.163,low,0.2
CUST009909,767,excellent,87.85,93.73,32.55,45.42,94.6,77.7531,5.75,0,0,0,0,0,0,0,7,21382.77,0.1055,low,0.0
CUST009910,764,excellent,88.04,93.54,31.28,43.38,94.98,77.4017,3.21,0,0,0,0,0,0,0,2,45701.92,0.0334,low,0.0
CUST009911,743,good,69.32,86.91,65.33,41.21,96.07,73.8623,11.09,8,0,0,0,0,0,0,4,62665.75,0.0761,low,0.0
CUST009912,689,risky,42.85,92.04,77.37,42.55,64.17,64.8858,0.28,8,3,4,0,0,0,0,1,87660.93,0.0664,low,0.0
CUST009913,724,good,47.65,89.69,98.06,72.99,60.98,70.6881,8.22,15,3,3,0,0,0,1,6,66065.69,1.4587,low,0.1429
CUST009914,697,risky,50.06,89.99,78.8,36.85,62.28,66.2472,14.26,8,3,4,0,0,0,0,5,79678.27,0.2449,low,0.0
CUST009915,818,excellent,92.14,88.54,87.65,44.88,99.31,86.3765,5.17,14,0,0,0,0,0,0,6,352618.23,0.1383,low,0.0
CUST009916,798,excellent,89.47,89.68,60.44,68.59,88.08,82.9505,10.19,2,1,0,0,0,0,1,1,142090.47,0.9917,low,0.5
CUST009917,785,excellent,75.67,93.17,75.7,57.24,93.73,80.887,9.43,8,0,1,0,0,0,2,4,230122.06,0.7251,low,0.3333
CUST009918,826,excellent,87.46,91.55,98.49,49.46,98.46,87.6409,2.74,10,0,0,0,0,0,0,6,40953.86,0.0047,low,0.0
CUST009919,737,good,53.46,99.58,81.38,64.52,55.88,72.8288,2.65,7,4,1,0,0,0,1,1,117563.35,0.8476,low,0.5
CUST009920,767,excellent,86.55,78.1,90.58,37.15,67.87,77.811,10.99,16,2,0,0,0,0,0,5,54805.18,0.0816,low,0.0
CUST009921,822,excellent,96.21,79.82,93.35,72.51,81.04,86.9778,13.04,14,1,0,0,0,0,1,0,71126.55,0.9903,low,0.5
CUST009922,783,excellent,90.97,83.44,69.11,48.15,85.25,80.577,13.55,6,1,0,0,0,0,0,2,43156.73,0.0868,low,0.0
CUST009923,802,excellent,98.3,86.52,68.15,42.4,87.71,83.595,13.82,7,1,0,0,0,0,0,6,191839.32,0.0971,low,0.0
CUST009924,816,excellent,97.17,81.15,83.76,60.15,90.71,86.005,12.81,7,0,0,0,0,0,1,5,136910.84,0.8627,low,0.1667
CUST009925,812,excellent,78.77,93.29,98.55,55.8,94.89,85.4078,1.29,10,0,0,0,0,0,1,4,279070.43,0.8352,low,0.2
CUST009926,793,excellent,86.73,79.14,94.84,46.69,91.99,82.1915,12.11,14,0,0,0,0,0,1,7,63035.83,0.4627,low,0.125
CUST009927,-1,no_history,95.22,93.67,25.44,39.54,73.52,76.5503,9.11,0,2,0,0,0,0,0,5,210175.77,0.0861,low,0.0
CUST009928,804,excellent,86.11,86.3,91.32,51.96,90.96,84.0205,28.32,16,1,0,0,0,0,1,3,160929.02,0.4527,low,0.25
CUST009929,783,excellent,86.14,90.44,58.33,57.45,86.63,80.4403,5.08,2,1,0,0,0,0,1,7,92115.54,0.8099,low,0.125
CUST009930,822,excellent,92.48,98.25,80.49,39.44,91.46,87.0048,4.43,8,0,0,0,0,0,0,2,1067129.35,0.1457,low,0.0
CUST009931,768,excellent,91.12,78.25,61.97,34.23,99.75,78.0602,10.81,4,0,0,0,0,0,0,4,58195.4,0.0211,low,0.0
CUST009932,797,excellent,89.72,97.19,64.93,46.84,79.11,82.8941,2.76,3,2,0,0,0,0,0,3,44729.76,0.0888,low,0.0
CUST009933,710,good,46.74,99.98,73.9,33.67,75.7,68.3771,6.65,6,2,2,0,0,0,0,2,71345.21,0.1389,low,0.0
CUST009934,807,excellent,85.15,84.78,91.45,61.2,94.16,84.4911,22.02,20,0,0,0,0,0,0,0,108421.91,0.1022,low,0.0
CUST009935,613,high_risk,16.33,94.79,52.67,46.99,53.62,52.1114,8.22,2,4,6,0,0,0,0,6,34368.37,0.5295,low,0.0
CUST009936,780,excellent,89.21,97.48,45.74,38.53,88.57,80.04,3.65,1,1,0,0,0,0,0,0,102240.24,0.0899,low,0.0
CUST009937,824,excellent,95.93,93.02,89.92,33.53,90.63,87.3877,7.89,14,0,0,0,0,0,0,7,139652.14,0.1,low,0.0
CUST009938,840,excellent,90.57,89.05,99.73,78.64,86.82,89.92,10.88,10,1,0,0,0,0,1,4,99437.77,0.6871,low,0.2
CUST009939,634,high_risk,30.44,97.51,19.44,37.31,90.84,55.6373,8.49,0,1,1,0,0,0,0,6,116479.6,0.2381,low,0.0
CUST009940,663,risky,43.68,78.14,84.44,60.51,40.47,60.4959,12.67,6,3,4,0,0,0,2,0,269128.7,1.2666,low,0.6667
CUST009941,813,excellent,96.32,78.27,91.02,47.21,99.59,85.5275,23.36,14,0,0,0,0,0,0,1,136201.84,0.0068,low,0.0
CUST009942,766,excellent,94.24,90.91,31.29,41.5,85.15,77.6135,5.32,1,1,0,0,0,0,0,2,105770.3,0.1082,low,0.0
CUST009943,734,good,62.17,91.42,85.98,33.07,70.17,72.4063,8.76,16,2,1,0,0,0,0,1,116559.98,0.1804,low,0.0
CUST009944,782,excellent,97.01,86.08,48.42,57.12,75.83,80.336,25.09,1,2,0,0,0,0,0,1,361762.53,0.0391,low,0.0
CUST009945,805,excellent,85.26,94.55,74.37,65.72,82.94,84.2282,1.68,9,1,0,0,0,0,1,0,691532.0,0.7825,low,0.5
CUST009946,-1,no_history,96.34,81.18,10.29,30.18,94.91,72.1243,11.43,0,0,0,0,0,0,0,6,354478.96,0.0185,low,0.0
CUST009947,619,high_risk,18.83,90.76,64.32,47.43,49.07,53.117,6.84,3,3,5,1,0,1,0,2,220943.03,0.4501,low,0.0
CUST009948,826,excellent,94.9,89.11,80.87,60.87,94.2,87.5847,0.99,7,0,0,0,0,0,1,3,88508.63,0.7461,low,0.25
CUST009949,853,excellent,95.26,96.96,85.74,79.22,90.14,92.2264,4.17,14,0,0,0,0,0,1,2,65550.05,0.7001,low,0.3333
CUST009950,845,excellent,96.94,96.7,77.82,67.99,94.06,90.8143,6.72,8,0,0,0,0,0,1,0,172838.97,0.7978,low,0.5
CUST009951,783,excellent,91.98,75.14,90.31,32.02,90.01,80.4834,12.88,20,1,0,0,0,0,0,7,77377.55,0.1161,low,0.0
CUST009952,831,excellent,95.43,86.81,90.26,64.79,90.98,88.5605,14.22,15,0,0,0,0,0,1,7,110965.61,0.6035,low,0.125
CUST009953,771,excellent,99.55,51.79,94.95,57.64,81.89,78.5758,57.18,14,1,0,0,0,0,0,3,94167.01,0.118,low,0.0
CUST009954,820,excellent,95.01,93.18,82.95,35.1,94.23,86.584,7.06,5,0,0,0,0,0,0,4,258493.24,0.0623,low,0.0
CUST009955,671,risky,20.55,93.58,85.31,75.03,72.44,61.8097,2.85,15,2,6,0,0,0,1,4,160440.97,1.3076,low,0.2
CUST009956,675,risky,36.4,95.54,67.75,33.97,75.23,62.4836,2.65,7,2,2,0,0,0,0,0,47355.61,0.1569,low,0.0
CUST009957,717,good,68.44,88.38,37.92,34.62,98.62,69.4777,10.67,1,0,0,0,0,0,0,1,664230.73,0.0465,low,0.0
CUST009958,807,excellent,86.01,89.9,86.88,48.09,96.52,84.5669,1.56,10,0,0,0,0,0,0,7,305966.78,0.0267,low,0.0
CUST009959,805,excellent,94.75,84.73,82.21,39.97,92.97,84.2075,11.06,5,0,0,0,0,0,0,1,135508.92,0.0694,low,0.0
CUST009960,576,high_risk,7.94,81.03,70.37,36.95,47.02,46.0384,12.74,9,3,3,0,1,1,0,4,77840.06,0.3835,low,0.0
CUST009961,772,excellent,91.31,97.01,31.86,34.08,93.45,78.5944,7.27,1,0,0,0,0,0,0,3,79219.45,0.0745,low,0.0
CUST009962,670,risky,40.07,93.09,46.89,39.29,87.48,61.6636,3.72,3,1,2,0,0,0,0,2,178239.97,0.1392,low,0.0
CUST009963,800,excellent,89.8,97.79,67.78,41.8,82.36,83.3481,9.25,9,1,0,0,0,0,0,5,65253.72,0.1473,low,0.0
CUST009964,755,excellent,88.53,66.91,53.46,78.13,89.62,75.8557,30.54,3,1,0,0,0,0,1,2,15226.71,0.3625,low,0.3333
CUST009965,852,excellent,98.54,99.84,98.35,43.91,84.59,92.0438,7.6,14,1,0,0,0,0,0,1,80312.18,0.1526,low,0.0
CUST009966,797,excellent,89.94,87.52,58.72,63.72,98.77,82.7915,10.62,3,0,0,0,0,0,1,7,61640.36,0.847,low,0.125
CUST009967,623,high_risk,17.32,84.12,92.68,41.33,45.51,53.8831,10.44,10,4,6,0,0,1,0,0,148788.37,0.1776,low,0.0
CUST009968,757,excellent,85.95,91.43,33.88,45.71,90.84,76.249,3.36,1,1,0,0,0,0,1,1,228640.18,0.8533,low,0.5
CUST009969,827,excellent,92.96,88.98,98.06,40.4,98.46,87.8231,14.73,11,0,0,0,0,0,0,7,36622.68,0.1663,low,0.0
CUST009970,814,excellent,89.72,93.37,71.27,61.4,94.29,85.6711,4.32,7,0,0,0,0,0,1,0,150020.02,0.9452,low,0.5
CUST009971,629,high_risk,42.85,96.29,20.81,30.05,48.42,54.8511,5.71,0,3,3,0,0,0,0,3,74288.63,0.1615,low,0.0
CUST009972,809,excellent,87.14,96.42,57.29,77.74,90.64,84.8565,6.09,3,0,0,0,0,0,2,7,88324.32,0.486,low,0.2222
CUST009973,806,excellent,96.01,76.68,74.49,74.39,90.46,84.2658,13.43,5,0,0,0,0,0,1,0,37616.54,0.8762,low,0.5
CUST009974,848,excellent,98.63,97.14,88.05,54.86,89.12,91.2682,7.19,12,1,0,0,0,0,1,0,169015.74,0.4265,low,0.5
CUST009975,776,excellent,94.16,83.41,30.57,76.05,91.06,79.2755,14.72,1,0,0,0,0,0,2,5,127118.47,0.3982,low,0.2857
CUST009976,772,excellent,76.33,95.71,65.19,41.63,92.15,78.586,8.49,5,0,0,0,0,0,0,3,182251.01,0.0877,low,0.0
CUST009977,751,excellent,97.07,75.93,34.9,39.54,91.73,75.1147,12.39,0,1,0,0,0,0,0,3,47433.86,0.0233,low,0.0
CUST009978,837,excellent,97.68,94.71,93.18,32.93,95.91,89.4647,6.36,14,0,0,0,0,0,0,5,111247.64,0.148,low,0.0
CUST009979,713,good,34.44,98.86,99.01,36.15,86.71,68.8505,2.3,12,1,2,0,0,0,0,1,240321.48,0.0555,low,0.0
CUST009980,846,excellent,97.53,89.35,89.3,66.37,99.59,90.9318,4.04,15,0,0,0,0,0,1,6,51719.3,0.7643,low,0.1429
CUST009981,809,excellent,85.63,89.68,80.38,75.86,83.29,84.8473,6.23,8,1,0,0,0,0,1,7,114792.77,0.7365,low,0.125
CUST009982,805,excellent,90.75,97.98,66.33,41.67,88.25,84.1008,8.61,6,1,0,0,0,0,0,1,268753.9,0.0409,low,0.0
CUST009983,728,good,98.76,75.46,20.45,30.45,80.18,71.3336,10.27,0,1,0,0,0,0,0,3,96188.96,0.1648,low,0.0
CUST009984,818,excellent,89.37,91.73,95.22,43.78,88.31,86.2916,8.93,18,1,0,0,0,0,0,1,501952.04,0.0367,low,0.0
CUST009985,837,excellent,97.77,97.56,88.43,39.71,87.43,89.4648,4.97,13,1,0,0,0,0,0,0,70133.65,0.1588,low,0.0
CUST009986,745,good,67.85,81.75,81.5,48.08,89.35,74.2395,10.66,6,1,1,0,0,0,0,0,56646.95,0.1393,low,0.0
CUST009987,802,excellent,95.37,95.43,54.82,39.95,94.62,83.6895,3.94,2,0,0,0,0,0,0,0,43531.43,0.0218,low,0.0
CUST009988,825,excellent,94.08,90.05,91.91,42.55,94.65,87.4493,0.39,19,0,0,0,0,0,0,7,233522.17,0.1567,low,0.0
CUST009989,802,excellent,98.38,75.55,67.58,65.63,98.2,83.6163,11.07,5,0,0,0,0,0,1,6,318641.03,0.8309,low,0.1429
CUST009990,735,good,53.4,85.57,87.6,68.65,90.89,72.4548,14.78,14,1,2,0,0,0,1,5,482102.43,1.1137,low,0.1667
CUST009991,829,excellent,93.49,95.5,90.68,38.91,93.33,88.1988,7.45,18,0,0,0,0,0,0,3,86985.8,0.1169,low,0.0
CUST009992,746,good,89.25,76.46,35.43,49.85,99.38,74.4118,11.05,1,0,0,0,0,0,0,1,81803.1,0.0057,low,0.0
CUST009993,783,excellent,99.29,79.62,49.78,46.44,97.74,80.5253,13.53,2,0,0,0,0,0,0,6,41002.61,0.0325,low,0.0
CUST009994,812,excellent,99.97,95.32,39.37,76.78,80.99,85.2665,8.25,1,1,0,0,0,0,1,4,34761.08,0.8623,low,0.2
CUST009995,707,good,43.07,95.82,85.56,38.17,73.46,67.8172,8.26,13,2,4,0,0,0,0,4,45110.96,0.1297,low,0.0
CUST009996,811,excellent,95.03,81.08,96.49,37.67,93.54,85.1786,12.65,12,0,0,0,0,0,0,3,116424.59,0.0876,low,0.0
CUST009997,795,excellent,91.38,87.71,76.36,30.08,97.37,82.4962,13.45,5,0,0,0,0,0,0,7,98036.14,0.0975,low,0.0
CUST009998,788,excellent,89.07,82.9,70.79,49.41,97.76,81.38,13.55,5,0,0,0,0,0,1,4,100147.87,0.5429,low,0.2
CUST009999,830,excellent,94.6,89.73,77.67,79.78,87.12,88.3695,6.24,7,1,0,0,0,0,1,5,84572.99,0.56,low,0.1667
CUST010000,546,high_risk,6.64,77.23,76.86,32.85,7.27,41.0327,10.59,8,7,8,0,1,1,0,0,52048.51,0.6348,low,0.0
CUST010001,738,good,76.5,78.96,49.92,61.58,88.92,73.0011,20.27,4,1,1,0,0,0,0,6,91915.9,0.0999,low,0.0
CUST010002,864,excellent,99.34,95.54,95.5,63.65,98.79,93.9995,3.12,16,0,0,0,0,0,1,3,148473.98,0.9677,low,0.25
CUST010003,819,excellent,95.23,96.67,78.03,34.73,90.35,86.5438,1.21,6,1,0,0,0,0,0,1,200639.21,0.137,low,0.0
CUST010004,798,excellent,95.05,92.6,65.04,31.03,90.44,82.9513,6.4,5,0,0,0,0,0,0,4,139765.79,0.0294,low,0.0
CUST010005,803,excellent,91.77,88.3,93.66,37.45,75.04,83.9063,7.43,16,2,0,0,0,0,0,7,63243.5,0.1057,low,0.0
CUST010006,690,risky,46.51,81.88,76.97,69.27,66.31,64.9445,11.55,7,2,2,0,0,0,1,3,17014.01,1.4932,low,0.25
CUST010007,769,excellent,99.12,87.05,23.57,43.56,95.03,78.2016,14.57,0,0,0,0,0,0,0,4,23236.8,0.147,low,0.0
CUST010008,735,good,61.82,89.1,79.62,41.28,81.13,72.5496,1.58,6,1,2,0,0,0,0,4,252569.08,0.2048,low,0.0
CUST010009,788,excellent,89.02,91.64,63.23,36.07,95.93,81.3338,6.26,4,0,0,0,0,0,0,6,30859.53,0.0304,low,0.0
CUST010010,844,excellent,97.66,94.87,86.27,65.66,85.42,90.6901,3.76,16,1,0,0,0,0,1,6,28194.52,0.4369,low,0.1429
CUST010011,733,good,50.29,96.87,84.08,67.05,71.46,72.1243,5.37,8,2,1,0,0,0,1,3,232439.66,1.389,low,0.25
CUST010012,791,excellent,85.74,91.42,51.73,70.12,95.81,81.7887,4.06,2,0,0,0,0,0,1,0,71997.4,0.7138,low,0.5
CUST010013,677,risky,38.77,92.68,76.53,48.47,51.1,62.8097,6.42,7,3,3,0,0,0,0,2,41925.77,0.1613,low,0.0
CUST010014,837,excellent,98.07,95.39,68.29,68.81,94.8,89.5441,2.8,8,0,0,0,0,0,1,7,721489.75,0.7523,low,0.125
CUST010015,785,excellent,88.7,83.58,78.52,31.49,97.19,80.7622,14.39,8,0,0,0,0,0,0,0,58098.37,0.0458,low,0.0
CUST010016,828,excellent,97.9,95.59,68.12,60.48,88.7,88.0772,9.86,8,1,0,0,0,0,1,0,40608.73,0.5617,low,0.5
CUST010017,850,excellent,95.28,93.05,97.29,62.79,95.71,91.7065,1.01,12,0,0,0,0,0,1,4,44629.68,0.5864,low,0.2
CUST010018,813,excellent,99.95,79.24,75.12,74.96,80.3,85.5469,14.11,7,1,0,0,0,0,1,7,75996.92,0.4684,low,0.125
CUST010019,784,excellent,88.19,89.08,67.17,40.67,88.98,80.6283,8.94,5,1,0,0,0,0,0,4,171589.64,0.0542,low,0.0
CUST010020,814,excellent,93.52,84.17,98.31,34.03,95.91,85.7251,10.22,13,0,0,0,0,0,0,5,270100.39,0.0202,low,0.0
CUST010021,826,excellent,97.42,86.28,94.59,38.95,96.19,87.6852,11.7,11,0,0,0,0,0,0,3,192741.31,0.1253,low,0.0
CUST010022,832,excellent,95.44,86.31,72.7,87.67,97.62,88.7335,17.9,8,0,0,0,0,0,2,6,522717.05,0.3828,low,0.25
CUST010023,735,good,54.29,85.34,99.9,45.58,84.06,72.5526,10.99,16,1,4,0,0,0,0,5,66515.1,0.1159,low,0.0
CUST010024,791,excellent,89.37,99.92,58.55,32.97,84.91,81.8276,4.23,4,1,0,0,0,0,0,7,102421.1,0.1364,low,0.0
CUST010025,815,excellent,86.42,95.91,92.33,47.32,83.0,85.9016,0.84,13,1,0,0,0,0,0,0,90392.65,0.121,low,0.0
CUST010026,815,excellent,93.19,91.06,61.18,75.51,90.88,85.7521,7.86,2,0,0,0,0,0,2,6,131531.29,0.6002,low,0.25
CUST010027,817,excellent,86.79,88.82,88.85,61.43,96.15,86.1098,1.51,19,0,0,0,0,0,1,4,305066.76,0.9756,low,0.2
CUST010028,838,excellent,97.35,91.77,90.66,53.15,90.69,89.5863,4.67,12,0,0,0,0,0,1,7,68357.82,0.7263,low,0.125
CUST010029,785,excellent,68.19,98.94,74.74,64.69,96.29,80.8555,7.71,5,0,0,0,0,0,1,0,125431.15,0.5463,low,0.5
CUST010030,667,risky,33.75,91.01,88.45,44.9,43.44,61.2184,3.12,15,4,1,0,0,0,0,7,20228.02,0.1057,low,0.0
CUST010031,735,good,88.72,81.03,42.59,37.66,70.46,72.5627,14.27,1,2,0,0,0,0,0,3,535866.28,0.1072,low,0.0
CUST010032,700,good,45.13,78.2,97.28,46.87,81.33,66.6677,14.54,10,1,2,0,0,0,0,2,112916.74,0.1542,low,0.0
CUST010033,847,excellent,95.42,92.34,98.78,61.31,90.88,91.1339,6.39,12,0,0,0,0,0,1,5,77114.2,0.8981,low,0.1667
CUST010034,774,excellent,89.55,94.04,49.42,35.08,85.42,79.019,2.32,2,1,0,0,0,0,0,5,58093.01,0.0081,low,0.0
CUST010035,813,excellent,86.51,99.2,84.68,31.22,95.65,85.427,7.74,8,0,0,0,0,0,0,2,175636.68,0.1331,low,0.0
CUST010036,797,excellent,87.92,88.35,84.24,33.41,96.11,82.8658,1.81,6,0,0,0,0,0,0,3,22046.91,0.0142,low,0.0
CUST010037,849,excellent,95.86,96.64,97.07,44.25,98.99,91.4271,2.1,13,0,0,0,0,0,0,5,364618.69,0.1196,low,0.0
CUST010038,627,high_risk,12.76,99.17,76.0,38.36,50.03,54.4576,9.65,8,4,6,0,1,1,0,3,42562.32,0.5901,low,0.0
CUST010039,841,excellent,90.88,91.69,89.68,93.55,80.8,90.2025,9.4,20,1,0,0,0,0,2,5,92873.32,0.9133,low,0.2857
CUST010040,570,high_risk,11.0,91.44,26.07,46.3,51.83,45.0049,7.81,0,4,8,1,1,1,0,2,123637.5,0.6156,low,0.0
CUST010041,809,excellent,86.87,88.71,91.31,49.31,91.32,84.7751,0.89,11,1,0,0,0,0,1,5,31057.61,0.3683,low,0.1667
CUST010042,690,risky,45.64,90.1,75.26,38.72,68.54,65.019,3.27,8,2,1,0,0,0,0,1,24058.72,0.0188,low,0.0
CUST010043,709,good,58.92,88.94,72.87,37.5,62.08,68.1938,10.24,9,3,3,0,0,0,0,3,122338.02,0.2411,low,0.0
CUST010044,675,risky,42.4,88.46,56.54,35.48,91.33,62.5407,4.25,2,1,4,0,0,0,0,6,136431.84,0.2209,low,0.0
CUST010045,657,risky,20.77,91.39,95.78,74.28,40.81,59.5621,6.22,14,5,8,0,0,0,1,1,49038.49,1.7205,moderate,0.5
CUST010046,824,excellent,95.41,97.51,70.63,47.09,94.51,87.4022,3.29,8,0,0,0,0,0,0,2,94451.42,0.0907,low,0.0
CUST010047,789,excellent,85.82,86.7,77.08,49.43,90.0,81.5512,14.71,8,0,0,0,0,0,0,7,78177.35,0.0146,low,0.0
CUST010048,589,high_risk,21.95,88.52,50.93,42.43,20.95,48.2164,4.6,3,5,8,0,0,1,0,6,82022.82,0.517,low,0.0
CUST010049,775,excellent,95.22,89.31,32.94,48.18,92.43,79.1239,5.21,0,0,0,0,0,0,0,7,79700.07,0.1431,low,0.0
CUST010050,846,excellent,98.84,93.07,91.02,49.18,98.96,90.9834,3.97,10,0,0,0,0,0,0,7,175559.8,0.0067,low,0.0
CUST010051,811,excellent,87.07,99.4,65.99,60.49,88.88,85.13,3.03,9,1,0,0,0,0,1,3,218059.06,0.6205,low,0.25
CUST010052,810,excellent,96.35,88.97,73.8,42.64,93.24,85.0712,7.48,8,0,0,0,0,0,0,0,33006.29,0.0063,low,0.0
CUST010053,773,excellent,89.79,80.69,64.55,41.33,93.5,78.7991,14.0,4,0,0,0,0,0,0,3,44997.43,0.0146,low,0.0
CUST010054,783,excellent,93.56,93.51,35.63,45.87,97.99,80.529,0.11,1,0,0,0,0,0,0,1,56792.44,0.0895,low,0.0
CUST010055,737,good,87.67,93.79,10.74,33.81,90.5,72.8622,3.91,0,0,0,0,0,0,0,0,51920.83,0.0431,low,0.0
CUST010056,806,excellent,89.46,82.56,96.17,42.14,95.59,84.2789,11.71,13,0,0,0,0,0,0,3,133752.58,0.0084,low,0.0
CUST010057,782,excellent,90.44,91.29,47.35,45.87,96.41,80.3733,1.3,4,0,0,0,0,0,1,4,295931.68,0.5288,low,0.2
CUST010058,679,risky,46.95,89.91,55.31,34.03,80.48,63.1545,0.32,2,1,2,0,0,0,0,5,103853.84,0.0443,low,0.0
CUST010059,718,good,40.23,95.76,95.18,48.51,76.81,69.6182,5.48,14,2,2,0,0,0,0,6,469260.67,0.1389,low,0.0
CUST010060,805,excellent,92.5,75.71,99.18,45.51,95.67,84.0839,14.6,13,0,0,0,0,0,0,7,23359.83,0.0156,low,0.0
CUST010061,798,excellent,88.49,95.7,66.97,33.76,99.21,83.0232,8.95,8,0,0,0,0,0,0,4,121091.92,0.1633,low,0.0
CUST010062,802,excellent,97.15,75.71,88.1,47.68,90.19,83.7184,12.86,12,0,0,0,0,0,0,3,31348.26,0.1484,low,0.0
CUST010063,813,excellent,98.58,83.51,84.27,42.04,91.03,85.503,11.2,7,0,0,0,0,0,0,2,63564.26,0.0543,low,0.0
CUST010064,692,risky,34.58,82.84,85.23,69.29,96.42,65.3101,13.94,19,0,4,0,0,0,1,1,289938.77,1.3978,low,0.5
CUST010065,579,high_risk,19.73,89.4,10.87,49.51,62.73,46.5771,11.63,0,4,6,1,0,1,0,2,96213.91,0.3764,low,0.0
CUST010066,802,excellent,86.19,95.74,85.27,34.54,85.92,83.7254,7.8,14,1,0,0,0,0,0,2,383517.9,0.1626,low,0.0
CUST010067,779,excellent,67.55,84.17,90.7,75.68,97.64,79.8303,14.15,15,0,0,0,0,0,1,2,115021.75,0.6956,low,0.3333
CUST010068,791,excellent,98.34,86.2,58.19,32.5,96.14,81.8704,11.43,4,0,0,0,0,0,0,0,110683.28,0.1507,low,0.0
CUST010069,746,good,87.56,97.22,11.63,45.86,81.93,74.3347,1.78,0,1,0,0,0,0,0,5,73868.08,0.0877,low,0.0
CUST010070,699,risky,47.76,91.95,60.79,32.37,99.09,66.5643,8.74,2,0,2,0,0,0,0,7,88969.14,0.1753,low,0.0
CUST010071,597,high_risk,26.27,88.83,24.93,31.38,67.78,49.4988,8.72,0,2,4,0,0,0,0,5,112929.04,0.1221,low,0.0
CUST010072,802,excellent,90.88,80.36,86.01,52.51,96.52,83.7215,19.63,14,0,0,0,0,0,0,6,500111.13,0.1126,low,0.0
CUST010073,848,excellent,96.4,99.07,89.75,60.22,83.34,91.2806,6.19,13,1,0,0,0,0,1,6,196443.03,0.7342,low,0.1429
CUST010074,828,excellent,93.47,84.58,92.68,67.46,93.28,88.0638,11.3,14,0,0,0,0,0,1,5,27719.08,0.6975,low,0.1667
CUST010075,808,excellent,87.37,86.33,92.95,45.35,97.17,84.6735,13.91,14,0,0,0,0,0,1,3,51601.12,0.6537,low,0.25
CUST010076,840,excellent,94.21,95.49,82.87,64.37,94.57,89.946,0.86,5,0,0,0,0,0,1,5,38068.73,0.9632,low,0.1667
CUST010077,746,good,92.12,94.92,20.89,39.83,65.1,74.3467,4.22,0,2,0,0,0,0,0,5,136656.51,0.0504,low,0.0
CUST010078,867,excellent,96.06,94.58,91.75,92.75,94.82,94.5154,5.47,14,0,0,0,0,0,2,1,175880.9,0.3783,low,0.6667
CUST010079,736,good,54.54,90.29,97.7,38.53,79.61,72.6453,5.17,15,2,2,0,0,0,0,7,19110.44,0.0591,low,0.0
CUST010080,570,high_risk,10.32,87.78,40.54,48.53,40.81,44.9613,13.78,1,5,3,0,0,1,0,6,38410.64,0.4147,low,0.0
CUST010081,833,excellent,88.94,96.26,97.0,68.14,75.22,88.8919,8.42,15,2,0,0,0,0,1,5,346172.37,0.4937,low,0.1667
CUST010082,797,excellent,89.19,94.28,59.86,44.76,99.36,82.8919,9.97,2,0,0,0,0,0,0,6,140164.16,0.0215,low,0.0
CUST010083,801,excellent,98.93,76.23,91.49,38.63,84.28,83.5074,11.57,17,1,0,0,0,0,0,4,110076.3,0.16,low,0.0
CUST010084,771,excellent,90.29,95.97,25.28,45.1,98.71,78.5652,6.67,0,0,0,0,0,0,0,6,69263.44,0.1018,low,0.0
CUST010085,695,risky,51.25,76.57,86.24,49.3,70.15,65.7921,12.73,13,2,1,0,0,0,0,6,131929.83,0.1032,low,0.0
CUST010086,810,excellent,90.96,95.83,73.87,45.51,87.11,84.9269,6.96,9,1,0,0,0,0,1,0,61325.65,0.7959,low,0.5
CUST010087,784,excellent,85.97,94.19,55.35,41.82,98.21,80.654,8.81,2,0,0,0,0,0,0,4,26217.75,0.1012,low,0.0
CUST010088,808,excellent,96.62,98.81,38.56,59.43,94.7,84.6572,8.11,1,0,0,0,0,0,1,1,126657.63,0.3728,low,0.5
CUST010089,788,excellent,92.37,88.53,65.61,38.17,88.22,81.3692,14.28,8,1,0,0,0,0,0,6,357160.18,0.005,low,0.0
CUST010090,720,good,93.43,75.89,12.84,32.34,94.47,70.0753,11.39,0,0,0,0,0,0,0,6,101039.26,0.0856,low,0.0
CUST010091,836,excellent,98.74,96.8,69.35,62.32,90.99,89.3307,4.43,5,1,0,0,0,0,1,0,50047.39,0.5598,low,0.5
CUST010092,636,high_risk,10.76,96.21,88.89,45.96,54.6,56.0203,6.36,17,3,4,1,1,1,0,5,156778.42,0.4715,low,0.0
CUST010093,837,excellent,96.9,95.02,96.96,32.23,93.76,89.5642,1.51,15,0,0,0,0,0,0,4,142338.07,0.1165,low,0.0
CUST010094,793,excellent,98.79,88.37,49.66,41.88,94.63,82.1847,2.67,3,0,0,0,0,0,0,0,180854.86,0.1266,low,0.0
CUST010095,811,excellent,89.23,89.64,95.88,32.47,94.49,85.2025,14.95,18,0,0,0,0,0,0,3,70542.43,0.1426,low,0.0
CUST010096,629,high_risk,16.08,96.2,75.76,45.03,44.43,54.7962,6.07,7,4,5,0,0,1,0,1,85571.57,0.5523,low,0.0
CUST010097,751,excellent,96.32,81.92,29.39,41.09,82.89,75.0936,14.95,0,1,0,0,0,0,0,1,157867.35,0.0776,low,0.0
CUST010098,803,excellent,97.56,77.53,67.93,71.22,91.75,83.8924,14.38,6,0,0,0,0,0,1,1,52066.38,0.4401,low,0.5
CUST010099,703,good,53.6,90.41,86.7,31.05,51.99,67.1894,6.48,11,4,2,0,0,0,0,2,124481.54,0.1366,low,0.0
CUST010100,826,excellent,86.5,87.25,98.69,69.3,94.02,87.5876,22.36,14,0,0,0,0,0,1,2,351694.38,0.9126,low,0.3333
CUST010101,835,excellent,88.49,99.21,88.86,64.63,86.79,89.2079,0.88,14,1,0,0,0,0,1,6,69638.09,0.7803,low,0.1429
CUST010102,689,risky,49.86,89.23,57.46,74.91,55.65,64.897,12.78,3,3,1,0,0,0,1,4,40718.99,1.3412,low,0.2
CUST010103,729,good,54.31,91.9,86.9,33.66,85.6,71.5401,9.02,18,1,3,0,0,0,0,1,75228.19,0.0422,low,0.0
CUST010104,858,excellent,95.85,98.05,78.32,88.39,95.04,93.055,2.89,6,0,0,0,0,0,2,6,21262.22,0.8518,low,0.25
CUST010105,763,excellent,88.59,79.55,54.29,49.19,91.66,77.0994,10.45,2,0,0,0,0,0,0,1,35440.02,0.1282,low,0.0
CUST010106,809,excellent,97.34,93.61,66.47,42.39,85.43,84.9045,3.53,8,1,0,0,0,0,0,6,103016.46,0.0526,low,0.0
CUST010107,764,excellent,75.56,89.13,57.1,58.22,98.19,77.3919,0.24,3,0,1,0,0,0,1,0,225608.85,0.7159,low,0.5
CUST010108,666,risky,18.27,98.93,92.23,31.81,78.77,60.9688,0.74,17,2,6,1,0,1,0,2,237539.01,0.4973,low,0.0
CUST010109,823,excellent,89.79,92.76,91.31,56.86,84.46,87.0849,7.86,13,1,0,0,0,0,1,7,24803.32,0.9356,low,0.125
CUST010110,709,good,47.52,92.72,76.25,48.45,74.92,68.2232,0.97,5,2,2,0,0,0,0,0,69740.94,0.0601,low,0.0
CUST010111,801,excellent,85.6,89.88,86.0,41.69,94.69,83.4622,0.12,18,0,0,0,0,0,0,2,231834.9,0.047,low,0.0
CUST010112,655,risky,27.77,93.73,89.33,37.1,42.12,59.1594,3.29,10,4,3,0,0,1,0,5,30999.41,0.3483,low,0.0
CUST010113,741,good,59.18,87.67,95.86,46.58,75.13,73.5669,12.28,14,2,2,0,0,0,0,5,203518.59,0.2216,low,0.0
CUST010114,569,high_risk,11.86,90.37,29.04,45.18,46.48,44.7834,7.97,0,3,8,0,0,0,0,0,45238.24,0.3033,low,0.0
CUST010115,689,risky,42.35,88.96,78.66,40.71,73.91,64.7716,14.31,6,2,4,0,0,0,0,0,157168.17,0.0921,low,0.0
CUST010116,790,excellent,86.02,95.49,64.37,37.8,94.11,81.6024,8.98,2,0,0,0,0,0,0,5,26271.11,0.0677,low,0.0
CUST010117,822,excellent,91.73,96.06,46.53,91.64,99.97,87.065,1.38,2,0,0,0,0,0,2,3,261644.85,0.371,low,0.4
CUST010118,785,excellent,89.91,89.09,62.26,40.59,91.81,80.7756,8.61,3,1,0,0,0,0,0,0,76010.2,0.0999,low,0.0
CUST010119,828,excellent,99.29,90.62,73.41,61.12,88.97,87.9575,9.45,6,1,0,0,0,0,1,6,72822.83,0.6411,low,0.1429
CUST010120,562,high_risk,14.49,75.65,22.25,47.44,77.57,43.6074,12.31,0,2,4,0,0,1,0,3,39481.26,0.6168,low,0.0
CUST010121,678,risky,42.81,79.61,79.26,48.52,73.43,62.9503,13.12,5,2,1,0,0,0,0,1,117812.12,0.0649,low,0.0
CUST010122,818,excellent,93.14,92.96,91.98,37.58,82.65,86.3064,5.31,17,1,0,0,0,0,0,0,160669.64,0.1556,low,0.0
CUST010123,771,excellent,88.51,93.1,51.98,36.58,81.28,78.4911,6.56,2,1,0,0,0,0,0,3,95878.13,0.1302,low,0.0
CUST010124,849,excellent,92.71,97.74,88.14,66.57,98.46,91.4958,0.2,10,0,0,0,0,0,1,5,42342.0,0.3535,low,0.1667
CUST010125,829,excellent,89.55,83.24,89.4,85.74,98.97,88.1965,12.21,16,0,0,0,0,0,2,6,67170.47,0.424,low,0.25
CUST010126,823,excellent,96.94,93.91,69.62,52.31,94.62,87.2375,5.74,5,0,0,0,0,0,1,7,84778.02,0.7742,low,0.125
CUST010127,814,excellent,89.41,89.77,74.08,71.72,91.36,85.6462,11.73,6,0,0,0,0,0,1,0,28264.94,0.7858,low,0.5
CUST010128,815,excellent,92.9,82.45,89.65,70.77,80.44,85.8189,10.87,15,1,0,0,0,0,1,3,226848.37,0.3334,low,0.25
CUST010129,783,excellent,96.46,90.27,55.28,43.01,70.17,80.4497,0.26,2,2,0,0,0,0,0,3,46370.41,0.1557,low,0.0
CUST010130,833,excellent,99.47,94.89,81.56,47.55,85.07,88.7773,9.09,5,1,0,0,0,0,0,0,91163.74,0.0377,low,0.0
CUST010131,827,excellent,91.13,87.76,95.54,71.09,81.74,87.835,14.96,12,1,0,0,0,0,1,2,628130.65,0.7914,low,0.3333
CUST010132,700,good,40.93,81.25,98.64,40.89,90.74,66.6617,12.14,14,1,1,0,0,0,0,3,54546.37,0.1303,low,0.0
CUST010133,718,good,85.87,90.68,12.6,37.29,68.58,69.7345,1.19,0,2,0,0,0,0,0,7,56229.16,0.0194,low,0.0
CUST010134,858,excellent,99.22,90.47,97.07,85.02,80.74,93.0049,8.64,15,1,0,0,0,0,2,3,84742.53,0.4129,low,0.4
CUST010135,813,excellent,95.67,93.1,73.87,41.4,88.71,85.5076,5.1,6,1,0,0,0,0,0,2,145980.19,0.155,low,0.0
CUST010136,838,excellent,92.1,94.62,89.88,60.23,95.31,89.6568,3.97,15,0,0,0,0,0,1,0,32459.76,0.6339,low,0.5
CUST010137,707,good,58.02,76.72,85.58,32.27,84.57,67.8437,14.24,15,1,1,0,0,0,0,1,121320.0,0.1953,low,0.0
CUST010138,684,risky,46.19,80.8,89.4,43.3,58.58,64.0056,12.42,11,3,2,0,0,0,0,7,196688.64,0.1894,low,0.0
CUST010139,815,excellent,94.19,92.1,74.51,45.6,95.64,85.8969,8.79,7,0,0,0,0,0,0,1,90253.75,0.1435,low,0.0
CUST010140,656,risky,26.39,89.46,86.09,46.51,56.61,59.298,13.84,11,3,3,0,0,1,0,6,101893.48,0.62,low,0.0
CUST010141,791,excellent,87.87,92.78,63.73,66.46,69.77,81.7712,3.54,4,2,0,0,0,0,1,2,231727.95,0.7124,low,0.3333
CUST010142,643,high_risk,23.46,94.1,52.26,73.33,65.87,57.1999,4.69,4,2,7,0,0,0,1,1,80278.02,1.4006,low,0.5
CUST010143,763,excellent,86.79,76.87,63.98,47.03,94.15,77.1523,13.23,3,0,0,0,0,0,1,3,295833.75,0.709,low,0.25
CUST010144,799,excellent,85.57,91.53,78.83,45.77,93.8,83.1904,2.7,7,0,0,0,0,0,0,0,172694.92,0.1459,low,0.0
CUST010145,802,excellent,89.66,88.9,75.32,60.62,83.27,83.7399,10.3,9,1,0,0,0,0,1,7,1040873.9,0.6611,low,0.125
CUST010146,772,excellent,89.92,75.36,73.4,45.72,89.51,78.6126,11.89,7,1,0,0,0,0,1,1,45085.09,0.7166,low,0.5
CUST010147,744,good,66.8,97.45,54.41,36.9,95.5,74.016,2.7,2,0,1,0,0,0,0,1,68915.18,0.0891,low,0.0
CUST010148,841,excellent,93.35,98.35,94.62,47.43,91.33,90.2463,5.73,15,1,0,0,0,0,0,7,40671.39,0.0931,low,0.0
CUST010149,786,excellent,86.59,97.77,57.92,36.09,91.07,81.0419,3.96,2,1,0,0,0,0,0,7,300005.97,0.1656,low,0.0
CUST010150,796,excellent,92.32,88.51,56.36,68.85,84.52,82.6564,9.85,4,1,0,0,0,0,1,4,246341.08,0.6307,low,0.2
CUST010151,779,excellent,66.64,95.53,90.9,44.29,98.1,79.8553,1.66,15,0,1,0,0,0,0,7,33822.18,0.127,low,0.0
CUST010152,541,high_risk,14.27,87.23,13.51,48.01,21.2,40.1118,13.7,0,7,4,1,0,1,0,7,86381.96,0.2997,low,0.0
CUST010153,840,excellent,96.03,93.74,96.95,49.27,87.81,89.9822,8.3,10,1,0,0,0,0,1,0,481012.51,0.4985,low,0.5
CUST010154,812,excellent,85.67,97.31,86.86,38.03,92.54,85.2648,8.52,13,0,0,0,0,0,0,4,119065.9,0.1107,low,0.0
CUST010155,774,excellent,86.45,79.62,71.0,45.63,96.06,78.9658,11.08,6,0,0,0,0,0,0,4,609714.33,0.1108,low,0.0
CUST010156,773,excellent,72.15,94.26,80.36,47.4,85.44,78.8675,3.96,7,1,1,0,0,0,0,3,31276.75,0.1446,low,0.0
CUST010157,796,excellent,90.67,88.91,71.08,45.47,90.89,82.7027,6.04,7,0,0,0,0,0,0,5,30384.63,0.0128,low,0.0
CUST010158,830,excellent,97.74,91.49,97.51,37.24,82.52,88.2596,8.62,10,1,0,0,0,0,0,5,67364.21,0.089,low,0.0
CUST010159,818,excellent,94.61,77.95,89.47,74.69,89.66,86.3532,11.84,13,1,0,0,0,0,1,0,51106.17,0.7251,low,0.5
CUST010160,797,excellent,75.24,96.71,87.7,48.24,95.38,82.8606,0.35,18,0,0,0,0,0,0,7,308719.74,0.028,low,0.0
CUST010161,666,risky,34.03,91.76,77.88,38.57,59.63,60.9401,4.28,9,4,2,0,0,0,0,1,229557.72,0.0516,low,0.0
CUST010162,655,risky,28.0,95.84,59.77,72.8,44.13,59.2111,8.09,4,3,3,0,0,0,1,5,481554.47,0.9757,low,0.1667
CUST010163,721,good,51.52,93.4,88.65,31.09,76.84,70.1431,9.69,19,2,2,0,0,0,0,3,41565.67,0.1723,low,0.0
CUST010164,789,excellent,94.74,96.72,47.68,46.89,75.43,81.5571,3.37,4,2,0,0,0,0,1,5,52388.68,0.4485,low,0.1667
CUST010165,783,excellent,89.34,92.52,58.54,33.08,93.44,80.4581,5.77,2,0,0,0,0,0,0,2,67725.33,0.0673,low,0.0
CUST010166,761,excellent,65.71,99.37,72.1,32.66,99.09,76.7972,0.7,7,0,1,0,0,0,0,1,67868.35,0.0941,low,0.0
CUST010167,759,excellent,88.14,80.88,46.0,48.37,96.09,76.4598,11.35,1,0,0,0,0,0,0,7,28790.29,0.0875,low,0.0
CUST010168,805,excellent,93.87,90.53,69.43,47.88,90.1,84.2245,2.84,8,0,0,0,0,0,0,0,140125.63,0.0752,low,0.0
CUST010169,736,good,54.52,96.76,66.59,61.1,85.4,72.7474,0.51,5,1,2,0,0,0,1,2,213589.06,0.9226,low,0.3333
CUST010170,817,excellent,94.29,94.34,88.23,31.77,84.42,86.1566,2.9,18,1,0,0,0,0,0,2,247960.61,0.0047,low,0.0
CUST010171,727,good,53.17,98.12,76.53,33.45,82.42,71.115,1.96,6,1,4,0,0,0,0,5,62371.78,0.0062,low,0.0
CUST010172,746,good,88.11,42.54,98.51,67.34,91.92,74.3055,58.61,14,0,0,0,0,0,1,5,221348.67,0.9633,low,0.1667
CUST010173,828,excellent,91.18,92.17,81.18,64.91,98.5,88.0808,3.13,5,0,0,0,0,0,1,0,190989.14,0.7338,low,0.5
CUST010174,775,excellent,54.17,95.57,99.15,77.04,90.29,79.2332,0.37,15,1,3,0,0,0,1,4,232440.29,0.7106,low,0.2
CUST010175,645,high_risk,17.1,98.76,90.6,32.56,50.83,57.5409,3.06,18,4,6,1,0,1,0,2,68131.55,0.213,low,0.0
CUST010176,725,good,47.11,97.69,86.7,35.64,84.72,70.8376,0.3,17,1,2,0,0,0,0,5,369178.15,0.1048,low,0.0
CUST010177,821,excellent,94.49,97.49,46.26,77.45,97.87,86.7912,0.13,3,0,0,0,0,0,1,4,64375.07,0.3665,low,0.2
CUST010178,714,good,71.15,83.46,18.83,64.48,97.14,68.9254,11.4,0,0,1,0,0,0,1,2,177215.22,0.4562,low,0.3333
CUST010179,830,excellent,95.01,82.05,88.52,74.38,98.05,88.3905,11.36,12,0,0,0,0,0,1,4,25897.08,0.945,low,0.2
CUST010180,730,good,61.93,91.04,97.74,35.75,43.89,71.6114,8.14,13,4,3,0,0,0,0,0,79298.3,0.0869,low,0.0
CUST010181,836,excellent,87.01,90.02,97.66,82.81,88.76,89.2654,0.15,17,1,0,0,0,0,2,7,62706.32,0.9709,low,0.2222
CUST010182,781,excellent,91.83,92.63,46.88,36.65,94.96,80.1248,0.92,2,0,0,0,0,0,0,7,194149.83,0.0006,low,0.0
CUST010183,638,high_risk,22.61,92.58,53.79,45.57,80.23,56.3371,4.36,2,1,8,0,0,1,0,1,75906.43,0.5442,low,0.0
CUST010184,786,excellent,78.59,97.93,69.65,46.01,91.02,81.0372,0.74,8,0,0,0,0,0,0,3,277990.05,0.012,low,0.0
CUST010185,798,excellent,88.37,94.92,71.24,37.88,91.39,83.0166,8.12,9,0,0,0,0,0,0,0,21127.38,0.1267,low,0.0
CUST010186,826,excellent,98.99,98.24,68.84,36.77,94.75,87.5981,8.94,5,0,0,0,0,0,0,1,29210.63,0.0344,low,0.0
CUST010187,821,excellent,93.16,95.46,67.95,63.55,89.75,86.7632,5.14,8,1,0,0,0,0,1,5,127026.74,0.5327,low,0.1667
CUST010188,784,excellent,75.73,90.62,62.37,78.37,98.39,80.7219,6.38,3,0,1,0,0,0,1,6,53323.31,0.7955,low,0.1429
CUST010189,814,excellent,92.23,94.8,77.33,37.38,96.07,85.6672,5.0,8,0,0,0,0,0,0,4,148711.25,0.1598,low,0.0
CUST010190,649,high_risk,5.96,92.74,95.53,76.35,73.64,58.2373,7.88,14,2,7,1,0,0,1,4,15106.67,1.9439,moderate,0.2
CUST010191,836,excellent,91.26,88.89,96.12,69.43,93.68,89.3371,13.23,15,0,0,0,0,0,1,6,34467.88,0.3931,low,0.1429
CUST010192,751,excellent,88.54,93.58,11.46,47.19,97.23,75.2239,3.98,0,0,0,0,0,0,0,2,122169.97,0.1606,low,0.0
CUST010193,811,excellent,88.07,97.84,72.65,47.25,93.65,85.1631,4.5,6,0,0,0,0,0,0,5,79956.94,0.1554,low,0.0
CUST010194,602,high_risk,15.34,93.52,40.62,46.58,61.62,50.3365,5.05,1,3,3,0,0,1,0,5,75049.27,0.613,low,0.0
CUST010195,832,excellent,95.36,87.04,97.33,49.33,96.52,88.6705,14.74,13,0,0,0,0,0,0,3,51934.14,0.02,low,0.0
CUST010196,814,excellent,90.09,90.31,86.88,58.27,82.62,85.7484,3.03,11,1,0,0,0,0,1,2,146690.73,0.4579,low,0.3333
CUST010197,810,excellent,94.76,85.71,84.73,50.8,83.84,85.0543,28.62,7,1,0,0,0,0,1,3,189163.83,0.6919,low,0.25
CUST010198,819,excellent,96.89,98.16,62.18,44.91,93.58,86.5359,5.54,4,0,0,0,0,0,0,6,98678.69,0.0932,low,0.0
CUST010199,716,good,54.4,88.84,61.5,47.79,95.73,69.2693,9.2,2,0,2,0,0,0,0,4,101225.53,0.0649,low,0.0
CUST010200,788,excellent,92.95,87.19,52.8,47.72,99.95,81.3791,12.72,2,0,0,0,0,0,0,0,132492.4,0.0624,low,0.0
CUST010201,784,excellent,97.67,97.93,34.08,49.76,69.82,80.6336,8.04,1,2,0,0,0,0,0,1,182343.8,0.1392,low,0.0
CUST010202,786,excellent,85.75,88.21,80.97,42.13,81.42,80.9738,7.51,6,1,0,0,0,0,0,5,40720.24,0.0398,low,0.0
CUST010203,833,excellent,92.67,95.61,98.27,45.55,84.84,88.8964,7.59,11,1,0,0,0,0,1,0,56815.96,0.7656,low,0.5
CUST010204,738,good,68.28,88.44,65.23,39.83,87.46,72.9426,3.7,8,1,0,0,0,0,0,7,40300.66,0.0666,low,0.0
CUST010205,634,high_risk,30.67,87.13,48.7,31.66,82.59,55.6035,10.74,3,1,1,0,0,0,0,2,680084.18,0.2293,low,0.0
CUST010206,761,excellent,75.48,88.28,47.18,70.84,97.27,76.7901,17.62,4,0,1,0,0,0,1,4,30645.53,0.4085,low,0.2
CUST010207,766,excellent,85.05,81.53,50.87,62.8,95.53,77.6904,10.86,4,0,0,0,0,0,1,0,66109.33,0.9544,low,0.5
CUST010208,623,high_risk,45.77,88.96,10.66,48.35,47.22,53.8613,8.44,0,3,2,0,0,0,0,1,66635.08,0.2472,low,0.0
CUST010209,757,excellent,67.73,88.63,65.84,68.65,91.98,76.2314,5.59,5,0,0,0,0,0,1,2,56032.15,0.6713,low,0.3333
CUST010210,757,excellent,98.16,81.03,31.96,34.68,92.22,76.1501,13.02,1,0,0,0,0,0,0,6,165472.92,0.1152,low,0.0
CUST010211,764,excellent,64.46,92.33,82.74,74.5,72.76,77.3984,0.37,5,2,2,0,0,0,1,5,182718.95,0.9012,low,0.1667
CUST010212,754,excellent,62.56,97.96,86.47,32.61,80.86,75.6028,0.39,17,1,2,0,0,0,0,1,17087.57,0.0037,low,0.0
CUST010213,822,excellent,98.58,98.05,75.55,34.31,82.88,86.9685,1.9,8,1,0,0,0,0,0,2,37160.38,0.0844,low,0.0
CUST010214,796,excellent,89.4,77.17,84.38,62.57,93.53,82.7092,13.82,8,0,0,0,0,0,1,3,32170.78,0.6966,low,0.25
CUST010215,854,excellent,99.05,92.13,90.52,70.68,94.23,92.3746,4.13,14,0,0,0,0,0,1,6,90765.09,0.3418,low,0.1429
CUST010216,863,excellent,96.87,91.0,96.74,93.79,87.07,93.805,8.56,20,1,0,0,0,0,2,4,112691.25,0.864,low,0.3333
CUST010217,759,excellent,93.07,85.19,21.77,64.17,87.46,76.5566,14.84,0,1,0,0,0,0,1,3,98601.75,0.8126,low,0.25
CUST010218,592,high_risk,25.66,90.89,14.19,36.72,66.58,48.7066,1.11,0,2,2,0,0,0,0,7,169988.75,0.2393,low,0.0
CUST010219,662,risky,61.67,41.43,77.31,56.8,90.74,60.3638,53.18,6,0,2,0,0,0,0,2,176228.05,0.2133,low,0.0
CUST010220,837,excellent,96.12,90.21,92.53,58.5,91.13,89.5473,0.16,19,1,0,0,0,0,1,0,223267.27,0.5058,low,0.5
CUST010221,824,excellent,89.65,82.85,92.65,79.69,91.55,87.2543,14.51,11,0,0,0,0,0,1,0,361549.95,0.685,low,0.5
CUST010222,744,good,88.37,92.43,11.7,45.1,90.31,73.9516,4.62,0,0,0,0,0,0,1,4,40273.5,0.8274,low,0.2
CUST010223,774,excellent,85.9,83.54,63.33,63.95,80.27,79.0483,12.2,3,1,0,0,0,0,0,6,179196.62,0.1069,low,0.0
CUST010224,683,risky,52.93,82.74,59.6,42.59,72.1,63.7558,11.3,4,2,4,0,0,0,0,7,216977.94,0.2048,low,0.0
CUST010225,813,excellent,87.64,88.16,92.3,62.37,82.23,85.4275,18.92,19,1,0,0,0,0,0,1,72673.18,0.0617,low,0.0
CUST010226,761,excellent,90.95,92.86,22.48,41.83,96.28,76.8741,9.83,0,0,0,0,0,0,0,5,49905.53,0.1514,low,0.0
CUST010227,850,excellent,97.17,99.06,74.71,75.46,91.63,91.6418,0.82,6,1,0,0,0,0,2,7,97190.18,0.5796,low,0.2222
CUST010228,822,excellent,97.63,91.28,77.05,63.64,75.71,87.0485,7.14,8,2,0,0,0,0,1,0,58237.04,0.4702,low,0.5
CUST010229,761,excellent,86.62,99.59,27.01,35.42,90.31,76.8183,0.45,0,1,0,0,0,0,0,4,461044.72,0.0377,low,0.0
CUST010230,708,good,61.22,89.07,60.15,48.99,59.67,68.0371,2.6,2,3,3,0,0,0,0,6,941519.78,0.0194,low,0.0
CUST010231,790,excellent,85.09,92.98,81.7,30.18,87.15,81.6647,2.25,9,1,0,0,0,0,0,2,202631.85,0.1178,low,0.0
CUST010232,793,excellent,93.75,91.82,56.22,42.83,91.29,82.2018,6.62,3,0,0,0,0,0,0,5,27214.23,0.0933,low,0.0
CUST010233,723,good,48.74,98.74,70.62,48.33,84.67,70.5762,1.94,7,1,3,0,0,0,0,1,74524.23,0.183,low,0.0
CUST010234,704,good,69.0,92.76,18.92,38.52,86.7,67.3371,8.83,0,1,0,0,0,0,0,4,222113.72,0.0762,low,0.0
CUST010235,780,excellent,98.14,66.17,76.32,59.35,84.36,80.0209,32.25,6,1,0,0,0,0,1,2,116550.34,0.8713,low,0.3333
CUST010236,753,excellent,54.97,93.11,93.17,48.75,95.28,75.5511,3.59,11,0,2,0,0,0,0,7,252506.11,0.1043,low,0.0
CUST010237,838,excellent,98.28,99.96,70.63,48.68,98.51,89.7007,0.28,9,0,0,0,0,0,2,5,65278.57,0.3598,low,0.2857
CUST010238,809,excellent,88.03,92.57,68.51,71.14,88.8,84.853,0.16,9,1,0,0,0,0,1,7,83116.02,0.9384,low,0.125
CUST010239,762,excellent,88.78,89.9,32.06,44.07,96.89,76.9481,11.1,1,0,0,0,0,0,0,5,64247.46,0.1094,low,0.0
CUST010240,754,excellent,86.36,83.45,44.04,47.92,90.82,75.7391,14.36,1,1,0,0,0,0,0,5,203160.14,0.14,low,0.0
CUST010241,766,excellent,73.41,97.01,65.45,34.99,95.86,77.698,9.87,9,0,1,0,0,0,0,2,34009.21,0.086,low,0.0
CUST010242,782,excellent,94.2,69.7,85.53,61.31,74.58,80.2979,38.63,11,2,0,0,0,0,1,1,55076.33,0.3809,low,0.5
CUST010243,680,risky,49.92,95.14,32.11,43.63,81.22,63.3149,2.65,0,1,1,0,0,0,0,1,121135.93,0.0454,low,0.0
CUST010244,746,good,88.89,79.84,55.53,31.23,78.66,74.3796,10.5,2,2,0,0,0,0,0,0,177115.15,0.0839,low,0.0
CUST010245,789,excellent,86.87,92.51,64.89,43.86,92.34,81.5113,9.03,2,0,0,0,0,0,0,0,88993.39,0.1618,low,0.0
CUST010246,653,risky,26.26,75.08,89.4,45.61,91.97,58.8833,11.51,20,1,3,0,0,0,0,4,179025.02,0.2146,low,0.0
CUST010247,857,excellent,95.8,95.73,94.08,77.02,88.32,92.8935,4.83,12,1,0,0,0,0,1,7,70167.46,0.4701,low,0.125
CUST010248,589,high_risk,21.19,90.83,28.87,75.04,25.87,48.0854,7.86,0,6,5,0,0,0,1,3,28270.27,1.401,low,0.25
CUST010249,661,risky,46.84,99.33,10.33,45.53,78.46,60.1416,6.75,0,2,3,0,0,0,0,6,54253.68,0.1219,low,0.0
CUST010250,821,excellent,90.74,99.33,73.4,48.54,93.94,86.8164,3.45,5,0,0,0,0,0,1,4,98166.45,0.831,low,0.2
CUST010251,727,good,85.09,78.75,30.67,48.72,82.93,71.1713,11.54,0,1,0,0,0,0,0,6,234631.65,0.0424,low,0.0
CUST010252,820,excellent,91.74,85.05,94.34,63.27,85.3,86.6328,11.58,18,1,0,0,0,0,1,5,100775.72,0.6542,low,0.1667
CUST010253,794,excellent,87.79,88.83,68.45,53.96,92.85,82.3245,16.73,6,0,0,0,0,0,0,7,138196.42,0.0647,low,0.0
CUST010254,801,excellent,88.7,76.95,88.45,64.36,96.21,83.4528,17.73,17,0,0,0,0,0,0,4,50609.12,0.1534,low,0.0
CUST010255,804,excellent,95.94,79.54,89.02,34.78,97.92,84.0636,10.75,12,0,0,0,0,0,0,6,41919.85,0.0297,low,0.0
CUST010256,794,excellent,98.55,90.37,52.22,30.82,98.19,82.3353,0.97,2,0,0,0,0,0,0,7,121230.86,0.1638,low,0.0
CUST010257,807,excellent,76.77,99.99,88.5,49.26,93.61,84.4299,6.95,15,0,1,0,0,0,1,4,270061.27,0.8399,low,0.2
CUST010258,772,excellent,94.05,92.82,35.76,38.86,86.84,78.6966,4.8,1,1,0,0,0,0,0,0,83871.17,0.1017,low,0.0
CUST010259,577,high_risk,3.82,83.9,66.65,44.71,51.86,46.1596,13.81,8,4,3,0,1,1,0,5,132921.17,0.3743,low,0.0
CUST010260,842,excellent,99.16,88.85,96.69,51.07,93.99,90.3698,11.06,15,0,0,0,0,0,1,0,120419.25,0.9663,low,0.5
CUST010261,782,excellent,85.3,79.44,60.81,77.76,97.01,80.2848,14.96,3,0,0,0,0,0,1,0,98268.69,0.8813,low,0.5
CUST010262,635,high_risk,40.28,76.12,43.47,38.93,84.87,55.836,10.21,1,1,3,0,0,0,0,1,234347.35,0.2188,low,0.0
CUST010263,801,excellent,86.29,97.23,67.98,40.01,99.57,83.5243,3.57,5,0,0,0,0,0,0,3,117667.98,0.0802,low,0.0
CUST010264,844,excellent,94.16,93.38,91.73,68.59,90.8,90.6709,9.18,20,1,0,0,0,0,1,3,145834.7,0.9634,low,0.25
CUST010265,685,risky,27.08,95.88,89.25,33.94,91.13,64.1341,7.58,15,0,3,0,0,0,0,0,219521.15,0.1807,low,0.0
CUST010266,760,excellent,88.2,89.16,50.95,32.24,82.15,76.7021,4.3,2,1,0,0,0,0,0,3,88352.75,0.0325,low,0.0
CUST010267,769,excellent,92.32,88.2,45.88,31.41,93.27,78.1205,1.5,1,0,0,0,0,0,0,0,32647.56,0.0891,low,0.0
CUST010268,738,good,96.41,79.39,19.59,30.63,93.77,72.9388,11.72,0,0,0,0,0,0,0,3,78347.8,0.139,low,0.0
CUST010269,802,excellent,86.2,91.38,54.98,84.11,94.61,83.7031,4.75,4,0,0,0,0,0,2,4,43023.86,0.3467,low,0.3333
CUST010270,772,excellent,93.8,90.77,32.24,38.82,99.08,78.6895,6.19,1,0,0,0,0,0,0,6,76972.83,0.0727,low,0.0
CUST010271,796,excellent,90.75,86.06,78.05,41.33,91.69,82.5902,12.44,8,0,0,0,0,0,0,5,86115.26,0.0512,low,0.0
CUST010272,623,high_risk,21.22,90.67,70.05,64.21,32.15,53.7745,5.61,8,5,6,0,0,0,1,3,31580.23,1.1803,low,0.25
CUST010273,636,high_risk,50.18,80.27,15.2,35.24,85.79,56.029,13.9,0,1,3,0,0,0,0,6,158156.08,0.1558,low,0.0
CUST010274,709,good,44.67,89.3,87.88,36.25,90.13,68.2476,1.12,17,1,3,0,0,0,0,3,9038.53,0.026,low,0.0
CUST010275,774,excellent,89.37,90.78,45.02,49.43,88.37,79.0474,1.19,1,1,0,0,0,0,1,7,371254.71,0.6264,low,0.125
CUST010276,751,excellent,85.32,88.35,37.65,40.18,91.03,75.1337,9.14,1,0,0,0,0,0,0,2,85833.01,0.1255,low,0.0
CUST010277,706,good,58.39,95.65,60.64,31.0,63.85,67.7096,1.01,4,3,2,0,0,0,0,2,42375.44,0.1109,low,0.0
CUST010278,811,excellent,97.11,89.3,60.31,66.37,86.91,85.154,2.2,2,1,0,0,0,0,1,5,358807.85,0.823,low,0.1667
CUST010279,831,excellent,99.51,83.62,95.29,62.88,80.5,88.5463,11.56,17,1,0,0,0,0,1,6,21105.49,0.4329,low,0.1429
CUST010280,856,excellent,89.81,95.83,96.48,89.51,91.23,92.727,3.86,10,0,0,0,0,0,2,6,178871.31,0.8549,low,0.25
CUST010281,784,excellent,99.97,76.55,58.12,46.98,93.6,80.7321,12.91,4,0,0,0,0,0,1,2,220412.11,0.3458,low,0.3333
CUST010282,735,good,69.2,91.36,46.88,40.37,97.54,72.451,6.61,1,0,0,0,0,0,0,7,48697.01,0.0375,low,0.0
CUST010283,566,high_risk,16.2,79.06,35.6,36.77,60.1,44.4139,14.33,1,4,5,0,0,0,0,5,68211.32,0.3768,low,0.0
CUST010284,804,excellent,85.08,94.79,88.79,39.3,84.96,83.9603,3.6,12,1,0,0,0,0,0,6,29364.91,0.1173,low,0.0
CUST010285,717,good,96.43,76.24,11.91,43.12,68.44,69.5632,13.8,0,2,0,0,0,0,0,4,96729.87,0.0212,low,0.0
CUST010286,676,risky,45.78,92.1,36.74,64.74,80.68,62.7053,4.14,1,1,1,0,0,0,1,7,240337.11,1.0216,low,0.125
CUST010287,744,good,87.66,88.78,16.43,49.42,92.51,73.9715,8.03,0,0,0,0,0,0,0,5,84181.82,0.1214,low,0.0
CUST010288,848,excellent,98.18,95.07,73.17,76.51,98.45,91.3547,7.15,6,0,0,0,0,0,1,1,407892.67,0.3818,low,0.5
CUST010289,812,excellent,99.55,77.52,97.02,30.78,96.05,85.3341,11.68,15,0,0,0,0,0,0,7,9221.23,0.1621,low,0.0
CUST010290,754,excellent,68.94,81.2,88.81,57.63,81.6,75.7334,14.63,10,1,0,0,0,0,1,3,50830.2,0.7454,low,0.25
CUST010291,742,good,75.8,92.98,31.38,54.89,91.0,73.7195,8.22,0,0,1,0,0,0,1,7,297042.96,0.6574,low,0.125
CUST010292,850,excellent,92.93,94.11,98.65,68.83,92.53,91.6925,1.7,10,0,0,0,0,0,1,4,58687.39,0.4302,low,0.2
CUST010293,804,excellent,88.89,95.9,41.8,79.59,98.4,83.9509,3.61,1,0,0,0,0,0,1,1,40649.67,0.6759,low,0.5
CUST010294,804,excellent,88.9,79.76,98.74,50.1,91.6,84.0249,12.92,15,0,0,0,0,0,1,0,40312.11,0.5335,low,0.5
CUST010295,752,excellent,88.83,83.51,39.36,35.76,96.75,75.3006,12.58,1,0,0,0,0,0,0,4,75357.49,0.1057,low,0.0
CUST010296,811,excellent,92.35,92.15,78.86,42.22,91.12,85.1297,4.19,7,0,0,0,0,0,0,2,63192.01,0.0954,low,0.0
CUST010297,779,excellent,88.21,86.92,53.57,67.46,80.61,79.7902,14.85,4,1,0,0,0,0,1,0,47261.76,0.3647,low,0.5
CUST010298,819,excellent,98.53,97.09,55.81,53.32,91.98,86.5172,1.37,4,0,0,0,0,0,1,2,164347.84,0.8601,low,0.3333
CUST010299,781,excellent,65.3,96.01,74.56,78.19,95.03,80.1624,3.3,7,0,0,0,0,0,1,7,237241.08,0.6741,low,0.125
CUST010300,660,risky,46.87,98.38,30.47,36.24,59.27,60.0397,4.78,1,3,4,0,0,0,0,7,35992.95,0.2097,low,0.0
CUST010301,614,high_risk,13.2,90.25,98.63,35.28,22.63,52.2816,4.87,17,5,3,0,0,1,0,3,119713.23,0.3846,low,0.0
CUST010302,788,excellent,70.69,88.87,96.51,63.81,91.1,81.3707,6.32,11,0,0,0,0,0,1,2,56042.38,0.7374,low,0.3333
CUST010303,810,excellent,91.9,84.42,89.96,53.9,85.53,84.9267,14.65,18,1,0,0,0,0,1,7,50774.67,0.759,low,0.125
CUST010304,732,good,58.36,87.62,89.94,38.77,79.38,72.0175,14.67,10,2,3,0,0,0,0,2,55177.52,0.0913,low,0.0
CUST010305,773,excellent,86.6,86.4,60.34,37.18,98.99,78.8999,12.64,3,0,0,0,0,0,0,1,263758.14,0.1592,low,0.0
CUST010306,835,excellent,97.06,87.95,87.32,64.96,91.72,89.1235,10.82,13,0,0,0,0,0,1,7,92914.8,0.9983,low,0.125
CUST010307,738,good,62.32,99.81,49.75,46.35,91.8,73.0311,8.29,1,0,1,0,0,0,0,4,152061.04,0.1565,low,0.0
CUST010308,821,excellent,93.43,94.09,79.78,44.89,95.12,86.896,2.18,5,0,0,0,0,0,0,0,30629.41,0.1049,low,0.0
CUST010309,788,excellent,90.33,94.75,26.38,73.4,99.93,81.3288,5.03,0,0,0,0,0,0,1,1,77229.37,0.3604,low,0.5
CUST010310,691,risky,36.96,98.17,69.57,62.0,71.07,65.1297,1.71,9,2,3,0,0,0,1,3,297350.11,1.321,low,0.25
CUST010311,706,good,64.21,97.05,47.72,33.42,55.82,67.6688,7.39,4,3,1,0,0,0,0,3,167469.31,0.0229,low,0.0
CUST010312,779,excellent,90.9,93.79,50.22,30.91,92.64,79.8405,0.76,2,0,0,0,0,0,0,6,58639.89,0.0105,low,0.0
CUST010313,812,excellent,85.88,86.86,79.15,77.23,96.63,85.375,12.95,7,0,0,0,0,0,2,1,18436.92,0.6392,low,0.6667
CUST010314,830,excellent,90.56,89.9,97.41,50.56,99.64,88.295,20.72,20,0,0,0,0,0,0,3,30050.11,0.0472,low,0.0
CUST010315,807,excellent,96.9,88.11,41.1,85.25,95.14,84.552,14.39,1,0,0,0,0,0,2,7,22872.69,0.5545,low,0.2222
CUST010316,798,excellent,96.12,97.07,46.45,34.35,99.02,83.067,6.66,1,0,0,0,0,0,0,0,215128.12,0.094,low,0.0
CUST010317,803,excellent,95.24,89.43,76.63,30.55,91.11,83.8239,14.45,9,0,0,0,0,0,0,4,28979.86,0.0482,low,0.0
CUST010318,780,excellent,89.14,94.78,37.43,48.51,98.78,79.9765,4.57,1,0,0,0,0,0,0,0,53607.57,0.1166,low,0.0
CUST010319,830,excellent,98.82,88.49,94.57,50.8,80.14,88.4146,4.78,13,1,0,0,0,0,1,7,32504.07,0.5155,low,0.125
CUST010320,653,risky,48.2,91.95,22.82,39.3,69.61,58.7707,7.93,0,2,1,0,0,0,0,6,117416.79,0.1043,low,0.0
CUST010321,822,excellent,97.81,86.23,91.32,44.07,87.93,87.0016,14.0,10,1,0,0,0,0,0,6,417702.47,0.0987,low,0.0
CUST010322,849,excellent,91.06,96.85,99.33,61.99,94.09,91.4339,1.35,14,0,0,0,0,0,1,4,94123.91,0.3789,low,0.2
CUST010323,830,excellent,99.76,98.11,73.82,39.01,90.5,88.3737,1.87,9,0,0,0,0,0,0,2,192667.43,0.0594,low,0.0
CUST010324,842,excellent,97.61,86.05,85.77,78.87,96.58,90.3872,14.51,18,0,0,0,0,0,1,3,110103.33,0.4881,low,0.25
CUST010325,642,high_risk,14.01,93.53,98.22,48.12,45.38,57.0427,7.38,14,4,8,0,0,1,0,4,95580.13,0.5198,low,0.0
CUST010326,806,excellent,97.1,92.82,52.51,49.39,96.54,84.2988,2.96,3,0,0,0,0,0,0,5,432114.82,0.0744,low,0.0
CUST010327,596,high_risk,9.55,98.63,52.53,33.75,52.18,49.4041,9.64,4,3,4,1,1,1,0,3,344489.49,0.4229,low,0.0
CUST010328,779,excellent,99.57,87.72,23.67,55.44,95.36,79.7965,13.32,0,0,0,0,0,0,1,2,258573.15,0.7043,low,0.3333
CUST010329,864,excellent,99.54,99.9,76.26,88.81,88.18,93.9466,7.63,5,1,0,0,0,0,2,4,179234.61,0.4593,low,0.3333
CUST010330,658,risky,39.34,84.99,65.35,41.2,64.81,59.6664,11.84,5,3,1,0,0,0,0,0,187705.48,0.1906,low,0.0
CUST010331,783,excellent,74.96,92.43,89.24,43.87,87.56,80.4949,4.72,11,1,1,0,0,0,0,4,64717.47,0.0598,low,0.0
CUST010332,850,excellent,93.69,94.44,99.2,65.08,91.57,91.6692,7.89,13,0,0,0,0,0,1,1,238017.48,0.7157,low,0.5
CUST010333,766,excellent,98.71,55.64,79.58,50.72,93.74,77.6238,42.8,5,0,0,0,0,0,1,5,238241.67,0.612,low,0.1667
CUST010334,846,excellent,96.11,98.67,94.19,42.21,94.52,91.0411,7.03,10,0,0,0,0,0,0,5,70401.12,0.0223,low,0.0
CUST010335,820,excellent,92.54,97.44,76.9,47.63,86.71,86.5899,8.84,8,1,0,0,0,0,0,4,178891.92,0.149,low,0.0
CUST010336,801,excellent,90.39,78.96,95.62,41.57,96.76,83.5008,12.68,15,0,0,0,0,0,0,5,115874.47,0.1328,low,0.0
CUST010337,812,excellent,90.91,94.33,74.04,61.03,80.35,85.358,6.59,7,1,0,0,0,0,1,0,36761.25,0.3882,low,0.5
CUST010338,808,excellent,87.39,90.78,63.67,73.37,98.98,84.6041,9.01,3,0,0,0,0,0,1,7,688954.93,0.6022,low,0.125
CUST010339,821,excellent,99.32,78.76,98.17,47.52,90.49,86.9165,14.55,16,1,0,0,0,0,1,7,74411.08,0.9918,low,0.125
CUST010340,637,high_risk,25.47,87.16,85.56,72.67,20.22,56.1866,11.78,12,6,7,0,0,0,1,2,367620.47,1.5021,moderate,0.3333
CUST010341,725,good,86.27,89.39,34.13,45.61,42.22,70.9107,0.13,0,3,0,0,0,0,0,5,278859.39,0.0322,low,0.0
CUST010342,794,excellent,97.75,97.48,30.54,59.58,83.92,82.388,5.53,1,1,0,0,0,0,1,5,84357.93,0.7941,low,0.1667
CUST010343,781,excellent,65.59,85.54,98.96,72.11,94.12,80.0869,12.87,12,0,1,0,0,0,1,6,158915.38,0.341,low,0.1429
CUST010344,832,excellent,99.86,82.79,97.38,75.16,67.88,88.7,11.78,15,2,0,0,0,0,1,7,80620.87,0.4885,low,0.125
CUST010345,808,excellent,99.94,76.76,93.72,55.34,71.19,84.7182,12.92,12,2,0,0,0,0,1,1,66277.59,0.9254,low,0.5
CUST010346,810,excellent,85.48,96.94,79.14,43.18,97.72,84.9631,9.0,8,0,0,0,0,0,0,4,44977.7,0.1552,low,0.0
CUST010347,803,excellent,96.18,91.05,78.18,46.1,65.22,83.839,6.53,8,2,0,0,0,0,1,7,46459.02,0.604,low,0.125
CUST010348,805,excellent,90.21,98.77,80.74,32.03,77.3,84.2473,2.31,9,2,0,0,0,0,0,3,275215.56,0.1629,low,0.0
CUST010349,734,good,73.24,66.78,82.64,60.16,82.04,72.2818,34.21,8,1,1,0,0,0,1,0,79192.17,0.9754,low,0.5
CUST010350,815,excellent,99.7,76.56,83.66,73.82,80.85,85.879,11.27,6,1,0,0,0,0,1,7,19286.68,0.8017,low,0.125
CUST010351,847,excellent,97.19,90.55,93.93,61.01,97.93,91.1623,2.53,15,0,0,0,0,0,1,4,70698.4,0.8013,low,0.2
CUST010352,795,excellent,91.74,78.92,94.78,34.99,90.34,82.5363,10.74,20,0,0,0,0,0,0,3,48664.28,0.0806,low,0.0
CUST010353,683,risky,51.42,95.4,23.93,73.31,73.38,63.8793,2.97,0,2,4,0,0,0,1,4,93705.77,1.1766,low,0.2
CUST010354,612,high_risk,20.65,92.24,67.58,31.12,39.28,52.0785,9.03,7,5,5,0,0,1,0,2,14434.13,0.4003,low,0.0
CUST010355,855,excellent,93.2,94.32,86.63,90.04,95.61,92.4756,2.09,10,0,0,0,0,0,2,3,57711.74,0.7819,low,0.4
CUST010356,831,excellent,95.66,90.54,95.62,43.95,91.39,88.5205,1.38,13,0,0,0,0,0,0,1,47204.05,0.1579,low,0.0
CUST010357,807,excellent,87.51,92.11,85.08,46.29,88.7,84.5246,1.49,13,1,0,0,0,0,1,0,103467.44,0.764,low,0.5
CUST010358,817,excellent,89.36,95.18,89.62,35.01,94.74,86.2494,5.66,13,0,0,0,0,0,0,2,189505.24,0.1072,low,0.0
CUST010359,730,good,85.05,55.26,64.34,64.13,93.08,71.7178,32.35,3,0,0,0,0,0,0,4,1339985.41,0.0719,low,0.0
CUST010360,804,excellent,89.96,82.75,88.82,48.7,94.92,84.0,14.8,11,0,0,0,0,0,0,0,26558.37,0.0594,low,0.0
CUST010361,820,excellent,95.76,84.84,72.27,77.32,90.71,86.6101,13.66,9,0,0,0,0,0,1,1,25421.03,0.3466,low,0.5
CUST010362,663,risky,57.77,75.11,62.38,35.56,48.78,60.5429,14.99,3,4,2,0,0,0,0,7,71034.42,0.1934,low,0.0
CUST010363,764,excellent,99.02,97.79,13.79,40.14,71.97,77.2719,1.87,0,2,0,0,0,0,0,2,27517.37,0.0453,low,0.0
CUST010364,690,risky,32.78,93.72,73.14,71.0,83.79,65.0395,5.99,8,1,4,0,0,0,1,0,65833.9,1.4936,low,0.5
CUST010365,833,excellent,99.38,90.04,88.38,44.76,93.6,88.8901,8.47,18,0,0,0,0,0,0,7,378502.46,0.1096,low,0.0
CUST010366,805,excellent,90.47,83.24,99.1,44.24,82.08,84.1355,14.14,20,1,0,0,0,0,0,4,125729.22,0.0331,low,0.0
CUST010367,830,excellent,88.41,99.18,89.6,49.59,91.75,88.2688,9.99,12,1,0,0,0,0,1,4,37285.26,0.7979,low,0.2
CUST010368,812,excellent,94.44,88.39,89.44,34.95,89.19,85.4022,7.42,10,1,0,0,0,0,0,6,147194.36,0.0032,low,0.0
CUST010369,833,excellent,96.58,89.01,99.85,34.9,97.93,88.7683,9.94,10,0,0,0,0,0,0,7,231210.44,0.0215,low,0.0
CUST010370,689,risky,36.89,93.43,85.03,42.74,68.47,64.8181,0.21,12,2,1,0,0,0,0,3,52614.82,0.1564,low,0.0
CUST010371,803,excellent,94.93,75.28,76.82,68.72,96.43,83.8461,14.69,8,0,0,0,0,0,1,4,51245.21,0.5753,low,0.2
CUST010372,782,excellent,92.26,97.24,49.09,32.82,81.99,80.3046,5.57,1,1,0,0,0,0,0,7,97237.74,0.1504,low,0.0
CUST010373,729,good,70.66,98.08,31.57,42.41,83.98,71.5301,0.53,0,1,0,0,0,0,0,0,399448.59,0.1136,low,0.0
CUST010374,568,high_risk,11.07,90.1,24.09,62.31,49.87,44.7348,4.51,0,4,5,0,0,0,1,0,215007.66,2.2918,moderate,0.5
CUST010375,628,high_risk,17.76,93.69,50.44,72.73,65.77,54.7394,0.53,4,2,5,0,0,0,1,4,101275.9,1.8805,moderate,0.2
CUST010376,853,excellent,97.86,97.86,94.0,47.81,97.58,92.2488,1.28,14,0,0,0,0,0,0,7,319283.97,0.1435,low,0.0
CUST010377,776,excellent,53.1,97.91,99.69,79.91,84.78,79.3805,4.45,10,1,3,0,0,0,1,0,26889.32,0.862,low,0.5
CUST010378,721,good,68.73,95.02,31.94,43.57,85.2,70.2309,7.86,0,1,1,0,0,0,0,0,143225.33,0.0092,low,0.0
CUST010379,825,excellent,97.46,89.08,85.14,45.83,93.25,87.5125,1.44,12,0,0,0,0,0,1,2,45856.64,0.6226,low,0.3333
CUST010380,695,risky,48.5,91.01,72.51,39.8,66.74,65.8107,6.74,6,2,4,0,0,0,0,1,75944.58,0.0659,low,0.0
CUST010381,613,high_risk,20.26,85.13,91.12,36.84,22.03,52.1842,10.93,15,5,7,0,0,1,0,4,155675.36,0.4743,low,0.0
CUST010382,835,excellent,94.72,95.84,98.7,31.46,92.94,89.1476,6.77,14,0,0,0,0,0,0,0,41202.12,0.1367,low,0.0
CUST010383,735,good,93.65,82.45,19.65,30.29,89.42,72.4323,11.62,0,1,0,0,0,0,0,5,224802.27,0.0918,low,0.0
CUST010384,802,excellent,100.0,57.18,95.29,79.21,92.68,83.6364,36.48,11,0,0,0,0,0,1,6,125630.18,0.7101,low,0.1429
CUST010385,850,excellent,92.67,98.71,89.67,67.23,93.7,91.59,1.92,13,0,0,0,0,0,1,0,351843.19,0.7338,low,0.5
CUST010386,831,excellent,85.27,97.48,96.31,57.3,91.87,88.4515,4.1,12,1,0,0,0,0,1,6,44720.34,0.925,low,0.1429
CUST010387,820,excellent,88.91,91.18,76.67,74.86,92.14,86.6724,1.83,7,0,0,0,0,0,1,7,32432.34,0.9514,low,0.125
CUST010388,869,excellent,96.37,98.88,98.6,68.96,97.84,94.8629,0.29,18,0,0,0,0,0,1,6,60424.66,0.7897,low,0.1429
CUST010389,809,excellent,89.46,89.68,70.73,63.79,95.59,84.762,1.28,8,0,0,0,0,0,1,2,123201.33,0.9311,low,0.3333
CUST010390,862,excellent,97.58,98.81,96.21,63.71,90.81,93.6791,2.3,13,1,0,0,0,0,1,5,236098.64,0.9217,low,0.1667
CUST010391,792,excellent,90.21,76.55,84.18,48.74,99.04,81.9432,10.3,6,0,0,0,0,0,0,6,76812.22,0.1516,low,0.0
CUST010392,627,high_risk,1.27,98.08,94.69,46.29,57.4,54.4407,9.46,11,4,5,1,1,1,0,2,16721.85,0.2796,low,0.0
CUST010393,840,excellent,95.98,99.17,65.01,73.05,96.53,90.0553,4.06,5,0,0,0,0,0,1,3,45686.61,0.438,low,0.25
CUST010394,851,excellent,98.14,97.11,92.77,44.04,99.83,91.7849,2.28,17,0,0,0,0,0,0,5,28023.55,0.0611,low,0.0
CUST010395,800,excellent,85.13,80.62,99.65,63.65,81.11,83.4029,13.91,15,1,0,0,0,0,1,1,51284.56,0.5599,low,0.5
CUST010396,756,excellent,92.0,78.15,43.35,44.67,94.16,76.0301,12.8,1,0,0,0,0,0,0,6,62075.96,0.1645,low,0.0
CUST010397,813,excellent,91.32,91.78,86.16,48.13,82.86,85.5201,3.54,16,1,0,0,0,0,0,7,23950.75,0.0621,low,0.0
CUST010398,732,good,63.0,82.77,89.26,41.41,76.23,72.0322,14.11,17,2,2,0,0,0,0,5,119313.13,0.0173,low,0.0
CUST010399,611,high_risk,23.42,87.25,55.44,43.17,48.84,51.8877,14.05,2,3,6,0,0,1,0,5,18994.91,0.4059,low,0.0
CUST010400,856,excellent,94.41,93.74,94.63,77.23,96.64,92.7477,7.74,11,0,0,0,0,0,1,6,270520.49,0.6388,low,0.1429
CUST010401,630,high_risk,18.48,95.37,64.22,42.67,60.1,54.9869,7.17,3,4,5,0,0,1,0,5,38499.21,0.4695,low,0.0
CUST010402,713,good,67.57,92.86,31.72,45.83,80.23,68.8728,3.39,1,1,0,0,0,0,1,7,311408.55,0.491,low,0.125
CUST010403,685,risky,40.76,97.48,59.22,33.2,83.85,64.0986,1.62,2,1,4,0,0,0,0,7,168722.65,0.2478,low,0.0
CUST010404,785,excellent,97.42,94.33,30.56,47.61,90.48,80.7895,5.78,1,1,0,0,0,0,0,3,58909.19,0.0363,low,0.0
CUST010405,799,excellent,93.13,88.95,67.15,38.32,99.79,83.1622,0.37,6,0,0,0,0,0,0,4,212910.2,0.1547,low,0.0
CUST010406,810,excellent,99.34,89.78,46.87,69.07,93.56,84.9944,6.79,3,0,0,0,0,0,1,5,126109.06,0.492,low,0.1667
CUST010407,815,excellent,87.43,88.44,69.98,81.96,99.87,85.8109,10.42,6,0,0,0,0,0,2,5,360783.17,0.6801,low,0.2857
CUST010408,756,excellent,69.64,78.51,85.25,59.63,92.92,75.97,10.88,15,0,0,0,0,0,0,3,301180.68,0.0415,low,0.0
CUST010409,674,risky,28.41,99.99,79.91,40.52,63.08,62.2881,6.27,7,3,6,0,0,1,0,0,165887.6,0.3767,low,0.0
CUST010410,836,excellent,87.47,94.16,95.99,68.87,92.59,89.4092,3.44,19,0,0,0,0,0,1,7,33632.45,0.7032,low,0.125
CUST010411,754,excellent,78.18,93.69,47.72,34.19,96.47,75.6918,1.93,3,0,0,0,0,0,0,5,54307.64,0.0206,low,0.0
CUST010412,597,high_risk,8.32,99.08,52.39,49.5,40.05,49.4518,2.29,2,4,4,1,0,1,0,5,71815.41,0.6107,low,0.0
CUST010413,838,excellent,99.53,97.74,93.29,43.57,71.78,89.6829,5.17,12,2,0,0,0,0,0,3,96862.43,0.0604,low,0.0
CUST010414,789,excellent,68.98,97.02,90.4,49.84,97.7,81.5642,5.0,13,0,1,0,0,0,1,5,67847.91,0.6307,low,0.1667
CUST010415,796,excellent,98.27,82.13,67.23,37.34,97.61,82.6121,12.13,5,0,0,0,0,0,0,3,258619.35,0.0186,low,0.0
CUST010416,798,excellent,88.92,97.33,51.91,51.3,98.09,83.049,1.84,3,0,0,0,0,0,1,1,175907.89,0.9566,low,0.5
CUST010417,805,excellent,74.56,93.8,99.79,49.13,99.69,84.0882,8.62,12,0,1,0,0,0,0,4,45693.65,0.1333,low,0.0
CUST010418,780,excellent,78.01,99.28,64.88,43.12,88.68,80.0005,2.56,4,1,0,0,0,0,0,0,128691.06,0.0608,low,0.0
CUST010419,780,excellent,90.72,96.79,47.99,39.71,81.07,80.0641,3.22,2,1,0,0,0,0,0,2,172533.84,0.1634,low,0.0
CUST010420,663,risky,22.77,98.18,96.71,41.82,44.18,60.5298,6.6,13,3,6,0,0,1,0,5,166396.6,0.1746,low,0.0
CUST010421,814,excellent,87.44,92.73,89.38,47.49,91.56,85.735,2.58,12,0,0,0,0,0,1,2,98435.44,0.8569,low,0.3333
CUST010422,670,risky,52.37,91.06,32.0,60.75,61.14,61.6335,6.64,1,3,2,0,0,0,2,4,38223.16,1.2247,low,0.3333
CUST010423,783,excellent,86.39,75.83,86.55,50.18,95.75,80.562,25.54,13,0,0,0,0,0,0,5,108049.0,0.096,low,0.0
CUST010424,833,excellent,99.77,95.82,87.47,38.79,82.19,88.8852,5.82,20,1,0,0,0,0,0,3,96623.19,0.1128,low,0.0
CUST010425,821,excellent,91.49,89.84,83.54,63.49,90.47,86.8985,5.5,7,0,0,0,0,0,1,7,119013.81,0.4634,low,0.125
CUST010426,812,excellent,93.23,81.88,89.25,48.99,98.63,85.3442,13.45,14,0,0,0,0,0,0,2,171943.82,0.1464,low,0.0
CUST010427,788,excellent,91.43,75.26,83.3,45.01,97.7,81.3427,12.39,5,0,0,0,0,0,0,5,105038.58,0.0337,low,0.0
CUST010428,749,good,89.0,75.13,49.56,40.58,97.03,74.8867,13.7,1,0,0,0,0,0,0,7,386687.19,0.0605,low,0.0
CUST010429,595,high_risk,10.35,91.16,67.53,44.76,35.55,49.1328,9.36,9,5,5,0,0,1,0,0,202582.53,0.2931,low,0.0
CUST010430,805,excellent,92.21,96.17,64.71,41.82,91.89,84.2025,4.44,2,1,0,0,0,0,0,0,90424.18,0.0826,low,0.0
CUST010431,848,excellent,96.19,87.69,84.22,89.34,98.59,91.3982,12.33,5,0,0,0,0,0,2,5,311409.79,0.4218,low,0.2857
CUST010432,805,excellent,95.83,86.82,70.83,45.34,94.99,84.2439,16.3,6,0,0,0,0,0,0,1,131316.38,0.055,low,0.0
CUST010433,780,excellent,90.07,94.15,46.86,40.1,91.81,79.9889,6.14,4,0,0,0,0,0,0,7,577904.36,0.0283,low,0.0
CUST010434,750,excellent,72.93,89.3,58.62,64.3,75.32,75.0686,6.37,4,2,1,0,0,0,1,3,62019.23,0.8865,low,0.25
CUST010435,707,good,63.86,76.11,56.6,42.68,99.1,67.8542,10.59,2,0,3,0,0,0,0,6,94795.86,0.0853,low,0.0
CUST010436,834,excellent,99.51,88.25,92.48,56.47,81.17,88.9383,2.39,14,1,0,0,0,0,1,3,396665.35,0.4247,low,0.25
CUST010437,660,risky,37.02,89.62,65.51,31.4,71.86,59.9949,1.41,8,2,4,0,0,0,0,4,10701.82,0.0557,low,0.0
CUST010438,792,excellent,92.91,78.42,83.55,35.93,97.49,81.9201,12.27,7,0,0,0,0,0,0,7,56397.21,0.0158,low,0.0
CUST010439,766,excellent,89.44,86.5,52.9,31.01,93.58,77.6457,13.0,2,0,0,0,0,0,0,2,37615.14,0.0151,low,0.0
CUST010440,813,excellent,86.29,92.05,91.55,58.72,80.51,85.4717,7.15,15,1,0,0,0,0,1,6,41592.79,0.661,low,0.1429
CUST010441,734,good,63.51,89.9,63.19,45.79,90.77,72.3331,9.83,3,0,1,0,0,0,0,5,440363.27,0.0132,low,0.0
CUST010442,770,excellent,85.24,83.12,46.37,70.62,95.65,78.3552,10.45,4,0,0,0,0,0,1,2,90362.97,0.6407,low,0.3333
CUST010443,768,excellent,96.84,61.31,68.32,57.89,95.96,77.9237,37.91,7,0,0,0,0,0,1,1,130841.76,0.9806,low,0.5
CUST010444,762,excellent,70.07,96.68,80.48,36.84,76.57,76.9427,4.86,7,2,0,0,0,0,0,2,52569.09,0.1376,low,0.0
CUST010445,692,risky,40.83,93.71,80.09,40.9,67.62,65.2708,9.9,9,2,2,0,0,0,0,0,118568.01,0.035,low,0.0
CUST010446,789,excellent,86.06,80.32,93.57,40.29,92.25,81.5048,13.92,13,0,0,0,0,0,0,4,84017.01,0.0418,low,0.0
CUST010447,825,excellent,96.25,95.92,78.59,42.47,89.94,87.4938,1.67,9,1,0,0,0,0,0,2,36643.72,0.0312,low,0.0
CUST010448,827,excellent,98.73,88.95,76.49,59.31,92.27,87.8756,8.31,6,0,0,0,0,0,1,0,82611.94,0.4358,low,0.5
CUST010449,590,high_risk,27.14,82.31,43.19,43.68,32.11,48.2509,12.52,1,5,6,0,0,0,0,3,95748.82,0.6275,low,0.0
CUST010450,774,excellent,86.47,81.81,59.14,56.02,96.83,78.963,11.42,2,0,0,0,0,0,1,2,76580.57,0.4473,low,0.3333
CUST010451,800,excellent,93.0,95.19,53.3,46.76,95.91,83.368,0.47,2,0,0,0,0,0,0,5,83101.87,0.0947,low,0.0
CUST010452,797,excellent,89.78,77.48,99.44,48.64,83.61,82.8069,10.71,17,1,0,0,0,0,1,1,179690.63,0.3825,low,0.5
CUST010453,740,good,91.5,90.71,22.11,37.77,70.22,73.352,5.57,0,2,0,0,0,0,0,0,169262.31,0.0886,low,0.0
CUST010454,823,excellent,88.36,89.47,87.5,64.33,97.96,87.1198,10.66,12,0,0,0,0,0,2,3,258638.07,0.9775,low,0.4
CUST010455,813,excellent,99.22,77.53,81.59,56.55,95.64,85.4444,11.83,9,0,0,0,0,0,1,3,260286.77,0.4827,low,0.25
CUST010456,665,risky,29.92,93.91,89.32,34.52,53.63,60.8576,7.46,17,4,3,0,0,0,0,5,60868.68,0.1885,low,0.0
CUST010457,721,good,49.31,83.52,95.97,47.42,86.49,70.1012,13.38,18,1,1,0,0,0,0,1,101384.31,0.18,low,0.0
CUST010458,779,excellent,94.59,75.94,78.86,37.67,82.8,79.7619,12.18,5,1,0,0,0,0,0,6,34320.99,0.1434,low,0.0
CUST010459,646,high_risk,17.65,96.45,93.65,72.57,22.97,57.715,4.39,16,6,5,0,0,0,1,7,38722.06,2.1328,moderate,0.125
CUST010460,760,excellent,92.38,77.84,48.43,42.81,93.82,76.6127,13.93,4,0,0,0,0,0,0,6,97728.41,0.0962,low,0.0
CUST010461,743,good,86.82,92.03,22.07,40.55,84.37,73.7995,3.42,0,1,0,0,0,0,0,0,129129.79,0.0404,low,0.0
CUST010462,808,excellent,85.81,88.35,98.92,46.49,85.65,84.5914,3.8,19,1,0,0,0,0,0,1,202906.07,0.0999,low,0.0
CUST010463,828,excellent,92.95,92.25,93.11,43.2,94.99,87.9949,5.67,10,0,0,0,0,0,0,4,147748.56,0.0405,low,0.0
CUST010464,639,high_risk,25.82,89.95,70.9,31.35,67.68,56.5623,2.91,9,2,8,0,0,1,0,6,833372.53,0.2745,low,0.0
CUST010465,842,excellent,92.34,91.12,93.12,71.49,96.34,90.4083,4.52,20,0,0,0,0,0,1,6,157130.96,0.8323,low,0.1429
CUST010466,700,good,43.66,88.88,84.58,37.72,82.72,66.6764,12.37,7,1,2,0,0,0,0,1,120858.72,0.2164,low,0.0
CUST010467,781,excellent,86.13,89.71,54.7,58.59,91.23,80.2455,10.56,2,1,0,0,0,0,1,1,61050.32,0.8851,low,0.5
CUST010468,802,excellent,94.71,87.17,76.65,42.02,86.48,83.6471,14.3,5,1,0,0,0,0,0,7,14292.46,0.0511,low,0.0
CUST010469,731,good,70.06,92.28,46.94,30.8,94.4,71.7642,9.9,1,0,1,0,0,0,0,1,39631.13,0.112,low,0.0
CUST010470,753,excellent,66.92,81.77,97.78,34.72,94.39,75.5301,14.33,16,0,0,0,0,0,0,3,103440.22,0.1627,low,0.0
CUST010471,691,risky,50.61,90.95,66.67,42.13,59.25,65.1361,8.95,8,3,1,0,0,0,0,0,848978.82,0.0102,low,0.0
CUST010472,794,excellent,88.49,79.28,77.9,59.53,99.39,82.3338,28.28,5,0,0,0,0,0,0,0,302556.97,0.1624,low,0.0
CUST010473,812,excellent,85.13,89.02,99.11,46.55,92.7,85.2932,1.01,14,0,0,0,0,0,0,6,112241.83,0.1157,low,0.0
CUST010474,752,excellent,63.15,96.65,70.82,48.95,87.49,75.3651,6.53,6,1,1,0,0,0,0,6,90457.3,0.0289,low,0.0
CUST010475,852,excellent,95.85,94.74,90.24,72.99,92.41,92.044,6.14,11,0,0,0,0,0,1,3,182523.12,0.4153,low,0.25
CUST010476,610,high_risk,10.04,90.9,73.95,73.24,34.62,51.6605,0.38,8,5,7,0,0,0,1,7,55137.97,2.1787,moderate,0.125
CUST010477,799,excellent,72.91,96.04,82.87,64.98,98.63,83.1204,3.44,5,0,0,0,0,0,1,1,34370.38,0.6624,low,0.5
CUST010478,721,good,72.17,87.87,39.97,33.22,91.73,70.1133,12.56,1,1,0,0,0,0,0,7,75309.36,0.0442,low,0.0
CUST010479,841,excellent,95.37,94.29,95.67,43.87,97.64,90.167,9.91,13,0,0,0,0,0,0,2,124650.64,0.0358,low,0.0
CUST010480,823,excellent,97.54,92.07,63.86,64.73,93.07,87.1191,4.75,2,0,0,0,0,0,1,4,49867.18,0.8726,low,0.2
CUST010481,827,excellent,99.42,93.99,76.04,34.34,99.79,87.8147,7.45,9,0,0,0,0,0,0,0,112038.46,0.0135,low,0.0
CUST010482,648,high_risk,40.99,88.23,58.35,43.47,41.18,58.0332,12.43,2,4,3,0,0,0,0,1,125314.94,0.0496,low,0.0
CUST010483,808,excellent,87.5,98.85,74.65,39.68,92.78,84.7205,0.13,5,0,0,0,0,0,0,4,31849.4,0.0651,low,0.0
CUST010484,823,excellent,96.1,83.71,98.46,68.57,67.37,87.1129,10.02,11,2,0,0,0,0,1,2,60665.92,0.4105,low,0.3333
CUST010485,811,excellent,98.56,99.97,50.1,39.99,91.14,85.1141,8.13,3,0,0,0,0,0,0,6,143446.58,0.1355,low,0.0
CUST010486,739,good,53.97,96.43,98.64,33.2,72.26,73.1606,6.95,19,2,3,0,0,0,0,6,32432.11,0.2269,low,0.0
CUST010487,784,excellent,96.81,83.77,48.62,43.01,99.84,80.5914,10.44,1,0,0,0,0,0,0,2,426328.5,0.0429,low,0.0
CUST010488,789,excellent,71.87,96.24,90.79,47.3,90.83,81.4578,3.55,12,0,0,0,0,0,0,6,18548.3,0.0385,low,0.0
CUST010489,791,excellent,88.47,97.14,61.85,32.3,91.49,81.7616,6.21,2,0,0,0,0,0,0,3,60982.49,0.083,low,0.0
CUST010490,801,excellent,96.43,84.82,54.77,69.31,91.85,83.5267,14.67,3,1,0,0,0,0,1,5,253771.94,0.9827,low,0.1667
CUST010491,776,excellent,96.07,85.43,53.09,53.31,67.86,79.3373,10.91,3,2,0,0,0,0,1,2,159408.92,0.8145,low,0.3333
CUST010492,660,risky,50.75,75.5,63.7,42.58,57.28,59.9519,10.92,2,4,3,0,0,0,0,7,25208.4,0.0176,low,0.0
CUST010493,817,excellent,97.71,82.09,86.34,46.32,98.2,86.2281,10.06,10,0,0,0,0,0,0,0,140769.27,0.0877,low,0.0
CUST010494,801,excellent,95.0,99.35,64.75,40.82,66.43,83.4926,7.76,2,2,0,0,0,0,0,1,485019.99,0.1538,low,0.0
CUST010495,586,high_risk,12.43,86.17,81.31,31.19,21.44,47.6602,11.59,9,5,8,0,0,1,0,5,319936.19,0.452,low,0.0
CUST010496,699,risky,45.75,95.37,63.98,30.96,91.42,66.4594,2.78,2,1,1,0,0,0,0,6,211891.58,0.0716,low,0.0
CUST010497,790,excellent,85.67,92.14,75.93,31.57,94.43,81.6175,8.52,5,0,0,0,0,0,0,4,68600.72,0.1565,low,0.0
CUST010498,765,excellent,95.57,82.71,32.06,46.1,98.83,77.5639,13.17,1,0,0,0,0,0,0,6,151338.87,0.1001,low,0.0
CUST010499,642,high_risk,23.8,99.53,53.32,67.91,49.59,56.938,1.81,2,3,4,0,0,0,1,5,61770.28,2.1928,moderate,0.1667
CUST010500,818,excellent,98.24,94.11,68.2,41.32,92.84,86.264,8.55,5,0,0,0,0,0,0,6,460732.3,0.1195,low,0.0
CUST010501,606,high_risk,42.82,75.22,17.3,36.42,72.77,51.0677,10.28,0,2,4,0,0,0,0,2,41035.74,0.1798,low,0.0
CUST010502,800,excellent,93.66,99.01,45.49,42.58,98.16,83.3801,0.23,2,0,0,0,0,0,0,2,147050.8,0.0886,low,0.0
CUST010503,864,excellent,95.5,96.75,96.23,86.2,85.56,94.0598,8.05,10,1,0,0,0,0,2,3,46842.48,0.6248,low,0.4
CUST010504,734,good,86.7,94.25,16.69,46.64,65.71,72.3553,9.84,0,2,0,0,0,0,1,2,144025.24,0.6906,low,0.3333
CUST010505,683,risky,40.87,78.37,96.52,39.04,76.41,63.8401,10.8,17,2,1,0,0,0,0,2,45734.27,0.0235,low,0.0
CUST010506,827,excellent,98.77,90.14,95.02,33.61,86.34,87.8595,1.7,16,1,0,0,0,0,0,7,95736.87,0.0334,low,0.0
CUST010507,813,excellent,97.42,83.22,79.8,47.33,96.84,85.4524,10.19,7,0,0,0,0,0,1,3,294192.96,0.4562,low,0.25
CUST010508,749,good,88.28,78.18,45.27,49.24,87.53,74.8199,14.49,2,1,0,0,0,0,0,6,290124.11,0.1529,low,0.0
CUST010509,756,excellent,91.04,77.22,56.91,34.09,89.46,75.9213,12.36,3,1,0,0,0,0,0,2,35117.93,0.1513,low,0.0
CUST010510,687,risky,40.39,89.18,65.1,65.28,72.61,64.4433,0.71,7,2,3,0,0,0,2,1,354634.12,0.9586,low,0.6667
CUST010511,657,risky,56.89,80.11,29.01,46.68,65.72,59.5366,14.27,0,2,2,0,0,0,0,1,137786.15,0.2113,low,0.0
CUST010512,791,excellent,98.01,89.81,52.81,39.02,87.72,81.8399,7.64,2,1,0,0,0,0,0,4,87866.3,0.1261,low,0.0
CUST010513,711,good,51.3,92.73,93.89,45.02,40.91,68.4493,3.47,14,3,4,0,0,0,0,2,123461.74,0.1783,low,0.0
CUST010514,830,excellent,91.44,94.29,86.2,51.58,99.99,88.3786,0.4,14,0,0,0,0,0,1,1,429404.86,0.4128,low,0.5
CUST010515,802,excellent,88.97,91.01,82.17,42.03,87.65,83.7382,6.09,5,1,0,0,0,0,0,7,96992.74,0.0399,low,0.0
CUST010516,837,excellent,99.39,97.31,72.68,55.35,90.94,89.5112,8.92,5,0,0,0,0,0,1,3,302494.08,0.4258,low,0.25
CUST010517,821,excellent,91.08,91.8,93.65,34.85,98.41,86.7905,7.78,16,0,0,0,0,0,0,1,293330.28,0.1409,low,0.0
CUST010518,768,excellent,94.04,84.88,28.33,57.68,95.97,77.9927,11.15,0,0,0,0,0,0,1,0,212640.05,0.9718,low,0.5
CUST010519,776,excellent,85.37,94.3,52.15,47.76,84.93,79.2601,7.2,3,1,0,0,0,0,0,1,85030.72,0.0689,low,0.0
CUST010520,805,excellent,86.03,90.38,80.76,58.08,90.23,84.1721,4.56,6,0,0,0,0,0,1,3,76376.74,0.9668,low,0.25
CUST010521,576,high_risk,28.0,80.11,34.27,37.23,33.47,46.043,10.87,1,5,3,0,0,1,0,5,86037.24,0.2902,low,0.0
CUST010522,612,high_risk,7.26,91.22,91.09,39.09,45.65,52.0468,0.28,18,4,4,1,1,1,0,3,42070.51,0.5181,low,0.0
CUST010523,799,excellent,96.28,75.83,60.89,79.07,97.63,83.2498,10.99,2,0,0,0,0,0,3,3,96591.13,0.6126,low,0.5
CUST010524,696,risky,25.06,93.77,91.45,67.14,86.62,65.9958,5.29,20,1,3,0,0,0,1,5,55419.57,0.6771,low,0.1667
CUST010525,792,excellent,88.08,80.19,77.53,64.01,91.26,82.0421,12.49,8,0,0,0,0,0,1,5,88895.01,0.8857,low,0.1667
CUST010526,780,excellent,73.12,93.57,82.78,44.56,95.15,80.0523,7.97,9,0,0,0,0,0,0,1,23712.93,0.0309,low,0.0
CUST010527,812,excellent,86.98,88.27,82.62,72.75,86.92,85.284,10.45,8,1,0,0,0,0,1,3,71053.43,0.5394,low,0.25
CUST010528,871,excellent,94.28,99.45,94.25,88.86,93.9,95.2465,9.91,16,0,0,0,0,0,2,0,148380.67,0.8063,low,0.6667
CUST010529,774,excellent,97.26,50.88,99.35,54.84,92.63,78.9521,51.15,11,0,0,0,0,0,1,6,172511.74,0.9509,low,0.1429
CUST010530,617,high_risk,40.29,38.74,78.24,53.6,99.39,52.7589,52.5,6,0,1,0,0,0,0,2,49973.86,0.1792,low,0.0
CUST010531,747,good,47.65,97.56,95.95,77.01,65.0,74.5403,2.81,14,2,2,0,0,0,1,3,501644.12,0.8113,low,0.25
CUST010532,826,excellent,96.67,95.95,83.52,31.3,94.31,87.7106,3.27,5,0,0,0,0,0,0,6,192848.66,0.1466,low,0.0
CUST010533,847,excellent,98.16,88.05,97.43,60.24,97.87,91.1964,3.59,13,0,0,0,0,0,1,6,30672.32,0.3459,low,0.1429
CUST010534,774,excellent,98.44,90.29,26.86,47.64,86.17,78.9528,6.99,0,1,0,0,0,0,1,5,224389.37,0.4144,low,0.1667
CUST010535,812,excellent,98.45,96.81,32.68,70.86,98.26,85.3125,3.89,0,0,0,0,0,0,1,4,38509.01,0.5488,low,0.2
CUST010536,781,excellent,97.06,93.66,33.78,37.75,92.41,80.1512,9.54,0,0,0,0,0,0,0,6,159926.37,0.0918,low,0.0
CUST010537,772,excellent,92.39,94.06,35.4,31.17,96.25,78.6063,2.73,1,0,0,0,0,0,0,5,84267.74,0.0972,low,0.0
CUST010538,-1,no_history,95.3,87.81,11.01,31.04,81.91,72.6446,13.77,0,1,0,0,0,0,0,3,24209.1,0.0751,low,0.0
CUST010539,789,excellent,88.78,88.2,69.06,37.45,98.48,81.4835,11.23,5,0,0,0,0,0,0,4,65936.39,0.0404,low,0.0
CUST010540,771,excellent,87.65,91.12,48.41,48.07,84.45,78.5275,4.89,2,1,0,0,0,0,0,4,115435.63,0.0236,low,0.0
CUST010541,773,excellent,98.85,56.53,81.2,56.23,94.67,78.8233,39.54,7,0,0,0,0,0,0,5,77734.91,0.0687,low,0.0
CUST010542,818,excellent,97.47,85.77,96.23,50.18,71.14,86.4115,10.68,20,2,0,0,0,0,1,2,76242.09,0.8518,low,0.3333
CUST010543,798,excellent,91.66,84.75,67.74,67.49,85.93,83.0108,13.11,7,1,0,0,0,0,1,2,79035.49,0.8513,low,0.3333
CUST010544,804,excellent,86.82,95.76,73.19,38.55,99.97,83.9443,7.81,9,0,0,0,0,0,0,1,103633.01,0.0243,low,0.0
CUST010545,596,high_risk,27.24,95.33,30.38,30.02,37.03,49.397,1.96,0,6,6,0,0,1,0,6,211256.33,0.4263,low,0.0
CUST010546,832,excellent,97.41,91.85,86.16,42.21,98.79,88.6757,2.32,13,0,0,0,0,0,0,6,76174.5,0.0933,low,0.0
CUST010547,754,excellent,88.33,94.32,19.33,44.06,92.0,75.7189,3.21,0,0,0,0,0,0,0,7,264887.3,0.0902,low,0.0
CUST010548,843,excellent,94.84,98.41,93.5,40.32,98.02,90.578,7.6,15,0,0,0,0,0,0,0,84501.81,0.1592,low,0.0
CUST010549,791,excellent,97.88,94.84,39.08,37.29,95.88,81.8865,1.84,1,0,0,0,0,0,0,4,54610.68,0.0859,low,0.0
CUST010550,791,excellent,86.76,88.71,56.46,72.24,90.93,81.7659,10.26,3,1,0,0,0,0,1,4,98472.95,0.9641,low,0.2
CUST010551,819,excellent,91.74,91.46,92.55,45.78,85.71,86.5804,9.29,19,1,0,0,0,0,1,4,47293.5,0.744,low,0.2
CUST010552,786,excellent,88.26,88.87,81.44,31.41,80.51,80.9601,10.86,8,1,0,0,0,0,0,1,37555.17,0.08,low,0.0
CUST010553,786,excellent,96.92,97.84,23.03,46.08,97.34,81.0701,6.11,0,0,0,0,0,0,0,1,602298.14,0.0524,low,0.0
CUST010554,802,excellent,90.71,83.73,71.23,64.82,96.81,83.713,13.82,5,0,0,0,0,0,1,2,53014.47,0.4434,low,0.3333
CUST010555,681,risky,29.12,94.15,94.79,60.46,58.53,63.5513,1.18,15,4,5,0,0,0,1,6,14445.86,1.3802,low,0.1429
CUST010556,623,high_risk,28.93,81.12,90.05,33.05,25.43,53.8167,10.58,19,5,7,0,0,1,0,6,80406.84,0.4652,low,0.0
CUST010557,617,high_risk,15.29,93.3,88.16,64.29,7.87,52.7796,2.07,15,7,7,1,0,0,1,3,95863.02,1.2318,low,0.25
CUST010558,811,excellent,94.66,90.29,71.48,43.93,97.48,85.0838,0.37,9,0,0,0,0,0,0,0,102137.5,0.1259,low,0.0
CUST010559,789,excellent,93.58,68.6,94.0,47.7,93.14,81.5168,34.42,12,0,0,0,0,0,0,7,39277.63,0.1389,low,0.0
CUST010560,756,excellent,67.51,67.99,86.28,92.3,97.74,75.9719,37.85,10,0,1,0,0,0,2,7,129324.07,0.9906,low,0.2222
CUST010561,684,risky,29.35,97.58,89.76,31.75,77.57,63.939,5.14,10,2,6,0,0,1,0,6,407557.66,0.3185,low,0.0
CUST010562,801,excellent,88.31,82.3,97.23,41.57,91.71,83.5138,13.81,18,0,0,0,0,0,0,7,134690.2,0.1268,low,0.0
CUST010563,821,excellent,99.88,88.07,90.74,36.66,82.38,86.8945,6.96,10,1,0,0,0,0,0,4,284915.14,0.0477,low,0.0
CUST010564,842,excellent,99.52,84.98,86.73,73.9,95.83,90.3066,12.06,16,0,0,0,0,0,1,1,93452.5,0.8963,low,0.5
CUST010565,849,excellent,94.51,92.76,92.14,72.49,95.18,91.4932,0.44,11,0,0,0,0,0,1,5,131454.92,0.451,low,0.1667
CUST010566,796,excellent,96.77,88.47,52.66,44.44,99.04,82.6577,14.14,2,0,0,0,0,0,0,2,71861.28,0.0978,low,0.0
CUST010567,667,risky,32.31,98.87,75.61,34.62,54.31,61.206,3.5,7,3,2,0,0,0,0,1,48433.5,0.1283,low,0.0
CUST010568,639,high_risk,25.07,81.02,95.23,31.73,59.93,56.5297,13.28,20,3,6,0,0,1,0,2,280860.56,0.2056,low,0.0
CUST010569,792,excellent,93.9,79.01,78.87,49.7,85.61,81.9292,10.41,5,1,0,0,0,0,1,2,15907.3,0.7484,low,0.3333
CUST010570,849,excellent,95.69,96.2,98.13,62.59,81.14,91.444,0.79,10,1,0,0,0,0,1,5,57633.71,0.8719,low,0.1667
CUST010571,820,excellent,98.66,91.96,78.72,38.52,88.38,86.6185,6.03,6,1,0,0,0,0,0,7,51508.49,0.027,low,0.0
CUST010572,817,excellent,94.05,91.03,82.56,40.82,94.41,86.1328,3.84,9,0,0,0,0,0,0,2,114785.88,0.0785,low,0.0
CUST010573,820,excellent,95.03,91.33,75.5,57.51,89.94,86.7304,6.49,8,1,0,0,0,0,1,3,39803.55,0.428,low,0.25
CUST010574,815,excellent,88.24,83.33,96.61,63.6,91.32,85.8663,11.68,20,1,0,0,0,0,1,3,101402.35,0.4927,low,0.25
CUST010575,831,excellent,96.55,97.07,73.56,62.51,82.77,88.4762,7.15,7,1,0,0,0,0,1,3,203062.42,0.4731,low,0.25
CUST010576,823,excellent,95.62,83.78,96.55,45.01,95.14,87.0991,13.03,16,0,0,0,0,0,0,5,37447.25,0.0935,low,0.0
CUST010577,812,excellent,86.1,88.46,99.19,51.69,85.44,85.2655,11.53,12,1,0,0,0,0,1,6,44411.9,0.9273,low,0.1429
CUST010578,824,excellent,96.97,88.84,76.9,58.81,93.39,87.3462,5.3,6,0,0,0,0,0,1,1,120892.67,0.8231,low,0.5
CUST010579,836,excellent,88.31,94.64,83.21,77.56,97.96,89.3332,5.93,8,0,0,0,0,0,2,7,401199.09,0.6603,low,0.2222
CUST010580,671,risky,38.88,78.22,69.99,49.18,93.49,61.8397,20.34,6,0,2,0,0,0,0,2,140005.2,0.1087,low,0.0
CUST010581,732,good,93.48,79.96,16.59,37.1,91.29,72.032,14.02,0,0,0,0,0,0,0,2,90145.12,0.105,low,0.0
CUST010582,810,excellent,85.28,89.51,66.13,85.11,99.37,85.0654,0.34,5,0,0,0,0,0,2,7,132373.41,0.9002,low,0.2222
CUST010583,842,excellent,94.47,99.99,84.85,51.14,93.84,90.2894,3.67,5,0,0,0,0,0,1,0,262364.49,0.493,low,0.5
CUST010584,793,excellent,85.35,91.1,70.1,62.58,81.71,82.1475,6.94,7,1,0,0,0,0,1,3,113644.44,0.6532,low,0.25
CUST010585,655,risky,63.5,75.84,10.27,46.86,79.57,59.164,12.49,0,2,4,0,0,0,0,0,230305.18,0.0014,low,0.0
CUST010586,830,excellent,95.68,95.77,98.82,39.31,73.12,88.2851,2.63,15,2,0,0,0,0,0,3,96767.62,0.0426,low,0.0
CUST010587,755,excellent,72.01,93.05,50.12,66.29,86.34,75.9,6.19,4,1,1,0,0,0,1,2,31442.42,0.5116,low,0.3333
CUST010588,832,excellent,99.6,88.23,85.05,49.04,96.26,88.6176,5.69,19,0,0,0,0,0,0,4,328736.47,0.1427,low,0.0
CUST010589,767,excellent,86.87,97.66,31.93,47.51,86.25,77.8679,8.69,1,1,0,0,0,0,0,5,145609.99,0.0442,low,0.0
CUST010590,754,excellent,90.23,77.51,46.69,41.22,97.59,75.7179,14.09,3,0,0,0,0,0,0,1,104059.08,0.0492,low,0.0
CUST010591,721,good,58.98,89.34,80.13,30.79,76.03,70.1479,14.71,9,2,2,0,0,0,0,4,54709.44,0.0467,low,0.0
CUST010592,820,excellent,95.86,95.27,65.39,49.67,97.21,86.6297,8.74,6,0,0,0,0,0,0,3,115345.72,0.1654,low,0.0
CUST010593,836,excellent,94.38,93.37,90.6,48.57,97.63,89.2537,4.6,16,0,0,0,0,0,0,3,332478.62,0.0751,low,0.0
CUST010594,842,excellent,99.75,99.44,83.04,39.52,92.55,90.4083,2.7,6,0,0,0,0,0,0,7,88530.29,0.0279,low,0.0
CUST010595,645,high_risk,22.22,88.15,90.18,67.97,39.47,57.4905,9.64,10,6,5,0,0,0,1,3,50871.81,1.3886,low,0.25
CUST010596,816,excellent,97.27,94.94,72.52,36.01,90.04,86.0107,6.24,5,1,0,0,0,0,0,0,29526.91,0.1235,low,0.0
CUST010597,628,high_risk,22.69,96.8,78.17,35.88,24.37,54.7353,8.31,6,6,6,0,0,1,0,6,166765.39,0.3148,low,0.0
CUST010598,850,excellent,92.94,91.07,96.5,75.96,96.64,91.587,4.31,19,0,0,0,0,0,2,6,29209.28,0.4739,low,0.25
CUST010599,718,good,52.59,91.34,79.0,70.45,49.78,69.6817,8.93,7,4,1,0,0,0,1,6,54247.38,0.8126,low,0.1429
CUST010600,812,excellent,94.29,88.67,72.54,83.09,66.13,85.4057,7.96,6,2,0,0,0,0,2,2,76570.75,0.4865,low,0.5
CUST010601,818,excellent,85.56,95.4,97.23,32.86,98.83,86.3192,4.38,10,0,0,0,0,0,0,3,37162.76,0.0024,low,0.0
CUST010602,838,excellent,91.17,90.65,96.34,78.67,82.73,89.6945,0.17,12,1,0,0,0,0,2,0,67145.46,0.8781,low,0.6667
CUST010603,833,excellent,90.2,90.46,96.75,65.15,91.77,88.9118,4.74,12,0,0,0,0,0,1,1,132753.6,0.7488,low,0.5
CUST010604,809,excellent,87.36,90.34,84.14,46.14,99.16,84.8287,9.74,8,0,0,0,0,0,1,0,205908.7,0.8951,low,0.5
CUST010605,801,excellent,91.69,89.49,66.66,56.96,89.08,83.5403,14.77,6,1,0,0,0,0,1,7,20001.74,0.8518,low,0.125
CUST010606,793,excellent,89.57,90.88,49.94,61.64,98.44,82.1137,6.94,2,0,0,0,0,0,1,6,88383.82,0.4122,low,0.1429
CUST010607,817,excellent,96.24,94.33,63.03,48.22,98.44,86.1028,6.84,4,0,0,0,0,0,0,5,295854.13,0.1221,low,0.0
CUST010608,836,excellent,99.7,84.28,96.12,72.18,75.7,89.3872,10.01,15,2,0,0,0,0,1,0,24191.96,0.8899,low,0.5
CUST010609,637,high_risk,28.31,94.0,44.82,46.34,66.42,56.1071,4.99,1,2,1,0,0,0,0,4,300355.61,0.2417,low,0.0
CUST010610,677,risky,30.53,95.18,76.44,46.23,74.96,62.8269,9.34,7,2,3,0,0,0,0,3,226321.38,0.1999,low,0.0
CUST010611,641,high_risk,41.0,92.83,20.84,46.44,68.91,56.8616,2.63,0,2,2,0,0,0,0,0,66907.45,0.1728,low,0.0
CUST010612,702,good,48.17,89.01,87.32,30.58,72.88,67.0083,9.88,11,2,1,0,0,0,0,0,210404.46,0.0893,low,0.0
CUST010613,826,excellent,95.15,84.77,99.76,49.09,90.02,87.6074,11.93,13,0,0,0,0,0,0,3,186193.17,0.0189,low,0.0
CUST010614,839,excellent,93.4,99.6,89.31,39.1,99.9,89.8661,1.34,11,0,0,0,0,0,0,6,22688.41,0.01,low,0.0
CUST010615,747,good,88.79,86.95,15.04,69.46,81.57,74.5214,27.5,0,1,0,0,0,0,1,3,199248.81,0.7756,low,0.25
CUST010616,614,high_risk,14.09,94.75,91.38,36.73,16.65,52.4048,1.79,18,7,7,0,0,1,0,5,116674.44,0.5789,low,0.0
CUST010617,841,excellent,92.34,91.57,85.9,78.07,96.17,90.0988,9.05,14,0,0,0,0,0,1,3,51628.21,0.8558,low,0.25
CUST010618,773,excellent,95.14,79.24,60.27,36.42,90.39,78.7918,14.81,2,1,0,0,0,0,0,3,203877.53,0.1025,low,0.0
CUST010619,818,excellent,88.1,98.37,75.36,63.93,82.24,86.2682,6.08,6,1,0,0,0,0,1,3,164234.87,0.8609,low,0.25
CUST010620,731,good,63.13,99.42,60.14,41.76,67.13,71.8313,9.69,2,2,1,0,0,0,0,0,164646.12,0.1522,low,0.0
CUST010621,832,excellent,92.06,98.3,67.9,70.93,96.42,88.6289,8.09,6,0,0,0,0,0,1,2,104365.49,0.4528,low,0.3333
CUST010622,833,excellent,90.41,93.78,87.4,62.72,97.22,88.88,7.5,12,0,0,0,0,0,1,0,75350.95,0.3864,low,0.5
CUST010623,809,excellent,95.67,96.03,66.39,43.91,82.41,84.8813,9.39,7,1,0,0,0,0,0,0,72496.78,0.145,low,0.0
CUST010624,840,excellent,91.91,92.63,97.26,70.81,84.36,90.0599,6.64,13,1,0,0,0,0,1,6,202865.82,0.9601,low,0.1429
CUST010625,797,excellent,89.41,75.52,90.33,66.02,87.49,82.8501,10.99,14,1,0,0,0,0,1,2,216717.23,0.4167,low,0.3333
CUST010626,775,excellent,71.15,94.6,92.41,35.51,84.17,79.1122,8.78,17,1,1,0,0,0,0,0,271414.49,0.1489,low,0.0
CUST010627,741,good,60.92,96.87,88.72,31.54,66.83,73.5296,2.24,12,2,3,0,0,0,0,7,7464.76,0.2254,low,0.0
CUST010628,797,excellent,93.35,84.08,65.67,66.06,84.69,82.8213,21.67,9,1,0,0,0,0,1,2,138429.95,0.9856,low,0.3333
CUST010629,817,excellent,92.41,82.93,97.41,44.73,98.32,86.1384,13.17,17,0,0,0,0,0,0,0,37398.39,0.0393,low,0.0
CUST010630,832,excellent,85.78,99.57,96.97,49.29,92.77,88.6455,8.18,17,0,0,0,0,0,0,2,45788.44,0.085,low,0.0
CUST010631,813,excellent,96.82,85.55,73.77,54.25,94.55,85.4961,17.74,6,0,0,0,0,0,0,3,62296.47,0.0323,low,0.0
CUST010632,761,excellent,51.76,96.12,92.66,78.62,91.38,76.8494,1.46,12,1,4,0,0,0,1,1,462721.37,1.1493,low,0.5
CUST010633,799,excellent,90.56,99.48,47.43,48.7,95.8,83.1067,8.41,2,0,0,0,0,0,1,2,16563.77,0.9634,low,0.3333
CUST010634,790,excellent,98.57,89.29,38.96,50.24,95.13,81.6657,13.42,1,0,0,0,0,0,1,5,36221.91,0.4136,low,0.1667
CUST010635,837,excellent,99.3,98.49,66.19,58.46,93.93,89.4703,4.05,6,0,0,0,0,0,1,4,85226.18,0.9405,low,0.2
CUST010636,730,good,68.25,77.98,66.65,47.93,96.12,71.6839,12.42,8,0,1,0,0,0,0,7,98866.7,0.1595,low,0.0
CUST010637,739,good,64.72,83.73,91.24,45.64,71.61,73.1795,13.26,11,2,1,0,0,0,0,3,599539.47,0.2276,low,0.0
CUST010638,774,excellent,90.76,75.12,76.63,34.27,97.49,78.9718,14.69,5,0,0,0,0,0,0,6,188247.54,0.0836,low,0.0
CUST010639,773,excellent,90.59,98.67,30.07,33.23,97.5,78.8876,5.72,0,0,0,0,0,0,0,1,119260.35,0.0277,low,0.0
CUST010640,829,excellent,95.85,96.55,91.53,32.13,87.07,88.1614,6.32,12,1,0,0,0,0,0,6,206551.84,0.1254,low,0.0
CUST010641,721,good,41.74,99.58,91.34,36.15,83.88,70.1898,2.42,10,1,3,0,0,0,0,1,220526.04,0.0966,low,0.0
CUST010642,673,risky,54.6,95.17,13.4,48.19,76.92,62.1819,8.53,0,2,1,0,0,0,0,5,12887.69,0.1616,low,0.0
CUST010643,684,risky,42.48,75.31,87.92,39.65,93.69,63.9825,11.27,16,0,3,0,0,0,0,4,48058.43,0.0295,low,0.0
CUST010644,594,high_risk,13.5,93.69,29.14,74.03,54.55,49.0585,5.44,0,4,3,0,0,0,1,7,43443.5,1.4534,low,0.125
CUST010645,837,excellent,94.11,99.68,89.28,37.46,95.72,89.5521,7.65,13,0,0,0,0,0,0,3,140629.82,0.1156,low,0.0
CUST010646,702,good,60.82,77.03,71.53,45.35,72.99,66.9627,24.03,7,2,3,0,0,0,0,6,175188.29,0.029,low,0.0
CUST010647,780,excellent,68.89,97.28,93.64,42.28,84.28,79.9989,7.96,20,1,1,0,0,0,0,4,698410.0,0.0182,low,0.0
CUST010648,758,excellent,92.36,80.36,49.01,37.06,87.92,76.2812,13.6,2,1,0,0,0,0,0,4,15542.73,0.069,low,0.0
CUST010649,805,excellent,90.15,77.79,77.73,79.97,96.58,84.205,12.28,6,0,0,0,0,0,1,1,195696.4,0.5685,low,0.5
CUST010650,807,excellent,96.93,90.43,69.41,38.35,92.33,84.5321,9.99,7,0,0,0,0,0,0,3,83102.42,0.0598,low,0.0
CUST010651,796,excellent,96.66,98.0,49.4,36.14,84.66,82.7198,7.24,2,1,0,0,0,0,0,4,130409.7,0.0957,low,0.0
CUST010652,836,excellent,99.7,75.48,96.06,82.23,91.13,89.2833,10.89,17,0,0,0,0,0,2,5,434372.72,0.3845,low,0.2857
CUST010653,694,risky,48.45,98.23,37.37,38.97,96.87,65.6137,5.29,1,0,1,0,0,0,0,4,163521.39,0.1214,low,0.0
CUST010654,812,excellent,91.65,77.94,92.7,74.82,85.06,85.3529,11.39,10,1,0,0,0,0,1,0,80592.26,0.9672,low,0.5
CUST010655,828,excellent,98.25,99.0,63.45,47.01,97.2,88.0271,6.84,2,0,0,0,0,0,0,7,51587.27,0.148,low,0.0
CUST010656,774,excellent,91.57,78.4,46.11,72.98,92.79,79.0645,11.34,2,0,0,0,0,0,1,2,291136.2,0.7001,low,0.3333
CUST010657,790,excellent,97.57,88.83,49.23,47.86,87.31,81.7003,4.09,1,1,0,0,0,0,0,6,123677.55,0.1462,low,0.0
CUST010658,820,excellent,91.49,76.78,96.65,72.12,99.72,86.7392,12.55,15,0,0,0,0,0,1,5,132926.51,0.8431,low,0.1667
CUST010659,689,risky,32.94,89.04,92.25,31.13,96.01,64.7911,14.38,20,0,4,0,0,0,0,0,92552.66,0.1115,low,0.0
CUST010660,797,excellent,95.4,88.07,63.04,40.42,95.27,82.8359,4.98,2,0,0,0,0,0,0,4,61940.51,0.0137,low,0.0
CUST010661,653,risky,26.73,91.39,70.68,79.96,44.21,58.7891,7.52,5,6,3,0,0,0,1,3,144389.61,2.0238,moderate,0.25
CUST010662,724,good,63.63,93.36,66.38,72.54,41.01,70.5928,2.02,8,4,2,0,0,0,1,5,56269.31,1.3173,low,0.1667
CUST010663,699,risky,47.32,89.62,79.02,63.27,49.06,66.5332,4.01,5,4,3,0,0,0,1,1,110062.87,0.9825,low,0.5
CUST010664,777,excellent,93.9,89.74,48.31,49.09,75.06,79.448,13.98,3,2,0,0,0,0,0,6,243833.0,0.0389,low,0.0
CUST010665,691,risky,47.89,96.53,57.29,40.27,68.6,65.2034,1.65,2,2,4,0,0,0,0,2,164829.1,0.0843,low,0.0
CUST010666,838,excellent,89.07,93.57,94.96,75.7,86.41,89.7019,5.01,16,1,0,0,0,0,1,6,79385.81,0.8337,low,0.1429
CUST010667,820,excellent,90.07,97.97,77.73,43.02,97.08,86.5883,7.07,7,0,0,0,0,0,0,7,122167.31,0.0887,low,0.0
CUST010668,832,excellent,97.79,90.29,93.59,47.29,86.48,88.7283,0.77,18,1,0,0,0,0,0,5,126829.35,0.1458,low,0.0
CUST010669,805,excellent,97.15,96.83,48.8,37.52,99.67,84.0886,8.05,2,0,0,0,0,0,0,6,475379.96,0.0231,low,0.0
CUST010670,804,excellent,90.88,98.47,51.16,63.53,86.36,84.0111,1.45,3,1,0,0,0,0,1,0,13675.36,0.7218,low,0.5
CUST010671,792,excellent,70.12,97.02,88.78,55.98,93.76,81.9391,8.22,14,0,0,0,0,0,1,1,32799.42,0.7869,low,0.5
CUST010672,826,excellent,93.89,76.33,95.4,90.11,86.06,87.6876,11.17,15,1,0,0,0,0,2,2,126318.47,0.6394,low,0.5
CUST010673,636,high_risk,16.46,91.87,94.77,38.89,45.57,55.9866,2.73,20,3,6,0,0,1,0,2,60360.0,0.5476,low,0.0
CUST010674,785,excellent,85.71,97.04,63.44,45.35,77.29,80.8881,2.57,3,2,0,0,0,0,0,5,705835.47,0.052,low,0.0
CUST010675,819,excellent,96.94,90.21,80.94,34.36,99.71,86.538,3.63,6,0,0,0,0,0,0,6,94258.38,0.0816,low,0.0
CUST010676,820,excellent,95.79,96.31,74.99,48.94,81.43,86.7056,1.05,6,1,0,0,0,0,0,6,95823.16,0.0944,low,0.0
CUST010677,679,risky,49.44,97.27,30.5,45.9,75.4,63.1919,7.08,0,2,1,0,0,0,0,3,160338.38,0.1786,low,0.0
CUST010678,823,excellent,90.96,98.01,61.48,77.16,89.23,87.1009,5.15,4,1,0,0,0,0,1,2,128829.96,0.6998,low,0.3333
CUST010679,850,excellent,88.83,98.74,99.25,60.55,99.41,91.5959,9.64,11,0,0,0,0,0,1,2,112687.17,0.9138,low,0.3333
CUST010680,635,high_risk,29.57,87.27,52.53,34.72,79.52,55.8337,14.01,2,2,6,0,0,1,0,5,100577.36,0.2683,low,0.0
CUST010681,816,excellent,90.86,99.46,76.56,36.72,92.03,85.9989,3.39,6,0,0,0,0,0,0,6,86988.93,0.0423,low,0.0
CUST010682,830,excellent,90.01,95.0,97.47,44.09,92.96,88.3271,8.32,19,0,0,0,0,0,0,1,250592.94,0.1299,low,0.0
CUST010683,814,excellent,93.91,90.74,86.71,35.42,90.54,85.6956,7.43,19,0,0,0,0,0,0,5,72602.01,0.025,low,0.0
CUST010684,661,risky,42.41,79.48,57.86,47.49,80.38,60.1555,13.94,2,1,1,0,0,0,0,2,102494.17,0.0603,low,0.0
CUST010685,759,excellent,86.09,79.27,57.29,48.36,91.09,76.453,10.63,2,1,0,0,0,0,1,3,484303.35,0.9551,low,0.25
CUST010686,766,excellent,91.5,95.1,32.98,40.45,81.7,77.7177,9.91,0,1,0,0,0,0,0,2,183384.44,0.1525,low,0.0
CUST010687,765,excellent,85.87,99.24,31.18,48.97,81.17,77.5168,6.52,0,1,0,0,0,0,0,2,113603.8,0.1279,low,0.0
CUST010688,749,good,87.55,80.29,55.04,32.08,86.43,74.8338,11.74,4,1,0,0,0,0,0,1,76308.27,0.0051,low,0.0
CUST010689,785,excellent,76.79,94.26,63.17,62.49,99.13,80.7911,9.58,2,0,0,0,0,0,1,1,46987.0,0.9448,low,0.5
CUST010690,736,good,88.54,76.32,32.93,43.46,94.62,72.635,14.34,1,0,0,0,0,0,0,4,180439.04,0.1359,low,0.0
CUST010691,806,excellent,89.5,88.9,77.75,51.77,95.23,84.3563,4.48,6,0,0,0,0,0,1,3,107047.09,0.8651,low,0.25
CUST010692,838,excellent,99.6,90.74,98.86,36.05,91.34,89.651,1.38,15,1,0,0,0,0,0,5,75685.21,0.0587,low,0.0
CUST010693,841,excellent,97.43,89.3,95.6,53.13,96.47,90.1889,11.52,14,0,0,0,0,0,1,5,30584.27,0.9099,low,0.1667
CUST010694,764,excellent,85.33,55.39,88.66,83.46,91.75,77.3031,39.62,17,1,0,0,0,0,2,4,156959.33,0.6137,low,0.3333
CUST010695,860,excellent,99.01,94.86,90.47,73.42,92.49,93.2727,7.2,17,0,0,0,0,0,1,5,291487.37,0.8651,low,0.1667
CUST010696,693,risky,54.93,89.82,50.03,41.82,75.8,65.4366,0.76,2,2,3,0,0,0,0,2,45307.44,0.0127,low,0.0
CUST010697,768,excellent,61.24,93.28,93.74,60.27,85.04,78.0082,6.41,17,1,1,0,0,0,1,1,168715.93,0.8799,low,0.5
CUST010698,735,good,66.57,78.01,71.93,58.39,91.47,72.4779,28.63,8,0,0,0,0,0,1,5,338889.04,0.823,low,0.1667
CUST010699,762,excellent,95.71,79.67,47.75,35.66,88.1,76.9405,12.48,2,1,0,0,0,0,0,7,40723.89,0.0405,low,0.0
CUST010700,822,excellent,86.52,95.87,94.31,69.56,68.08,86.9554,6.22,20,2,0,0,0,0,1,1,115629.15,0.4794,low,0.5
CUST010701,787,excellent,77.28,95.54,91.12,35.78,82.07,81.161,0.13,19,1,0,0,0,0,0,4,85834.04,0.0406,low,0.0
CUST010702,686,risky,34.93,89.36,96.64,41.57,67.03,64.3912,7.51,11,2,4,0,0,0,0,4,46749.26,0.2014,low,0.0
CUST010703,810,excellent,87.57,89.47,88.47,46.04,95.94,84.9608,10.11,11,0,0,0,0,0,1,3,49227.87,0.6957,low,0.25
CUST010704,717,good,66.97,86.02,48.42,38.49,90.73,69.4313,14.57,2,0,0,0,0,0,0,6,37541.43,0.0445,low,0.0
CUST010705,817,excellent,97.18,84.21,83.72,60.54,82.64,86.1529,12.68,5,1,0,0,0,0,1,5,44761.11,0.3763,low,0.1667
CUST010706,839,excellent,95.09,94.67,92.57,46.76,95.13,89.7573,5.88,17,0,0,0,0,0,0,2,173487.94,0.1269,low,0.0
CUST010707,806,excellent,91.41,97.13,55.31,53.19,96.17,84.3643,5.98,2,0,0,0,0,0,1,4,470848.35,0.9492,low,0.2
CUST010708,812,excellent,95.69,85.83,98.32,37.75,76.04,85.3666,12.94,13,2,0,0,0,0,0,6,97447.17,0.136,low,0.0
CUST010709,804,excellent,94.88,96.25,58.94,33.1,98.48,84.0828,3.55,2,0,0,0,0,0,0,4,106841.43,0.0065,low,0.0
CUST010710,774,excellent,87.24,97.64,46.2,32.04,90.4,79.0014,4.66,1,1,0,0,0,0,0,0,44957.29,0.0622,low,0.0
CUST010711,778,excellent,86.71,91.94,50.08,48.41,93.61,79.6443,9.33,2,0,0,0,0,0,0,2,51027.43,0.1432,low,0.0
CUST010712,784,excellent,86.81,88.37,62.31,45.04,99.2,80.6645,5.53,4,0,0,0,0,0,0,1,93139.82,0.0765,low,0.0
CUST010713,736,good,64.14,83.4,99.6,31.73,70.52,72.6362,13.39,16,2,3,0,0,0,0,4,31701.54,0.1427,low,0.0
CUST010714,836,excellent,92.37,91.63,72.24,90.12,96.72,89.3401,2.15,5,0,0,0,0,0,2,2,44255.72,0.8121,low,0.5
CUST010715,711,good,64.53,97.61,47.87,32.98,61.52,68.5005,4.18,2,3,2,0,0,0,0,4,55196.26,0.1855,low,0.0
CUST010716,775,excellent,88.63,75.75,62.04,75.81,85.8,79.2105,10.26,2,1,0,0,0,0,2,3,396404.09,0.9318,low,0.4
CUST010717,769,excellent,97.96,88.99,27.42,47.08,84.21,78.226,13.36,0,1,0,0,0,0,0,1,34739.75,0.0618,low,0.0
CUST010718,783,excellent,86.56,76.01,98.58,36.02,89.4,80.4305,11.59,13,1,0,0,0,0,0,3,75659.77,0.1571,low,0.0
CUST010719,821,excellent,86.74,98.67,88.27,38.22,97.59,86.7821,6.64,13,0,0,0,0,0,0,2,188604.06,0.0664,low,0.0
CUST010720,754,excellent,71.77,96.92,55.24,49.43,81.76,75.5992,2.81,3,1,1,0,0,0,0,7,88751.95,0.1446,low,0.0
CUST010721,800,excellent,99.21,98.39,36.58,41.11,95.14,83.3545,3.29,1,0,0,0,0,0,0,0,187042.32,0.0262,low,0.0
CUST010722,776,excellent,91.87,77.89,67.06,42.71,95.43,79.396,14.55,5,0,0,0,0,0,0,0,56538.12,0.0181,low,0.0
CUST010723,707,good,64.82,76.81,65.17,50.72,73.31,67.9096,22.62,6,2,2,0,0,0,0,7,103266.74,0.0594,low,0.0
CUST010724,841,excellent,93.07,99.04,98.49,47.18,83.48,90.125,8.57,12,1,0,0,0,0,0,4,32234.69,0.0189,low,0.0
CUST010725,761,excellent,87.23,95.86,19.25,46.95,99.96,76.8672,6.41,0,0,0,0,0,0,0,4,78468.34,0.1372,low,0.0
CUST010726,764,excellent,72.92,81.58,87.28,46.19,96.26,77.3333,10.05,14,0,0,0,0,0,1,3,75417.58,0.4612,low,0.25
CUST010727,806,excellent,89.56,99.93,66.14,37.35,93.4,84.3223,6.13,9,0,0,0,0,0,0,0,354427.55,0.1017,low,0.0
CUST010728,613,high_risk,22.48,99.49,57.8,41.28,16.73,52.1861,5.18,2,7,6,0,0,1,0,4,114753.09,0.4992,low,0.0
CUST010729,831,excellent,95.96,90.66,95.33,37.43,97.12,88.5386,9.0,14,0,0,0,0,0,0,1,178000.85,0.1064,low,0.0
CUST010730,726,good,62.95,92.37,85.5,33.56,50.84,71.0068,2.54,14,3,4,0,0,0,0,2,145788.99,0.0676,low,0.0
CUST010731,846,excellent,95.9,83.06,98.76,77.66,99.96,91.0594,11.78,12,0,0,0,0,0,1,7,78113.84,0.8107,low,0.125
CUST010732,803,excellent,98.4,97.71,45.43,39.16,93.61,83.8467,6.2,4,0,0,0,0,0,0,5,63033.44,0.1139,low,0.0
CUST010733,813,excellent,89.25,89.75,97.64,32.54,94.92,85.5543,12.21,18,0,0,0,0,0,0,1,33419.56,0.1369,low,0.0
CUST010734,617,high_risk,20.47,90.75,73.86,33.9,40.29,52.8862,4.63,7,4,8,0,0,1,0,1,161324.68,0.2759,low,0.0
CUST010735,787,excellent,66.32,96.78,92.53,62.71,88.46,81.2408,2.92,16,1,1,0,0,0,1,1,87170.69,0.6504,low,0.5
CUST010736,753,excellent,90.57,89.91,29.17,42.93,81.0,75.4406,2.4,0,1,0,0,0,0,0,7,96396.55,0.0391,low,0.0
CUST010737,749,good,67.71,96.35,60.84,36.19,94.57,74.8044,1.77,2,0,0,0,0,0,0,5,107915.29,0.03,low,0.0
CUST010738,831,excellent,98.51,94.6,86.42,44.47,81.78,88.4474,0.77,12,1,0,0,0,0,0,6,216852.13,0.0252,low,0.0
CUST010739,842,excellent,88.28,93.75,98.74,77.84,86.36,90.2531,1.66,13,1,0,0,0,0,1,6,33720.24,0.9689,low,0.1429
CUST010740,814,excellent,93.69,85.95,76.98,72.12,83.5,85.6874,10.89,5,1,0,0,0,0,1,4,56171.86,0.9183,low,0.2
CUST010741,825,excellent,86.8,86.68,98.91,68.93,94.23,87.5361,14.96,11,0,0,0,0,0,1,1,73201.59,0.9476,low,0.5
CUST010742,842,excellent,96.16,98.96,79.94,59.69,90.1,90.3152,6.37,7,0,0,0,0,0,1,1,121325.4,0.7464,low,0.5
CUST010743,852,excellent,97.23,99.46,95.86,39.24,99.03,92.0736,8.07,13,0,0,0,0,0,0,5,50467.96,0.0899,low,0.0
CUST010744,670,risky,40.11,77.18,92.91,46.06,59.49,61.684,20.87,13,4,3,0,0,0,0,0,63436.01,0.1361,low,0.0
CUST010745,825,excellent,95.9,96.73,81.59,33.52,92.83,87.4587,6.51,6,0,0,0,0,0,0,7,103759.45,0.0829,low,0.0
CUST010746,742,good,61.68,78.12,84.2,65.93,94.67,73.7133,12.27,9,0,4,0,0,0,1,2,202436.21,0.8903,low,0.3333
CUST010747,806,excellent,97.61,87.79,64.63,48.22,93.25,84.3421,12.39,2,0,0,0,0,0,0,1,100724.82,0.0745,low,0.0
CUST010748,828,excellent,97.52,95.25,76.17,43.08,94.97,87.9378,7.82,7,0,0,0,0,0,0,6,81601.86,0.0177,low,0.0
CUST010749,710,good,63.28,90.42,62.39,46.34,50.26,68.2931,0.16,2,3,4,0,0,0,0,3,26099.85,0.0498,low,0.0
CUST010750,799,excellent,86.72,88.87,86.12,39.19,93.54,83.2056,11.14,10,0,0,0,0,0,0,3,93735.56,0.0425,low,0.0
CUST010751,776,excellent,92.62,89.2,46.59,36.96,95.07,79.3702,3.63,2,0,0,0,0,0,0,6,241824.05,0.041,low,0.0
CUST010752,691,risky,60.1,96.56,18.55,36.81,87.38,65.2055,9.26,0,1,3,0,0,0,0,2,56396.39,0.1071,low,0.0
CUST010753,779,excellent,85.42,85.92,67.23,45.01,96.2,79.8771,28.7,6,0,0,0,0,0,1,4,367301.9,0.4888,low,0.2
CUST010754,806,excellent,91.57,90.19,69.09,49.9,98.54,84.3155,2.26,5,0,0,0,0,0,1,3,48853.52,0.8286,low,0.25
CUST010755,767,excellent,89.87,93.13,32.64,39.39,96.14,77.8417,4.53,1,0,0,0,0,0,0,3,234183.8,0.0632,low,0.0
CUST010756,785,excellent,85.85,82.87,88.86,48.18,78.55,80.9109,11.7,10,2,0,0,0,0,0,2,71597.57,0.116,low,0.0
CUST010757,786,excellent,94.41,86.34,46.56,63.07,87.42,80.9778,10.57,4,1,0,0,0,0,1,5,83219.31,0.4171,low,0.1667
CUST010758,793,excellent,90.09,82.65,78.86,41.3,98.82,82.1671,14.0,5,0,0,0,0,0,0,2,84798.73,0.1248,low,0.0
CUST010759,776,excellent,88.79,82.04,74.84,35.6,89.2,79.3931,13.21,5,1,0,0,0,0,0,3,13834.71,0.0906,low,0.0
CUST010760,824,excellent,97.77,94.39,65.5,54.83,94.46,87.2916,8.57,6,0,0,0,0,0,1,4,41090.09,0.9144,low,0.2
CUST010761,789,excellent,93.86,92.82,52.19,40.43,89.22,81.4921,7.66,2,1,0,0,0,0,0,0,100682.42,0.0037,low,0.0
CUST010762,758,excellent,91.24,82.7,47.61,40.17,83.53,76.254,10.76,2,1,0,0,0,0,0,6,103879.07,0.1065,low,0.0
CUST010763,660,risky,11.56,90.12,98.82,61.03,90.71,60.0784,3.79,15,1,8,0,0,0,1,2,57596.18,1.5001,moderate,0.3333
CUST010764,789,excellent,89.01,82.94,66.08,64.35,91.42,81.5268,11.83,5,1,0,0,0,0,1,6,207974.93,0.5489,low,0.1429
CUST010765,799,excellent,98.21,94.32,45.15,39.75,97.01,83.1149,0.62,1,0,0,0,0,0,0,5,229193.09,0.0825,low,0.0
CUST010766,727,good,70.98,69.57,69.36,68.02,81.92,71.1144,41.1,9,1,0,0,0,0,1,3,91169.46,0.9672,low,0.25
CUST010767,738,good,96.85,77.19,10.91,49.92,92.96,72.9774,14.01,0,0,0,0,0,0,0,6,67537.01,0.0777,low,0.0
CUST010768,614,high_risk,16.63,95.33,40.93,67.29,59.7,52.2587,4.23,1,4,3,1,0,0,1,4,140420.04,2.313,moderate,0.2
CUST010769,793,excellent,98.91,99.5,32.0,34.78,95.01,82.2493,2.74,1,0,0,0,0,0,0,4,82626.27,0.1563,low,0.0
CUST010770,803,excellent,96.6,89.15,71.2,37.98,88.63,83.8964,8.1,8,1,0,0,0,0,0,7,24664.63,0.0068,low,0.0
CUST010771,732,good,57.18,87.66,72.64,64.46,93.34,71.9889,14.02,8,0,1,0,0,0,1,7,88742.17,1.1313,low,0.125
CUST010772,682,risky,25.71,90.18,90.26,47.9,92.19,63.5984,2.74,13,0,3,0,0,0,0,6,194339.35,0.1988,low,0.0
CUST010773,754,excellent,77.53,85.92,45.56,89.05,69.53,75.6006,12.55,3,2,1,0,0,0,2,0,181020.23,0.9996,low,0.6667
CUST010774,801,excellent,98.7,78.84,79.94,48.82,84.17,83.4886,12.78,8,1,0,0,0,0,1,1,54398.65,0.6067,low,0.5
CUST010775,808,excellent,93.99,78.29,89.24,57.21,92.52,84.7443,11.33,12,0,0,0,0,0,1,6,28154.74,0.9366,low,0.1429
CUST010776,783,excellent,92.09,93.11,46.43,43.21,91.23,80.5748,3.75,2,1,0,0,0,0,0,5,172641.05,0.0786,low,0.0
CUST010777,826,excellent,93.48,91.46,91.47,47.86,90.27,87.6894,2.74,11,0,0,0,0,0,0,1,79408.71,0.0112,low,0.0
CUST010778,617,high_risk,49.84,77.42,23.15,46.32,40.74,52.8498,11.0,0,4,3,0,0,0,0,5,39154.52,0.0217,low,0.0
CUST010779,862,excellent,94.14,96.19,90.46,91.47,92.02,93.7211,3.17,14,0,0,0,0,0,2,2,76722.56,0.7882,low,0.5
CUST010780,674,risky,44.23,73.15,83.48,60.22,64.0,62.3704,42.89,5,3,1,0,0,0,0,0,139953.45,0.0295,low,0.0
CUST010781,864,excellent,98.95,98.48,90.3,65.68,96.57,93.9481,5.76,11,0,0,0,0,0,1,5,259020.48,0.9603,low,0.1667
CUST010782,803,excellent,93.06,87.36,62.19,61.05,95.47,83.7582,10.96,2,0,0,0,0,0,1,7,131436.64,0.5234,low,0.125
CUST010783,842,excellent,91.23,99.94,80.89,63.51,98.78,90.2752,1.85,5,0,0,0,0,0,1,3,94872.23,0.9664,low,0.25
CUST010784,807,excellent,90.34,88.74,68.37,70.34,90.5,84.5823,10.69,7,1,0,0,0,0,1,1,109772.76,0.8693,low,0.5
CUST010785,701,good,51.29,89.5,88.92,34.83,51.53,66.7754,0.88,19,3,4,0,0,0,0,5,301810.72,0.0903,low,0.0
CUST010786,829,excellent,95.21,84.06,80.38,77.35,97.62,88.0963,12.18,5,0,0,0,0,0,2,1,48082.85,0.3441,low,0.6667
CUST010787,829,excellent,86.81,97.28,95.22,61.66,81.09,88.1282,3.09,17,1,0,0,0,0,1,2,55828.62,0.5003,low,0.3333
CUST010788,705,good,61.52,88.79,49.2,30.8,89.44,67.5711,0.56,1,1,3,0,0,0,0,6,124618.43,0.1321,low,0.0
CUST010789,790,excellent,95.51,69.0,92.23,55.28,81.53,81.6427,39.63,20,1,0,0,0,0,0,5,112031.23,0.0615,low,0.0
CUST010790,820,excellent,91.27,85.98,98.32,43.93,97.65,86.6457,10.22,18,0,0,0,0,0,0,3,152973.9,0.1263,low,0.0
CUST010791,806,excellent,90.81,95.2,68.96,38.28,97.44,84.2599,8.17,7,0,0,0,0,0,0,0,300980.36,0.1324,low,0.0
CUST010792,592,high_risk,28.8,89.96,24.47,32.58,46.53,48.6505,0.1,0,4,4,0,0,1,0,3,703872.53,0.2635,low,0.0
CUST010793,802,excellent,89.57,82.76,79.0,67.51,89.27,83.706,14.3,5,1,0,0,0,0,1,7,52047.54,0.8543,low,0.125
CUST010794,619,high_risk,29.39,79.7,80.7,37.18,31.2,53.1386,14.0,9,5,8,0,0,1,0,3,25602.3,0.3343,low,0.0
CUST010795,804,excellent,92.41,99.2,41.31,58.23,99.61,84.0808,9.05,1,0,0,0,0,0,1,6,100843.85,0.7984,low,0.1429
CUST010796,792,excellent,99.04,95.0,39.04,43.21,86.51,81.993,9.13,1,1,0,0,0,0,0,3,116191.65,0.0011,low,0.0
CUST010797,731,good,51.76,89.23,96.67,36.21,88.92,71.8998,6.33,13,1,2,0,0,0,0,0,88551.26,0.0786,low,0.0
CUST010798,652,risky,41.37,88.83,22.71,43.24,97.89,58.6468,8.77,0,0,2,0,0,0,0,5,53804.47,0.0911,low,0.0
CUST010799,812,excellent,85.62,91.17,73.72,78.3,91.26,85.3317,3.42,8,1,0,0,0,0,1,1,51874.82,0.7304,low,0.5
CUST010800,590,high_risk,11.91,76.66,76.14,42.31,54.88,48.3048,11.31,9,4,7,1,1,1,0,6,34141.37,0.595,low,0.0
CUST010801,743,good,86.31,77.16,58.42,32.52,85.04,73.8756,11.23,2,1,0,0,0,0,0,6,61474.43,0.0804,low,0.0
CUST010802,778,excellent,94.25,84.64,31.42,71.53,94.2,79.6662,12.78,1,0,0,0,0,0,1,5,137018.14,0.4522,low,0.1667
CUST010803,751,excellent,70.18,89.41,49.18,64.58,98.85,75.1077,0.71,2,0,0,0,0,0,1,4,299613.09,0.3947,low,0.2
CUST010804,754,excellent,87.22,81.54,54.4,31.5,93.82,75.6775,10.33,2,0,0,0,0,0,0,1,61506.88,0.0175,low,0.0
CUST010805,781,excellent,99.09,89.56,33.72,48.57,87.59,80.2242,2.43,1,1,0,0,0,0,1,1,23654.48,0.6073,low,0.5
CUST010806,782,excellent,98.57,90.82,51.14,33.66,75.97,80.3798,7.6,3,2,0,0,0,0,0,0,369069.26,0.1517,low,0.0
CUST010807,610,high_risk,19.64,92.3,66.53,43.13,28.76,51.7307,5.11,9,5,6,0,0,1,0,1,27198.4,0.2928,low,0.0
CUST010808,754,excellent,68.08,76.39,97.15,48.18,94.78,75.6123,14.4,10,0,1,0,0,0,0,5,78448.17,0.0409,low,0.0
CUST010809,832,excellent,85.69,97.58,95.64,64.53,85.65,88.6295,9.19,14,1,0,0,0,0,1,1,152013.84,0.5643,low,0.5
CUST010810,767,excellent,86.77,88.94,40.44,48.7,98.97,77.8845,0.67,1,0,0,0,0,0,0,3,79369.62,0.1346,low,0.0
CUST010811,802,excellent,93.05,77.31,92.55,52.45,87.66,83.6533,29.33,15,1,0,0,0,0,0,4,135013.92,0.0945,low,0.0
CUST010812,829,excellent,89.64,95.35,99.19,41.09,91.71,88.1384,6.29,13,0,0,0,0,0,0,5,82054.01,0.0904,low,0.0
CUST010813,790,excellent,92.54,82.24,77.25,30.99,99.5,81.697,10.87,6,0,0,0,0,0,0,7,75650.81,0.0897,low,0.0
CUST010814,673,risky,47.07,82.8,76.89,43.61,50.09,62.2153,12.12,8,4,1,0,0,0,0,0,56560.7,0.224,low,0.0
CUST010815,771,excellent,79.17,79.97,96.13,34.9,88.28,78.4389,14.04,14,1,0,0,0,0,0,7,626523.16,0.0336,low,0.0
CUST010816,802,excellent,85.64,88.73,94.6,38.83,90.66,83.7301,14.59,10,1,0,0,0,0,0,2,139963.42,0.0157,low,0.0
CUST010817,758,excellent,60.21,95.14,91.4,40.51,90.02,76.3804,5.96,17,1,4,0,0,0,0,0,249889.01,0.0929,low,0.0
CUST010818,787,excellent,89.02,81.57,86.38,45.82,80.25,81.1888,11.82,18,1,0,0,0,0,1,6,34437.96,0.6851,low,0.1429
CUST010819,749,good,73.61,88.48,65.13,30.63,97.5,74.8876,12.96,5,0,1,0,0,0,0,6,58844.36,0.067,low,0.0
CUST010820,804,excellent,73.23,94.2,97.78,58.58,95.53,83.9673,9.58,15,0,0,0,0,0,1,7,101750.57,0.8487,low,0.125
CUST010821,789,excellent,90.85,92.45,48.75,49.37,96.39,81.4209,3.56,4,0,0,0,0,0,0,3,109760.95,0.0438,low,0.0
CUST010822,831,excellent,89.44,95.12,87.33,63.35,92.91,88.5636,2.07,15,0,0,0,0,0,1,1,30267.24,0.5078,low,0.5
CUST010823,719,good,41.09,93.2,99.46,39.02,86.92,69.8553,7.95,17,1,4,0,0,0,0,4,76838.48,0.0768,low,0.0
CUST010824,766,excellent,88.05,92.7,32.88,48.24,92.58,77.643,6.6,1,0,0,0,0,0,0,2,69481.35,0.129,low,0.0
CUST010825,816,excellent,97.53,85.43,85.49,41.92,92.24,86.0058,13.69,13,0,0,0,0,0,0,2,270355.16,0.1108,low,0.0
CUST010826,589,high_risk,11.0,88.87,68.57,42.48,31.06,48.1511,7.62,6,5,7,1,1,1,0,6,62759.28,0.3356,low,0.0
CUST010827,825,excellent,85.68,97.61,96.32,45.88,92.24,87.5294,5.94,11,0,0,0,0,0,1,1,82096.85,0.7097,low,0.5
CUST010828,722,good,43.4,86.49,99.73,45.99,95.83,70.2758,14.52,18,0,2,0,0,0,0,1,39361.17,0.2317,low,0.0
CUST010829,790,excellent,93.82,90.36,46.17,49.21,98.64,81.6564,8.39,1,0,0,0,0,0,0,7,185729.12,0.0634,low,0.0
CUST010830,820,excellent,86.83,81.99,95.03,76.86,97.84,86.7115,13.27,18,0,0,0,0,0,1,3,78038.14,0.8337,low,0.25
CUST010831,725,good,61.02,93.1,53.33,47.03,87.99,70.7878,8.75,2,1,4,0,0,0,0,4,81296.44,0.0181,low,0.0
CUST010832,785,excellent,92.79,98.13,30.73,45.06,97.74,80.8038,1.34,0,0,0,0,0,0,0,2,233695.2,0.1177,low,0.0
CUST010833,676,risky,40.21,86.04,65.49,77.66,51.99,62.6731,12.95,5,3,3,0,0,0,1,2,60642.07,0.7122,low,0.3333
CUST010834,576,high_risk,10.54,78.79,32.68,77.23,69.78,45.9271,13.25,0,2,6,0,0,0,1,7,90873.67,1.5549,moderate,0.125
CUST010835,776,excellent,62.96,95.26,93.64,67.8,79.64,79.4048,6.54,10,2,1,0,0,0,1,0,52825.33,0.6807,low,0.5
CUST010836,801,excellent,78.25,95.98,86.22,53.8,90.17,83.5103,2.85,15,0,1,0,0,0,1,6,72681.21,0.7276,low,0.1429
CUST010837,795,excellent,97.07,77.37,91.34,33.99,81.85,82.472,11.73,15,1,0,0,0,0,0,2,133031.48,0.1148,low,0.0
CUST010838,846,excellent,96.03,95.38,98.33,48.95,91.57,91.0234,3.88,14,1,0,0,0,0,0,5,356201.75,0.1158,low,0.0
CUST010839,757,excellent,86.4,91.04,39.12,42.85,84.69,76.1719,0.38,1,1,0,0,0,0,0,5,26444.73,0.0268,low,0.0
CUST010840,735,good,86.9,90.84,17.98,36.26,85.32,72.5228,1.51,0,1,0,0,0,0,0,3,74544.95,0.0165,low,0.0
CUST010841,833,excellent,97.09,99.71,82.27,31.73,93.8,88.7898,7.1,6,0,0,0,0,0,0,2,241580.39,0.017,low,0.0
CUST010842,736,good,53.2,97.14,94.65,62.15,44.68,72.6426,9.97,14,3,2,0,0,0,1,1,108249.28,0.7857,low,0.5
CUST010843,827,excellent,95.57,88.59,87.5,48.62,98.37,87.8501,8.18,12,0,0,0,0,0,0,6,659257.23,0.0548,low,0.0
CUST010844,769,excellent,93.44,99.47,16.96,40.03,91.45,78.237,9.11,0,1,0,0,0,0,0,2,79653.96,0.081,low,0.0
CUST010845,869,excellent,99.22,97.01,99.85,69.49,91.57,94.9126,1.36,16,1,0,0,0,0,1,6,98897.6,0.5807,low,0.1429
CUST010846,776,excellent,60.01,99.92,89.61,66.96,91.89,79.3069,6.22,14,0,2,0,0,0,1,6,147138.32,1.3316,low,0.1429
CUST010847,810,excellent,85.71,98.99,71.25,48.54,97.93,85.0307,1.87,8,0,0,0,0,0,1,2,49621.11,0.3752,low,0.3333
CUST010848,803,excellent,99.17,95.68,45.57,43.15,91.91,83.7549,8.75,1,0,0,0,0,0,0,7,158441.15,0.0527,low,0.0
CUST010849,774,excellent,71.44,91.6,85.69,49.79,87.57,79.0749,8.63,13,1,0,0,0,0,0,3,650071.6,0.01,low,0.0
CUST010850,693,risky,54.17,89.87,76.8,47.33,32.49,65.4252,7.67,8,5,4,0,0,0,0,5,165424.7,0.2254,low,0.0
CUST010851,673,risky,49.48,98.33,32.55,35.66,68.95,62.1619,8.58,1,2,3,0,0,0,0,5,11380.16,0.0543,low,0.0
CUST010852,762,excellent,79.01,81.27,85.32,30.83,91.15,77.0325,13.78,17,0,1,0,0,0,0,5,71227.93,0.1164,low,0.0
CUST010853,720,good,69.21,98.8,28.88,34.45,84.34,70.0744,3.26,0,1,1,0,0,0,0,3,13155.53,0.1628,low,0.0
CUST010854,725,good,72.11,94.37,32.38,32.3,91.44,70.7822,4.42,1,1,1,0,0,0,0,2,24943.66,0.1545,low,0.0
CUST010855,581,high_risk,10.36,88.86,52.13,39.23,48.76,46.9031,12.91,3,4,0,1,1,1,0,4,82762.72,0.6556,low,0.0
CUST010856,585,high_risk,13.51,78.38,66.14,69.94,34.07,47.5643,12.9,7,5,8,0,0,0,1,7,57054.9,1.4361,low,0.125
CUST010857,731,good,46.55,93.2,96.52,39.04,91.16,71.7518,3.41,10,1,1,0,0,0,0,2,52320.28,0.0173,low,0.0
CUST010858,796,excellent,95.73,95.45,50.11,43.94,86.85,82.7356,4.9,4,1,0,0,0,0,0,5,26590.21,0.0598,low,0.0
CUST010859,646,high_risk,22.9,95.52,85.74,40.74,40.64,57.6686,0.54,18,4,6,0,0,1,0,2,76804.18,0.5351,low,0.0
CUST010860,846,excellent,91.84,99.86,90.93,56.94,96.24,91.059,1.52,14,0,0,0,0,0,1,5,41086.7,0.9475,low,0.1667
CUST010861,724,good,53.29,96.75,67.84,49.51,78.6,70.6621,7.95,8,2,3,0,0,0,0,0,336323.69,0.0076,low,0.0
CUST010862,742,good,59.56,89.69,87.73,40.4,86.32,73.5844,9.42,16,1,3,0,0,0,0,2,125754.99,0.2044,low,0.0
CUST010863,828,excellent,87.98,95.79,87.72,62.01,90.49,87.9385,3.01,10,0,0,0,0,0,1,6,66155.33,0.519,low,0.1429
CUST010864,764,excellent,98.86,75.6,47.1,34.64,94.85,77.2933,14.07,1,0,0,0,0,0,0,0,153203.65,0.0838,low,0.0
CUST010865,849,excellent,98.61,96.97,88.18,63.52,83.48,91.5321,2.38,12,1,0,0,0,0,1,1,37621.34,0.4343,low,0.5
CUST010866,784,excellent,87.25,87.26,54.05,60.96,98.25,80.7442,19.85,2,0,0,0,0,0,0,6,70978.16,0.04,low,0.0
CUST010867,802,excellent,86.39,89.12,91.68,38.14,90.45,83.5858,9.91,17,0,0,0,0,0,0,4,237496.48,0.028,low,0.0
CUST010868,770,excellent,71.06,76.68,95.21,64.26,98.16,78.3978,12.13,14,0,0,0,0,0,1,3,522833.28,0.5069,low,0.25
CUST010869,845,excellent,97.38,88.38,86.07,78.11,94.36,90.7538,14.42,12,0,0,0,0,0,1,0,8833.2,0.6047,low,0.5
CUST010870,819,excellent,92.22,89.1,79.91,56.22,98.41,86.4591,2.35,5,0,0,0,0,0,1,3,17939.93,0.5129,low,0.25
CUST010871,827,excellent,91.37,93.0,99.82,37.34,93.23,87.9073,1.18,20,0,0,0,0,0,0,3,71960.56,0.0897,low,0.0
CUST010872,693,risky,47.05,76.72,87.83,60.4,78.01,65.4969,13.53,19,2,2,0,0,0,1,7,44646.67,1.1684,low,0.125
CUST010873,815,excellent,96.15,80.03,95.77,47.65,90.73,85.8649,23.99,19,0,0,0,0,0,1,5,184044.68,0.7556,low,0.1667
CUST010874,773,excellent,89.71,94.14,44.2,33.95,91.43,78.8069,3.42,1,1,0,0,0,0,0,0,492739.24,0.0329,low,0.0
CUST010875,743,good,58.03,92.24,82.67,36.81,97.64,73.8268,4.36,8,0,1,0,0,0,0,2,84676.98,0.1312,low,0.0
CUST010876,816,excellent,96.23,83.6,81.22,64.32,86.68,86.0476,12.4,8,1,0,0,0,0,1,7,170167.83,0.4055,low,0.125
CUST010877,821,excellent,93.78,93.54,65.83,62.97,97.72,86.8257,2.13,7,0,0,0,0,0,1,3,161065.42,0.3803,low,0.25
CUST010878,769,excellent,99.7,77.29,48.46,32.85,94.72,78.108,14.65,3,0,0,0,0,0,0,2,23863.89,0.055,low,0.0
CUST010879,824,excellent,93.68,88.67,79.96,64.91,95.3,87.4032,9.24,6,0,0,0,0,0,1,7,231459.03,0.5155,low,0.125
CUST010880,676,risky,30.35,86.66,97.24,77.74,36.91,62.6732,14.66,11,5,1,0,0,0,1,3,61541.96,0.6682,low,0.25
CUST010881,802,excellent,87.8,90.88,95.45,36.31,77.37,83.6825,4.2,14,2,0,0,0,0,0,0,62521.25,0.0074,low,0.0
CUST010882,813,excellent,86.5,93.53,89.31,56.0,82.48,85.5784,0.25,14,1,0,0,0,0,1,4,96778.03,0.5195,low,0.2
CUST010883,779,excellent,85.74,76.87,78.56,59.3,91.24,79.9054,10.38,6,0,0,0,0,0,1,5,114760.42,0.7452,low,0.1667
CUST010884,759,excellent,90.1,98.5,11.84,48.12,88.58,76.5301,1.54,0,1,0,0,0,0,0,4,70459.2,0.0706,low,0.0
CUST010885,790,excellent,87.53,98.95,55.2,34.5,96.68,81.7201,9.52,2,0,0,0,0,0,0,6,75043.14,0.0763,low,0.0
CUST010886,649,high_risk,28.35,93.44,60.17,74.38,47.86,58.2049,4.44,3,4,8,0,0,0,1,2,92580.07,1.7758,moderate,0.3333
CUST010887,813,excellent,94.64,99.33,59.51,45.32,91.49,85.5328,3.19,2,0,0,0,0,0,0,5,14311.52,0.0033,low,0.0
CUST010888,816,excellent,85.36,89.76,99.46,53.45,89.06,85.9743,5.97,10,1,0,0,0,0,1,3,59164.35,0.3509,low,0.25
CUST010889,830,excellent,98.68,99.43,72.23,40.83,91.18,88.4018,7.52,5,1,0,0,0,0,0,3,150513.39,0.072,low,0.0
CUST010890,767,excellent,88.71,78.39,56.31,55.64,92.43,77.8182,20.38,3,0,0,0,0,0,0,0,292384.19,0.0415,low,0.0
CUST010891,720,good,60.04,98.34,61.58,45.6,57.18,70.0294,1.0,2,3,2,0,0,0,0,5,173664.97,0.1949,low,0.0
CUST010892,819,excellent,92.38,81.96,90.81,60.54,98.83,86.4815,12.32,14,0,0,0,0,0,2,7,73937.59,0.8567,low,0.2222
CUST010893,809,excellent,86.21,93.56,98.11,47.99,70.07,84.7631,0.29,11,2,0,0,0,0,0,3,159815.41,0.0316,low,0.0
CUST010894,841,excellent,98.96,94.96,92.77,47.28,83.82,90.15,3.61,13,1,0,0,0,0,0,2,101855.12,0.0567,low,0.0
CUST010895,729,good,58.7,99.04,66.69,35.05,76.77,71.4407,6.5,5,2,2,0,0,0,0,3,74754.49,0.1071,low,0.0
CUST010896,638,high_risk,19.86,97.98,69.78,31.95,62.63,56.2711,0.65,6,3,4,0,0,1,0,1,117249.97,0.3967,low,0.0
CUST010897,818,excellent,91.3,88.74,93.62,37.2,99.99,86.3412,1.81,10,0,0,0,0,0,0,0,104323.99,0.1604,low,0.0
CUST010898,784,excellent,89.9,91.23,66.48,31.12,87.33,80.6498,9.46,7,1,0,0,0,0,0,4,122960.55,0.0487,low,0.0
CUST010899,720,good,51.45,99.34,74.56,35.39,75.09,70.0407,5.23,6,2,1,0,0,0,0,6,152440.21,0.203,low,0.0
CUST010900,829,excellent,95.12,97.99,82.91,34.47,96.23,88.196,6.06,7,0,0,0,0,0,0,6,72948.26,0.1244,low,0.0
CUST010901,806,excellent,95.76,80.11,88.32,45.31,90.82,84.409,14.67,15,0,0,0,0,0,0,4,253463.25,0.0268,low,0.0
CUST010902,831,excellent,93.94,91.78,84.31,62.98,90.62,88.4203,8.08,6,1,0,0,0,0,1,1,190450.13,0.4704,low,0.5
CUST010903,795,excellent,91.05,75.23,97.97,41.16,92.59,82.5052,13.42,19,0,0,0,0,0,0,2,134639.5,0.063,low,0.0
CUST010904,823,excellent,87.11,95.31,87.62,58.58,91.56,87.239,7.3,10,1,0,0,0,0,1,7,51659.38,0.417,low,0.125
CUST010905,781,excellent,90.44,89.73,50.23,46.54,93.78,80.1401,6.81,3,0,0,0,0,0,0,0,61937.09,0.0572,low,0.0
CUST010906,645,high_risk,13.86,93.05,92.74,73.45,44.92,57.5165,6.47,16,4,6,0,0,0,1,6,99817.49,2.1171,moderate,0.1429
CUST010907,829,excellent,89.36,94.03,80.55,77.21,88.48,88.1376,4.14,7,1,0,0,0,0,2,5,71394.48,0.4499,low,0.2857
CUST010908,787,excellent,98.59,78.39,67.63,47.63,82.65,81.1935,13.58,8,1,0,0,0,0,0,7,33028.04,0.0811,low,0.0
CUST010909,778,excellent,86.04,94.05,65.58,31.43,84.17,79.728,8.98,9,1,0,0,0,0,0,5,130185.35,0.0408,low,0.0
CUST010910,699,risky,44.27,94.97,60.76,40.76,93.22,66.4955,0.76,3,0,3,0,0,0,0,1,43879.88,0.1365,low,0.0
CUST010911,805,excellent,91.0,76.61,97.36,62.62,85.29,84.226,12.88,19,1,0,0,0,0,1,5,104549.72,0.6497,low,0.1667
CUST010912,678,risky,26.74,88.47,76.3,69.36,97.31,63.0108,12.5,7,0,6,0,0,0,1,6,105308.86,1.9635,moderate,0.1429
CUST010913,566,high_risk,4.58,97.01,32.72,35.52,52.24,44.3904,5.6,1,3,4,1,1,1,0,6,72252.83,0.5468,low,0.0
CUST010914,846,excellent,96.69,84.49,85.95,89.93,98.56,90.9261,11.69,14,0,0,0,0,0,2,2,72053.93,0.622,low,0.5
CUST010915,782,excellent,85.83,77.51,84.59,49.29,94.09,80.3225,18.73,7,0,0,0,0,0,0,6,15139.78,0.026,low,0.0
CUST010916,824,excellent,98.5,93.44,65.32,50.88,99.23,87.3148,9.01,5,0,0,0,0,0,1,3,102181.5,0.3672,low,0.25
CUST010917,774,excellent,91.3,75.2,66.14,63.8,81.23,78.9418,11.1,8,1,0,0,0,0,1,3,84813.88,0.3993,low,0.25
CUST010918,794,excellent,91.02,81.51,81.94,39.3,98.17,82.3512,12.97,8,0,0,0,0,0,0,0,13808.25,0.1157,low,0.0
CUST010919,753,excellent,71.23,92.46,46.31,66.0,92.75,75.4878,9.37,3,0,0,0,0,0,1,4,116072.83,0.6083,low,0.2
CUST010920,802,excellent,88.75,88.62,79.28,46.58,94.96,83.6929,25.27,6,0,0,0,0,0,0,4,232631.54,0.0294,low,0.0
CUST010921,813,excellent,88.4,84.93,95.88,56.27,91.35,85.5643,13.2,12,0,0,0,0,0,1,0,115583.27,0.6724,low,0.5
CUST010922,701,good,63.63,81.73,55.48,46.99,70.0,66.8067,14.06,3,2,4,0,0,0,0,6,123254.02,0.0494,low,0.0
CUST010923,718,good,86.57,79.72,30.48,34.03,75.5,69.7409,10.17,1,2,0,0,0,0,0,1,188831.5,0.106,low,0.0
CUST010924,813,excellent,97.28,93.06,57.53,57.14,91.69,85.4781,8.02,3,0,0,0,0,0,1,7,460608.78,0.4624,low,0.125
CUST010925,682,risky,48.59,92.01,46.49,49.11,71.08,63.6001,2.4,1,2,4,0,0,0,0,1,43165.61,0.0403,low,0.0
CUST010926,842,excellent,89.66,98.76,88.57,70.7,89.88,90.3515,2.25,11,1,0,0,0,0,1,5,107444.8,0.8328,low,0.1667
CUST010927,672,risky,48.43,94.0,32.73,41.3,77.72,61.9617,1.1,1,2,4,0,0,0,0,6,156925.63,0.1045,low,0.0
CUST010928,699,risky,37.7,88.4,92.16,70.39,59.29,66.5056,0.34,18,3,2,0,0,0,1,0,196385.63,0.9864,low,0.5
CUST010929,824,excellent,97.96,83.79,96.55,37.06,97.53,87.3648,14.69,12,0,0,0,0,0,0,6,650956.42,0.1594,low,0.0
CUST010930,722,good,53.3,85.05,86.9,48.15,83.47,70.3688,24.0,15,1,2,0,0,0,0,6,45539.6,0.2323,low,0.0
CUST010931,753,excellent,59.7,88.49,95.48,38.47,98.96,75.5075,14.34,10,0,4,0,0,0,0,5,123098.37,0.0902,low,0.0
CUST010932,627,high_risk,16.11,88.28,84.27,48.8,47.88,54.4314,3.53,6,4,3,0,0,1,0,6,39080.48,0.4883,low,0.0
CUST010933,836,excellent,94.56,92.84,91.25,64.32,83.22,89.3922,1.84,11,1,0,0,0,0,1,0,53558.83,0.6656,low,0.5
CUST010934,603,high_risk,20.29,97.72,46.34,38.93,32.48,50.5079,8.72,3,5,7,0,0,1,0,2,72621.92,0.4172,low,0.0
CUST010935,834,excellent,91.26,95.58,81.72,65.59,95.24,88.9568,5.83,8,0,0,0,0,0,1,5,46227.29,0.4578,low,0.1667
CUST010936,615,high_risk,23.6,88.6,70.65,31.27,40.12,52.5749,2.98,7,5,8,1,0,1,0,0,17700.04,0.5708,low,0.0
CUST010937,705,good,42.88,75.18,93.92,77.37,90.56,67.4417,10.44,19,1,3,0,0,0,1,1,210281.24,1.2376,low,0.5
CUST010938,819,excellent,86.94,88.61,81.17,78.46,95.13,86.5453,4.0,5,0,0,0,0,0,1,5,247875.3,0.7081,low,0.1667
CUST010939,802,excellent,89.61,83.19,67.61,74.73,96.89,83.6211,13.97,6,0,0,0,0,0,1,7,34543.68,0.7437,low,0.125
CUST010940,853,excellent,96.95,96.6,82.74,79.87,89.27,92.2353,3.94,6,1,0,0,0,0,1,3,54556.53,0.6718,low,0.25
CUST010941,755,excellent,86.58,75.41,65.92,43.07,86.39,75.7592,11.75,5,1,0,0,0,0,0,4,99250.89,0.0007,low,0.0
CUST010942,787,excellent,88.42,89.26,76.73,31.08,88.03,81.1445,4.73,8,1,0,0,0,0,0,7,30162.03,0.0606,low,0.0
CUST010943,617,high_risk,6.45,95.0,86.48,44.08,47.14,52.8494,0.27,16,4,1,0,1,1,0,5,249873.84,0.4569,low,0.0
CUST010944,644,high_risk,35.58,89.86,50.69,46.21,56.92,57.3256,8.46,2,4,1,0,0,0,0,0,102387.72,0.0043,low,0.0
CUST010945,746,good,91.54,93.94,15.61,36.72,81.75,74.4074,4.34,0,1,0,0,0,0,0,1,81111.03,0.0486,low,0.0
CUST010946,831,excellent,86.55,96.75,80.35,74.27,96.92,88.4883,1.52,7,0,0,0,0,0,1,2,238953.78,0.8555,low,0.3333
CUST010947,799,excellent,97.13,75.91,90.64,43.51,84.94,83.2094,11.64,12,1,0,0,0,0,0,1,64810.38,0.0767,low,0.0
CUST010948,811,excellent,88.02,97.38,86.54,40.01,81.21,85.1232,8.03,15,1,0,0,0,0,0,7,126790.3,0.0726,low,0.0
CUST010949,853,excellent,91.81,93.61,95.93,85.44,90.31,92.1833,8.23,12,1,0,0,0,0,2,5,343104.89,0.5807,low,0.2857
CUST010950,813,excellent,87.34,97.54,82.2,52.15,81.19,85.4923,3.88,5,1,0,0,0,0,1,3,77603.78,0.6881,low,0.25
CUST010951,785,excellent,94.64,90.71,49.62,35.86,95.48,80.9126,9.4,2,0,0,0,0,0,0,5,180449.91,0.0086,low,0.0
CUST010952,794,excellent,87.85,78.55,93.83,43.1,96.57,82.3539,10.19,20,0,0,0,0,0,0,3,50873.81,0.0715,low,0.0
CUST010953,786,excellent,87.02,91.03,68.12,31.34,98.78,80.9941,9.95,8,0,0,0,0,0,0,2,173437.76,0.0345,low,0.0
CUST010954,805,excellent,96.11,96.17,47.64,45.68,99.31,84.1365,2.79,2,0,0,0,0,0,0,2,83381.03,0.0383,low,0.0
CUST010955,570,high_risk,7.42,94.1,63.9,40.26,6.03,45.0425,0.99,3,7,4,0,1,1,0,4,153256.75,0.6319,low,0.0
CUST010956,819,excellent,99.55,97.47,56.25,55.13,84.25,86.4602,3.93,3,1,0,0,0,0,1,5,74861.49,0.7264,low,0.1667
CUST010957,733,good,57.33,89.46,89.84,44.35,73.57,72.1725,2.38,10,2,2,0,0,0,0,1,205351.49,0.1682,low,0.0
CUST010958,819,excellent,95.84,89.75,85.83,32.39,99.03,86.4854,7.01,11,0,0,0,0,0,0,3,103938.97,0.1507,low,0.0
CUST010959,837,excellent,90.22,92.61,89.66,78.89,88.8,89.5788,7.11,20,1,0,0,0,0,1,7,446429.08,0.8427,low,0.125
CUST010960,833,excellent,89.34,95.34,93.7,50.57,98.8,88.8628,1.43,19,0,0,0,0,0,1,4,34364.73,0.7038,low,0.2
CUST010961,780,excellent,86.29,81.35,54.17,93.75,78.96,80.0012,12.44,3,2,0,0,0,0,2,0,90531.81,0.4062,low,0.6667
CUST010962,658,risky,43.35,90.81,39.65,47.5,65.84,59.6972,0.02,1,2,4,0,0,0,0,3,92284.76,0.2166,low,0.0
CUST010963,758,excellent,88.96,94.76,28.24,42.73,83.02,76.3757,2.46,0,1,0,0,0,0,0,3,85019.89,0.0503,low,0.0
CUST010964,751,excellent,68.81,99.07,57.66,31.88,94.48,75.0902,1.75,4,0,0,0,0,0,0,5,309405.29,0.1015,low,0.0
CUST010965,831,excellent,92.16,91.72,94.42,46.47,99.15,88.4967,1.54,11,0,0,0,0,0,0,0,160434.93,0.1163,low,0.0
CUST010966,814,excellent,89.29,97.57,73.72,56.94,83.19,85.5929,0.92,5,1,0,0,0,0,1,5,79779.28,0.5622,low,0.1667
CUST010967,813,excellent,89.49,99.73,68.63,48.57,90.86,85.4802,7.65,8,1,0,0,0,0,1,4,128073.97,0.6067,low,0.2
CUST010968,808,excellent,89.34,88.14,86.33,47.66,91.98,84.624,1.78,15,0,0,0,0,0,0,2,148157.47,0.1587,low,0.0
CUST010969,779,excellent,89.22,85.43,57.61,56.39,86.31,79.7688,27.53,2,1,0,0,0,0,0,7,184014.94,0.1607,low,0.0
CUST010970,696,risky,61.59,78.06,82.45,44.57,42.46,66.0429,10.32,7,3,1,0,0,0,0,4,18843.3,0.0722,low,0.0
CUST010971,823,excellent,93.98,91.41,87.36,39.04,98.8,87.2062,5.43,18,0,0,0,0,0,0,3,88493.57,0.0095,low,0.0
CUST010972,686,risky,44.46,91.72,88.5,32.5,47.28,64.3286,0.48,11,4,2,0,0,0,0,3,180170.09,0.0277,low,0.0
CUST010973,847,excellent,92.44,90.59,94.42,75.16,99.86,91.1966,0.21,12,0,0,0,0,0,2,6,117124.46,0.7021,low,0.25
CUST010974,808,excellent,98.84,83.69,69.48,48.72,96.11,84.6062,13.67,5,0,0,0,0,0,1,2,143671.25,0.7575,low,0.3333
CUST010975,677,risky,37.42,80.48,96.0,31.74,80.54,62.8673,11.04,11,1,4,0,0,0,0,0,46735.22,0.1927,low,0.0
CUST010976,784,excellent,91.73,89.15,57.52,40.4,90.8,80.5986,6.49,2,1,0,0,0,0,0,7,487066.2,0.0593,low,0.0
CUST010977,702,good,52.86,82.28,82.08,33.97,80.52,66.9474,11.41,8,1,3,0,0,0,0,3,134499.3,0.0409,low,0.0
CUST010978,778,excellent,99.93,77.5,47.33,66.11,76.61,79.5966,10.66,2,2,0,0,0,0,1,7,48809.34,0.4398,low,0.125
CUST010979,653,risky,30.0,93.36,53.27,38.94,84.32,58.8251,4.81,3,1,2,0,0,0,0,1,68276.51,0.0839,low,0.0
CUST010980,830,excellent,98.46,89.31,78.1,76.81,76.77,88.3263,12.26,8,2,0,0,0,0,1,5,88998.41,0.4208,low,0.1667
CUST010981,724,good,85.25,78.0,38.61,33.04,83.09,70.6409,10.99,1,1,0,0,0,0,0,3,27271.87,0.0103,low,0.0
CUST010982,820,excellent,95.17,93.85,67.75,60.29,90.9,86.7473,2.98,8,1,0,0,0,0,1,2,131838.34,0.8607,low,0.3333
CUST010983,814,excellent,92.83,92.48,83.35,46.07,83.85,85.7271,4.14,5,1,0,0,0,0,1,1,239389.21,0.6967,low,0.5
CUST010984,829,excellent,87.16,93.95,89.25,67.49,93.64,88.1905,7.08,14,0,0,0,0,0,1,5,363555.06,0.8426,low,0.1667
CUST010985,795,excellent,88.48,80.16,86.18,62.89,82.44,82.4755,14.32,12,1,0,0,0,0,1,7,209234.64,0.5397,low,0.125
CUST010986,747,good,68.51,79.57,75.62,70.08,82.78,74.4786,11.06,7,1,0,0,0,0,1,6,178907.51,0.4282,low,0.1429
CUST010987,752,excellent,92.77,85.15,47.59,30.84,70.52,75.2907,14.15,2,2,0,0,0,0,0,3,366572.82,0.1457,low,0.0
CUST010988,651,risky,44.54,99.95,29.28,43.35,41.37,58.4372,1.82,0,3,2,0,0,0,0,1,29961.25,0.0289,low,0.0
CUST010989,771,excellent,95.97,82.39,45.04,49.88,85.09,78.5583,14.77,2,1,0,0,0,0,0,3,62007.83,0.0107,low,0.0
CUST010990,723,good,54.44,95.14,70.87,60.95,71.83,70.5057,7.2,5,2,1,0,0,0,1,4,22929.77,1.4324,low,0.2
CUST010991,772,excellent,96.05,67.75,72.32,54.57,83.95,78.6439,37.62,7,1,0,0,0,0,0,2,83332.97,0.0223,low,0.0
CUST010992,822,excellent,98.04,89.82,84.29,47.08,84.67,87.0771,5.96,7,1,0,0,0,0,0,2,25582.76,0.0276,low,0.0
CUST010993,837,excellent,92.28,94.66,86.2,62.43,96.44,89.5116,2.72,18,0,0,0,0,0,1,0,66466.23,0.8985,low,0.5
CUST010994,768,excellent,92.24,88.8,37.39,47.62,86.93,77.9871,0.98,1,1,0,0,0,0,2,3,147644.39,0.677,low,0.4
CUST010995,797,excellent,88.08,96.79,75.46,47.2,68.72,82.7777,0.47,8,2,0,0,0,0,0,2,89355.51,0.1384,low,0.0
CUST010996,820,excellent,88.65,96.07,67.77,76.75,90.44,86.7314,6.38,8,0,0,0,0,0,2,4,1154473.85,0.3661,low,0.3333
CUST010997,836,excellent,89.75,98.9,83.62,60.27,96.67,89.3183,7.73,5,0,0,0,0,0,1,5,83627.34,0.8744,low,0.1667
CUST010998,728,good,63.19,88.63,70.8,31.22,89.6,71.4072,7.55,8,1,3,0,0,0,0,3,139522.71,0.0877,low,0.0
CUST010999,829,excellent,93.09,91.71,95.9,43.24,93.71,88.1751,2.97,14,0,0,0,0,0,0,1,163389.85,0.126,low,0.0
CUST011000,832,excellent,94.33,97.05,85.2,49.88,87.73,88.6705,6.21,20,1,0,0,0,0,0,0,85322.1,0.1165,low,0.0
CUST011001,804,excellent,85.19,88.76,84.83,52.02,96.56,84.0273,27.54,8,0,0,0,0,0,0,4,61225.43,0.0888,low,0.0
CUST011002,813,excellent,89.15,89.47,78.79,62.69,93.36,85.4663,6.0,5,0,0,0,0,0,1,3,19565.22,0.5426,low,0.25
CUST011003,830,excellent,96.72,99.82,69.62,59.53,82.13,88.4094,6.49,6,1,0,0,0,0,0,1,13868.67,0.029,low,0.0
CUST011004,765,excellent,90.6,92.03,46.49,30.19,81.15,77.4255,7.89,2,1,0,0,0,0,0,3,54745.62,0.0866,low,0.0
CUST011005,789,excellent,94.92,88.81,52.09,41.5,96.04,81.4307,4.67,2,0,0,0,0,0,0,5,45430.89,0.1039,low,0.0
CUST011006,809,excellent,94.11,91.09,81.96,31.86,91.11,84.8569,6.05,7,0,0,0,0,0,0,1,970900.86,0.0758,low,0.0
CUST011007,806,excellent,99.91,89.19,55.98,61.48,80.38,84.3092,2.33,3,1,0,0,0,0,1,3,66124.94,0.5268,low,0.25
CUST011008,796,excellent,86.1,99.42,60.99,41.52,94.54,82.7163,0.65,4,0,0,0,0,0,0,5,58431.6,0.0097,low,0.0
CUST011009,778,excellent,87.07,67.34,94.56,77.37,70.17,79.6128,45.64,15,2,0,0,0,0,1,3,201819.96,0.6706,low,0.25
CUST011010,782,excellent,89.39,98.37,33.18,46.36,98.77,80.2869,8.85,0,0,0,0,0,0,1,3,205137.04,0.6795,low,0.25
CUST011011,715,good,58.0,80.88,71.8,47.76,91.15,69.2261,10.8,6,1,1,0,0,0,0,7,183730.56,0.0215,low,0.0
CUST011012,837,excellent,96.6,86.47,96.27,60.83,92.71,89.5459,14.9,13,0,0,0,0,0,1,1,24272.69,0.49,low,0.5
CUST011013,751,excellent,55.88,91.02,96.02,48.53,90.75,75.1955,6.95,14,0,2,0,0,0,0,5,23037.77,0.0423,low,0.0
CUST011014,830,excellent,93.66,96.69,71.2,61.95,96.66,88.3295,4.79,5,0,0,0,0,0,1,0,29510.82,0.5275,low,0.5
CUST011015,791,excellent,90.24,99.05,48.74,40.07,92.93,81.9104,4.44,2,0,0,0,0,0,0,3,98608.71,0.061,low,0.0
CUST011016,829,excellent,87.16,99.43,99.29,46.31,82.79,88.1379,2.2,15,1,0,0,0,0,0,6,62153.21,0.0311,low,0.0
CUST011017,779,excellent,86.3,95.37,35.08,64.28,93.03,79.8093,0.41,1,0,0,0,0,0,1,7,20783.47,0.348,low,0.125
CUST011018,836,excellent,90.5,91.21,94.27,69.88,92.28,89.3954,8.67,11,0,0,0,0,0,1,1,43087.95,0.5974,low,0.5
CUST011019,715,good,42.05,97.43,94.73,44.37,65.65,69.1568,9.96,15,2,2,0,0,0,0,0,155916.48,0.1897,low,0.0
CUST011020,827,excellent,85.93,97.88,86.66,72.59,82.11,87.9084,7.12,18,1,0,0,0,0,1,6,15817.27,0.4994,low,0.1429
CUST011021,748,good,85.91,94.5,21.51,40.22,90.23,74.6902,3.32,0,0,0,0,0,0,0,4,86489.39,0.0801,low,0.0
CUST011022,844,excellent,94.26,99.26,71.68,73.97,97.32,90.6518,6.23,6,0,0,0,0,0,1,3,147750.14,0.536,low,0.25
CUST011023,557,high_risk,1.01,88.4,59.36,42.5,27.69,42.7959,13.62,3,5,4,1,1,1,0,2,518053.61,0.5193,low,0.0
CUST011024,664,risky,22.61,97.71,75.06,70.91,61.22,60.6978,7.52,6,4,5,1,0,0,1,1,79070.9,1.3836,low,0.5
CUST011025,826,excellent,89.33,93.52,96.25,43.42,95.31,87.6328,6.79,15,0,0,0,0,0,0,4,277860.0,0.061,low,0.0
CUST011026,743,good,92.73,89.9,30.06,31.19,67.18,73.7719,4.14,1,2,0,0,0,0,0,4,69340.05,0.0582,low,0.0
CUST011027,819,excellent,96.39,91.52,61.94,67.34,92.49,86.4691,7.01,4,0,0,0,0,0,1,5,222143.08,0.5764,low,0.1667
CUST011028,766,excellent,74.94,93.01,66.45,45.01,91.33,77.7313,6.08,5,1,0,0,0,0,1,2,293651.78,0.3858,low,0.3333
CUST011029,823,excellent,90.88,93.3,89.53,41.24,98.43,87.193,8.89,12,0,0,0,0,0,0,6,132039.68,0.0416,low,0.0
CUST011030,850,excellent,98.04,96.91,87.44,62.94,88.14,91.6104,3.64,18,1,0,0,0,0,1,1,38539.27,0.7997,low,0.5
CUST011031,668,risky,44.98,98.24,53.48,35.45,45.61,61.3437,0.47,3,3,4,0,0,0,0,0,11220.96,0.2215,low,0.0
CUST011032,832,excellent,91.06,98.66,98.87,30.48,93.19,88.6681,9.47,20,0,0,0,0,0,0,5,517909.68,0.0903,low,0.0
CUST011033,731,good,55.67,94.39,93.16,41.08,60.0,71.882,2.37,19,4,4,0,0,0,0,7,146667.89,0.2149,low,0.0
CUST011034,777,excellent,91.87,99.44,25.82,56.01,80.95,79.5561,4.57,0,1,0,0,0,0,1,2,25307.3,0.6256,low,0.3333
CUST011035,812,excellent,93.41,79.58,92.49,60.27,88.39,85.3047,21.05,18,1,0,0,0,0,0,2,83223.71,0.1225,low,0.0
CUST011036,809,excellent,88.16,86.7,86.66,51.2,97.89,84.7724,14.13,18,0,0,0,0,0,1,4,52518.95,0.3508,low,0.2
CUST011037,837,excellent,88.56,99.21,94.34,60.49,86.07,89.5655,2.05,11,1,0,0,0,0,1,6,34846.37,0.5617,low,0.1429
CUST011038,761,excellent,56.34,99.05,79.86,78.3,85.29,76.773,1.17,6,1,2,0,0,0,1,7,25509.75,1.3554,low,0.125
CUST011039,801,excellent,97.06,87.4,58.66,57.21,87.23,83.4352,13.55,3,1,0,0,0,0,1,2,100427.05,0.7224,low,0.3333
CUST011040,778,excellent,99.47,79.34,53.31,35.66,94.15,79.5942,13.05,4,0,0,0,0,0,0,3,62991.34,0.0894,low,0.0
CUST011041,821,excellent,96.06,84.03,88.03,52.18,95.59,86.8103,12.4,19,0,0,0,0,0,1,6,107362.44,0.666,low,0.1429
CUST011042,793,excellent,97.57,75.23,85.8,44.68,81.57,82.2138,10.16,10,1,0,0,0,0,0,1,1018373.63,0.1355,low,0.0
CUST011043,817,excellent,91.69,94.88,72.45,60.36,87.52,86.2111,0.87,7,1,0,0,0,0,1,2,172796.16,0.5447,low,0.3333
CUST011044,740,good,71.8,84.97,52.1,58.06,91.59,73.4017,10.55,3,1,0,0,0,0,1,0,179209.9,0.9413,low,0.5
CUST011045,829,excellent,91.91,99.52,87.89,34.5,94.31,88.0905,6.79,17,0,0,0,0,0,0,3,283613.15,0.1182,low,0.0
CUST011046,765,excellent,99.91,82.1,20.65,49.72,97.68,77.4364,13.45,0,0,0,0,0,0,0,1,304705.77,0.1235,low,0.0
CUST011047,841,excellent,92.66,91.48,99.28,68.23,85.77,90.1677,3.52,13,1,0,0,0,0,1,1,635146.0,0.9438,low,0.5
CUST011048,774,excellent,89.18,81.58,67.2,41.25,91.17,79.0095,12.04,9,0,0,0,0,0,0,7,119435.34,0.0635,low,0.0
CUST011049,725,good,86.14,42.64,86.18,54.13,95.45,70.8252,55.88,14,0,0,0,0,0,0,0,93671.63,0.0495,low,0.0
CUST011050,756,excellent,75.39,71.97,85.38,64.67,87.74,76.0225,42.26,20,1,1,0,0,0,1,0,310936.84,0.3357,low,0.5
CUST011051,713,good,43.42,96.83,96.44,32.0,69.24,68.8345,5.58,14,2,4,0,0,0,0,3,94555.61,0.2062,low,0.0
CUST011052,628,high_risk,10.28,96.44,81.19,68.58,41.42,54.7094,2.29,8,4,7,0,0,0,1,5,269672.99,2.1703,moderate,0.1667
CUST011053,676,risky,34.33,90.69,74.9,63.4,68.85,62.6785,4.54,6,2,2,0,0,0,1,5,96549.48,1.1998,low,0.1667
CUST011054,605,high_risk,25.47,80.03,86.02,44.16,5.24,50.7669,12.2,10,7,6,0,0,1,0,3,107168.26,0.1747,low,0.0
CUST011055,717,good,55.5,90.5,89.56,44.22,50.61,69.4939,8.57,16,3,2,0,0,0,0,6,140419.39,0.0481,low,0.0
CUST011056,601,high_risk,17.8,87.98,55.03,49.56,42.87,50.1197,10.22,2,3,6,1,0,1,0,0,15040.34,0.2006,low,0.0
CUST011057,712,good,54.54,84.84,89.52,55.52,52.1,68.7322,20.37,17,3,1,0,0,0,0,3,19195.97,0.2159,low,0.0
CUST011058,759,excellent,86.89,88.86,46.52,39.27,84.6,76.4335,7.32,2,1,0,0,0,0,0,7,281039.37,0.1075,low,0.0
CUST011059,813,excellent,90.64,89.47,86.42,44.34,95.5,85.5128,0.88,18,0,0,0,0,0,0,2,104950.8,0.1127,low,0.0
CUST011060,833,excellent,96.27,96.15,92.82,35.11,89.33,88.9065,7.36,11,1,0,0,0,0,0,7,48585.79,0.0823,low,0.0
CUST011061,774,excellent,89.85,82.07,46.07,62.87,97.06,78.97,12.61,3,0,0,0,0,0,1,6,230651.29,0.7667,low,0.1429
CUST011062,850,excellent,99.03,80.8,97.51,93.8,88.16,91.7242,10.76,17,1,0,0,0,0,2,0,163041.28,0.4907,low,0.6667
CUST011063,833,excellent,94.28,89.63,75.84,77.82,98.69,88.9116,5.42,7,0,0,0,0,0,1,4,48550.52,0.9558,low,0.2
CUST011064,810,excellent,98.12,84.58,86.54,36.06,86.35,84.9388,13.01,14,1,0,0,0,0,0,6,104864.31,0.1445,low,0.0
CUST011065,824,excellent,96.7,93.46,82.82,39.67,91.28,87.3998,0.27,6,0,0,0,0,0,0,7,89212.9,0.0472,low,0.0
CUST011066,780,excellent,69.83,94.77,94.84,38.57,90.09,79.9625,8.43,17,0,0,0,0,0,0,7,94854.84,0.1545,low,0.0
CUST011067,797,excellent,94.49,79.69,85.55,39.36,90.62,82.807,12.77,12,0,0,0,0,0,0,2,45750.29,0.094,low,0.0
CUST011068,801,excellent,87.76,94.71,72.52,49.27,86.1,83.5419,2.68,5,1,0,0,0,0,0,2,135509.51,0.1472,low,0.0
CUST011069,785,excellent,73.15,92.12,98.81,31.43,95.73,80.7773,0.82,11,0,0,0,0,0,0,2,223847.49,0.0011,low,0.0
CUST011070,824,excellent,91.56,99.38,79.37,49.16,85.77,87.2592,6.09,5,1,0,0,0,0,0,6,34604.08,0.128,low,0.0
CUST011071,619,high_risk,20.84,78.53,84.61,66.45,40.57,53.2465,11.56,7,5,3,1,0,0,1,7,119993.52,1.8347,moderate,0.125
CUST011072,806,excellent,88.88,94.03,78.28,40.99,91.17,84.274,9.01,8,0,0,0,0,0,0,6,139735.9,0.0581,low,0.0
CUST011073,776,excellent,67.53,95.88,98.25,41.24,81.39,79.3996,4.24,19,1,1,0,0,0,0,2,513286.43,0.1277,low,0.0
CUST011074,798,excellent,85.51,98.34,72.53,34.22,92.15,82.9469,6.04,6,0,0,0,0,0,0,1,97632.76,0.1193,low,0.0
CUST011075,834,excellent,94.96,94.41,90.25,45.46,94.33,89.074,7.49,11,0,0,0,0,0,1,2,85960.81,0.6916,low,0.3333
CUST011076,803,excellent,99.08,64.73,97.88,60.0,90.76,83.8543,36.17,11,0,0,0,0,0,0,0,93788.98,0.0172,low,0.0
CUST011077,841,excellent,97.99,99.4,71.97,64.21,89.02,90.2369,2.27,6,1,0,0,0,0,1,0,45025.93,0.7187,low,0.5
CUST011078,761,excellent,98.42,91.22,12.9,35.49,95.74,76.8686,7.61,0,0,0,0,0,0,0,7,54394.55,0.1124,low,0.0
CUST011079,661,risky,14.61,91.93,98.84,73.88,62.49,60.1546,3.06,12,3,8,0,0,0,1,2,56729.16,1.1786,low,0.3333
CUST011080,728,good,85.91,75.8,35.99,47.0,84.94,71.4006,12.91,1,1,0,0,0,0,0,5,48237.46,0.1431,low,0.0
CUST011081,807,excellent,95.41,85.05,55.28,79.32,94.37,84.5683,11.35,3,0,0,0,0,0,1,1,47873.65,0.5806,low,0.5
CUST011082,761,excellent,91.56,75.23,54.01,49.14,91.57,76.7858,12.77,3,1,0,0,0,0,1,7,39749.07,0.7993,low,0.125
CUST011083,756,excellent,92.03,69.71,60.28,63.67,75.04,76.034,31.09,4,2,0,0,0,0,0,2,30189.68,0.1403,low,0.0
CUST011084,576,high_risk,10.4,78.97,71.81,38.81,39.7,45.9526,12.17,8,5,4,1,1,1,0,6,175669.11,0.2215,low,0.0
CUST011085,815,excellent,93.47,96.22,68.45,48.84,90.86,85.8202,1.52,9,1,0,0,0,0,1,5,69950.11,0.9685,low,0.1667
CUST011086,817,excellent,96.31,75.92,88.33,69.86,95.13,86.2317,13.32,17,0,0,0,0,0,1,5,30287.51,0.5515,low,0.1667
CUST011087,793,excellent,90.0,79.8,73.43,69.9,86.43,82.0859,13.35,6,1,0,0,0,0,1,2,40432.87,0.8065,low,0.3333
CUST011088,814,excellent,94.08,91.57,78.87,36.61,97.29,85.6216,3.88,6,0,0,0,0,0,0,1,213110.74,0.0989,low,0.0
CUST011089,635,high_risk,41.41,66.82,54.72,45.51,85.31,55.8296,43.2,3,1,2,0,0,0,0,6,135816.64,0.0332,low,0.0
CUST011090,834,excellent,94.51,94.08,93.66,43.16,94.0,89.0677,3.19,11,0,0,0,0,0,0,6,54385.47,0.033,low,0.0
CUST011091,822,excellent,91.31,85.23,97.78,57.14,91.14,87.0197,16.12,15,0,0,0,0,0,0,2,109096.84,0.0809,low,0.0
CUST011092,810,excellent,87.13,90.14,90.55,43.07,95.83,85.0105,3.75,15,0,0,0,0,0,0,4,256947.19,0.0573,low,0.0
CUST011093,571,high_risk,5.38,95.17,58.8,39.51,20.35,45.2412,7.5,3,5,5,0,1,1,0,6,127802.05,0.5976,low,0.0
CUST011094,727,good,64.99,83.83,85.12,30.76,73.49,71.0889,14.53,11,2,2,0,0,0,0,5,54464.6,0.0782,low,0.0
CUST011095,785,excellent,87.78,94.58,49.5,48.74,93.91,80.7882,4.24,1,0,0,0,0,0,0,0,60933.8,0.025,low,0.0
CUST011096,863,excellent,99.33,99.69,96.51,50.1,97.23,93.8829,3.25,13,0,0,0,0,0,1,1,115414.92,0.4202,low,0.5
CUST011097,808,excellent,88.41,94.25,65.21,59.34,97.59,84.6934,7.0,8,0,0,0,0,0,1,7,60364.26,0.8091,low,0.125
CUST011098,815,excellent,86.93,92.56,81.79,54.42,99.76,85.8799,1.01,7,0,0,0,0,0,1,1,74963.28,0.4594,low,0.5
CUST011099,625,high_risk,42.0,86.04,10.1,40.25,81.52,54.203,12.72,0,1,4,0,0,0,0,0,59907.37,0.0986,low,0.0
CUST011100,647,high_risk,21.62,91.84,82.06,35.12,69.63,57.9057,9.64,9,2,3,0,0,1,0,3,13872.39,0.4163,low,0.0
CUST011101,825,excellent,88.98,99.91,97.53,31.4,85.87,87.4735,2.26,20,1,0,0,0,0,0,4,226156.89,0.1291,low,0.0
CUST011102,836,excellent,92.11,82.71,85.69,94.99,98.59,89.2631,24.28,11,0,0,0,0,0,2,6,58222.85,0.4353,low,0.25
CUST011103,855,excellent,98.58,91.91,88.93,71.28,99.66,92.5092,2.12,15,0,0,0,0,0,1,3,84960.15,0.9193,low,0.25
CUST011104,818,excellent,99.4,96.38,57.87,49.95,90.03,86.3831,3.95,4,0,0,0,0,0,0,7,33817.23,0.084,low,0.0
CUST011105,836,excellent,96.0,96.63,92.44,47.45,81.26,89.327,7.83,19,1,0,0,0,0,1,3,168429.28,0.9327,low,0.25
CUST011106,722,good,56.41,94.44,61.17,41.41,88.63,70.2547,4.62,4,1,1,0,0,0,0,7,337301.01,0.164,low,0.0
CUST011107,792,excellent,91.64,91.91,66.57,41.22,83.09,82.0625,7.91,9,1,0,0,0,0,0,2,75682.14,0.1169,low,0.0
CUST011108,855,excellent,91.76,99.41,96.18,73.12,88.5,92.528,6.57,19,1,0,0,0,0,1,0,213968.17,0.9107,low,0.5
CUST011109,674,risky,51.17,97.63,26.22,33.45,79.07,62.3825,2.86,0,2,1,0,0,0,0,2,21803.53,0.0379,low,0.0
CUST011110,593,high_risk,9.57,92.12,52.0,65.29,44.81,48.7954,2.2,2,5,8,1,0,0,1,4,581663.16,1.5464,moderate,0.2
CUST011111,827,excellent,98.77,86.45,98.45,52.94,72.55,87.8198,11.47,14,2,0,0,0,0,1,2,228912.17,0.3513,low,0.3333
CUST011112,802,excellent,90.35,99.17,57.86,41.89,93.77,83.6205,9.14,2,0,0,0,0,0,0,0,179543.16,0.063,low,0.0
CUST011113,590,high_risk,5.95,76.84,76.83,44.52,71.7,48.2794,11.71,6,2,3,0,1,1,0,1,19900.94,0.3353,low,0.0
CUST011114,821,excellent,90.88,89.91,92.88,52.66,87.83,86.7624,2.21,13,1,0,0,0,0,1,2,92890.54,0.6212,low,0.3333
CUST011115,745,good,72.13,76.46,78.12,57.1,85.43,74.1525,11.01,8,1,0,0,0,0,1,7,47650.65,0.5353,low,0.125
CUST011116,823,excellent,95.47,96.52,72.4,57.78,80.81,87.091,4.15,5,1,0,0,0,0,1,6,18415.99,0.8092,low,0.1429
CUST011117,644,high_risk,23.41,82.5,78.01,73.5,63.54,57.3468,14.03,5,3,4,0,0,0,1,7,190364.1,1.1693,low,0.125
CUST011118,693,risky,42.05,78.59,92.71,38.99,94.35,65.5342,11.99,16,0,2,0,0,0,0,7,75567.77,0.171,low,0.0
CUST011119,822,excellent,88.89,93.78,77.35,64.44,97.59,87.0494,9.22,8,0,0,0,0,0,1,0,25172.34,0.9801,low,0.5
CUST011120,735,good,59.84,78.5,87.47,73.0,86.08,72.5213,10.69,16,1,1,0,0,0,1,5,47854.35,1.2441,low,0.1667
CUST011121,796,excellent,99.88,92.48,57.83,32.46,81.13,82.7363,8.43,2,1,0,0,0,0,0,7,185729.24,0.0477,low,0.0
CUST011122,733,good,59.52,96.67,85.69,35.63,59.51,72.2005,6.92,12,3,4,0,0,0,0,1,111000.26,0.1654,low,0.0
CUST011123,773,excellent,90.5,91.68,32.05,64.64,84.03,78.8552,8.65,1,1,0,0,0,0,1,1,54420.37,0.5827,low,0.5
CUST011124,816,excellent,93.47,97.11,69.54,46.14,91.24,86.016,2.9,8,0,0,0,0,0,0,1,69358.99,0.1596,low,0.0
CUST011125,777,excellent,90.03,86.52,55.89,46.77,89.7,79.4957,14.28,3,1,0,0,0,0,1,1,35877.96,0.7011,low,0.5
CUST011126,754,excellent,92.96,89.2,27.53,31.29,91.49,75.7019,1.67,0,0,0,0,0,0,0,0,28841.47,0.1232,low,0.0
CUST011127,837,excellent,96.99,92.15,90.68,49.08,94.38,89.5417,3.38,20,0,0,0,0,0,0,7,59426.85,0.0296,low,0.0
CUST011128,732,good,51.9,99.62,92.88,66.01,43.81,71.9663,3.19,12,3,2,0,0,0,1,0,16918.69,1.3884,low,0.5
CUST011129,788,excellent,96.2,90.59,31.04,60.19,97.92,81.3136,5.51,1,0,0,0,0,0,2,4,46046.56,0.7636,low,0.3333
CUST011130,787,excellent,89.81,95.16,57.21,34.97,90.87,81.1485,4.6,2,0,0,0,0,0,0,2,111392.31,0.1394,low,0.0
CUST011131,732,good,66.26,91.9,62.87,32.5,86.26,72.069,3.84,4,1,0,0,0,0,0,6,85542.48,0.1288,low,0.0
CUST011132,608,high_risk,15.92,84.19,78.42,40.16,47.24,51.3323,11.91,7,4,3,0,0,1,0,5,56731.16,0.3497,low,0.0
CUST011133,847,excellent,95.39,97.58,86.36,64.12,90.98,91.1244,5.26,11,0,0,0,0,0,1,2,180342.99,0.8934,low,0.3333
CUST011134,793,excellent,68.01,91.81,82.54,89.86,94.94,82.2077,9.37,7,0,0,0,0,0,2,1,106853.63,0.8431,low,0.6667
CUST011135,854,excellent,94.39,95.93,98.35,74.4,83.52,92.3599,6.06,11,1,0,0,0,0,1,2,91542.46,0.4887,low,0.3333
CUST011136,667,risky,30.35,88.32,58.2,63.0,90.62,61.2095,9.68,2,0,2,0,0,0,1,0,850632.93,0.7384,low,0.5
CUST011137,765,excellent,79.5,85.68,65.37,43.14,99.07,77.5537,12.97,7,0,0,0,0,0,0,5,109601.02,0.0402,low,0.0
CUST011138,762,excellent,88.03,94.14,36.31,30.73,94.36,77.0059,6.25,1,0,0,0,0,0,0,6,299902.56,0.1627,low,0.0
CUST011139,772,excellent,93.69,91.17,36.54,32.05,98.38,78.6649,3.95,1,0,0,0,0,0,0,3,596141.79,0.0055,low,0.0
CUST011140,799,excellent,86.45,97.82,69.82,37.88,92.22,83.0893,8.19,5,0,0,0,0,0,0,3,19084.88,0.1472,low,0.0
CUST011141,833,excellent,92.48,96.24,79.46,63.23,93.48,88.8271,3.34,5,0,0,0,0,0,1,5,44765.59,0.8712,low,0.1667
CUST011142,819,excellent,85.71,97.26,89.37,44.95,94.26,86.5039,8.74,15,0,0,0,0,0,0,7,41257.87,0.1099,low,0.0
CUST011143,645,high_risk,29.63,76.83,85.97,63.52,59.12,57.5793,11.06,19,3,4,0,0,0,1,4,63982.7,1.4254,low,0.2
CUST011144,870,excellent,98.56,88.32,98.53,93.53,99.02,95.0253,2.97,10,0,0,0,0,0,2,2,30057.72,0.8752,low,0.5
CUST011145,859,excellent,98.94,97.79,97.62,48.41,97.94,93.2453,1.54,15,0,0,0,0,0,0,0,35751.27,0.1571,low,0.0
CUST011146,843,excellent,86.12,97.64,96.36,69.86,96.66,90.5383,6.26,15,0,0,0,0,0,1,4,852458.04,0.7701,low,0.2
CUST011147,821,excellent,88.39,99.88,89.06,34.52,91.54,86.8678,1.42,13,0,0,0,0,0,0,5,168956.36,0.0169,low,0.0
CUST011148,772,excellent,95.09,90.01,40.13,31.5,92.03,78.6564,5.09,1,0,0,0,0,0,0,1,26674.71,0.1384,low,0.0
CUST011149,807,excellent,95.73,89.52,54.24,67.21,92.27,84.4446,8.26,3,0,0,0,0,0,1,7,38562.78,0.7526,low,0.125
CUST011150,718,good,72.59,87.71,31.02,34.17,99.04,69.6929,13.92,1,0,1,0,0,0,0,5,355133.24,0.1226,low,0.0
CUST011151,819,excellent,96.33,92.95,72.48,50.25,89.79,86.4733,6.15,9,1,0,0,0,0,1,2,115922.57,0.5745,low,0.3333
CUST011152,784,excellent,94.32,83.78,46.58,63.64,92.32,80.7303,17.46,2,0,0,0,0,0,0,6,242795.07,0.0232,low,0.0
CUST011153,702,good,51.09,89.79,72.26,43.24,70.19,66.9992,1.34,7,2,2,0,0,0,0,0,135329.85,0.1244,low,0.0
CUST011154,835,excellent,97.02,95.62,78.41,47.52,99.7,89.1264,4.42,6,0,0,0,0,0,0,1,54348.84,0.067,low,0.0
CUST011155,812,excellent,88.19,87.95,89.83,49.09,96.88,85.3229,13.61,14,0,0,0,0,0,1,3,157377.59,0.3804,low,0.25
CUST011156,724,good,54.43,94.47,95.44,33.46,56.4,70.6932,7.38,12,3,4,0,0,0,0,5,85506.97,0.2128,low,0.0
CUST011157,831,excellent,95.07,84.17,95.94,64.12,91.0,88.4288,14.85,17,0,0,0,0,0,1,0,84424.44,0.9069,low,0.5
CUST011158,808,excellent,88.41,99.17,78.55,41.33,80.26,84.6364,0.71,8,1,0,0,0,0,0,2,47660.11,0.0587,low,0.0
CUST011159,630,high_risk,48.69,44.69,95.34,60.83,42.19,55.0499,50.66,14,5,3,0,0,0,0,1,108937.15,0.1023,low,0.0
CUST011160,838,excellent,95.54,95.06,98.25,49.26,80.19,89.6379,4.73,10,1,0,0,0,0,0,0,46078.95,0.0939,low,0.0
CUST011161,753,excellent,67.75,82.52,94.28,34.49,95.08,75.5686,12.59,10,0,0,0,0,0,0,4,147357.51,0.0933,low,0.0
CUST011162,831,excellent,92.51,89.69,85.18,73.26,91.54,88.5421,0.89,11,0,0,0,0,0,1,7,190519.81,0.8551,low,0.125
CUST011163,736,good,90.99,77.77,32.48,31.76,94.0,72.6245,11.77,1,0,0,0,0,0,0,3,35577.38,0.1075,low,0.0
CUST011164,741,good,60.91,80.12,99.24,34.54,97.47,73.4399,10.06,16,0,1,0,0,0,0,6,158616.69,0.2002,low,0.0
CUST011165,638,high_risk,13.37,86.8,79.85,41.27,94.88,56.3111,12.75,9,0,3,0,0,0,0,6,120243.3,0.2495,low,0.0
CUST011166,764,excellent,66.7,95.68,72.29,46.17,98.47,77.3557,4.09,5,0,0,0,0,0,1,2,92812.19,0.6968,low,0.3333
CUST011167,795,excellent,90.53,81.78,91.62,44.07,80.76,82.4456,12.97,11,1,0,0,0,0,0,2,42858.41,0.0496,low,0.0
CUST011168,746,good,65.29,80.64,80.47,53.22,99.44,74.3788,14.38,7,0,0,0,0,0,1,4,131712.89,0.7827,low,0.2
CUST011169,635,high_risk,23.59,97.56,58.56,42.52,53.53,55.915,8.04,2,4,6,0,0,1,0,7,130242.26,0.2565,low,0.0
CUST011170,725,good,95.4,62.96,33.3,51.27,84.78,70.8803,38.4,1,1,0,0,0,0,0,7,96622.81,0.1461,low,0.0
CUST011171,784,excellent,97.53,99.44,26.76,34.82,91.22,80.584,1.04,0,1,0,0,0,0,0,0,16986.65,0.1543,low,0.0
CUST011172,802,excellent,93.83,92.61,47.44,62.67,96.39,83.6434,3.02,1,0,0,0,0,0,1,0,27934.09,0.8657,low,0.5
CUST011173,767,excellent,92.95,78.77,48.14,49.52,94.89,77.825,14.72,2,0,0,0,0,0,0,6,58227.73,0.0862,low,0.0
CUST011174,664,risky,19.08,97.96,67.48,68.65,85.35,60.5907,3.74,6,1,8,0,0,0,1,3,56390.28,1.6526,moderate,0.25
CUST011175,668,risky,26.06,94.67,90.99,46.33,55.42,61.3437,9.79,19,3,5,0,0,1,0,6,32845.85,0.5806,low,0.0
CUST011176,683,risky,51.33,76.19,67.19,42.77,87.33,63.9096,11.08,7,1,3,0,0,0,0,7,109407.52,0.02,low,0.0
CUST011177,817,excellent,92.5,86.1,99.88,39.08,91.18,86.213,12.58,10,0,0,0,0,0,0,0,35013.0,0.1099,low,0.0
CUST011178,735,good,97.27,78.88,14.94,31.78,93.65,72.4947,12.83,0,0,0,0,0,0,0,0,50787.53,0.1237,low,0.0
CUST011179,770,excellent,92.99,89.94,37.01,42.25,91.04,78.4079,5.99,1,0,0,0,0,0,0,6,187424.82,0.121,low,0.0
CUST011180,723,good,68.08,83.84,55.92,37.52,94.16,70.5377,12.65,3,0,0,0,0,0,0,3,40429.53,0.08,low,0.0
CUST011181,824,excellent,94.4,87.93,72.24,79.64,90.92,87.3114,10.42,6,1,0,0,0,0,1,2,73736.92,0.4209,low,0.3333
CUST011182,816,excellent,89.01,94.63,90.35,31.44,97.64,86.0052,2.77,12,0,0,0,0,0,0,4,75183.73,0.1453,low,0.0
CUST011183,692,risky,52.01,96.57,55.32,44.29,54.64,65.3667,5.81,2,3,1,0,0,0,0,7,174167.52,0.027,low,0.0
CUST011184,745,good,85.56,82.27,40.87,34.75,98.49,74.0837,12.66,1,0,0,0,0,0,0,6,133812.93,0.1439,low,0.0
CUST011185,636,high_risk,55.01,80.18,18.32,31.3,68.09,55.9968,11.04,0,2,3,0,0,0,0,2,284771.38,0.1248,low,0.0
CUST011186,825,excellent,96.09,95.28,85.41,35.49,88.62,87.4389,9.21,15,1,0,0,0,0,0,1,343059.48,0.0501,low,0.0
CUST011187,768,excellent,88.53,77.36,72.85,48.6,80.39,78.0193,13.94,6,1,0,0,0,0,0,3,1114856.1,0.0729,low,0.0
CUST011188,820,excellent,97.29,99.24,65.09,44.91,86.55,86.7341,1.63,6,1,0,0,0,0,0,0,30218.7,0.0291,low,0.0
CUST011189,766,excellent,98.67,52.63,74.63,62.8,98.03,77.6026,55.14,5,0,0,0,0,0,1,6,321139.58,0.979,low,0.1429
CUST011190,768,excellent,86.12,75.97,67.81,61.19,87.92,78.0157,12.45,5,1,0,0,0,0,1,0,360232.88,0.4551,low,0.5
CUST011191,683,risky,44.27,88.2,77.47,40.81,61.78,63.8319,6.24,5,3,1,0,0,0,0,2,213419.08,0.0488,low,0.0
CUST011192,817,excellent,93.59,78.19,88.17,76.73,91.23,86.2366,14.67,11,1,0,0,0,0,2,4,70172.58,0.5998,low,0.3333
CUST011193,771,excellent,90.11,88.85,52.56,30.53,94.01,78.5324,10.0,2,0,0,0,0,0,0,1,47783.3,0.0373,low,0.0
CUST011194,747,good,87.25,75.6,52.1,33.97,99.98,74.4261,13.97,2,0,0,0,0,0,0,6,87416.45,0.1272,low,0.0
CUST011195,826,excellent,94.46,89.74,87.13,48.82,97.95,87.7293,3.53,15,0,0,0,0,0,1,5,69285.48,0.8698,low,0.1667
CUST011196,819,excellent,86.64,82.22,99.39,68.69,97.59,86.5237,10.26,15,0,0,0,0,0,1,0,177093.16,0.6233,low,0.5
CUST011197,-1,no_history,85.93,92.18,33.34,46.24,82.91,75.644,1.38,0,1,0,0,0,0,0,7,22821.67,0.0495,low,0.0
CUST011198,779,excellent,79.26,95.58,80.15,32.57,81.85,79.88,9.58,8,1,0,0,0,0,0,1,58643.89,0.1402,low,0.0
CUST011199,755,excellent,85.3,94.6,35.0,37.71,86.18,75.8726,1.61,1,1,0,0,0,0,0,3,114923.39,0.0572,low,0.0
CUST011200,752,excellent,86.18,62.65,87.39,47.47,84.72,75.2842,46.27,11,1,0,0,0,0,1,1,93658.78,0.4904,low,0.5
CUST011201,771,excellent,92.41,95.27,39.98,35.91,80.44,78.5561,9.59,1,1,0,0,0,0,0,2,95636.17,0.113,low,0.0
CUST011202,644,high_risk,28.83,79.26,72.13,48.17,78.93,57.3988,13.15,6,2,1,0,0,0,0,4,500328.01,0.169,low,0.0
CUST011203,843,excellent,94.18,94.47,89.46,58.87,99.31,90.5406,2.95,11,0,0,0,0,0,1,4,380362.05,0.8448,low,0.2
CUST011204,810,excellent,93.37,96.93,68.74,60.34,68.22,84.9257,8.61,6,2,0,0,0,0,1,0,86869.13,0.3904,low,0.5
CUST011205,751,excellent,61.23,98.58,95.27,34.59,63.78,75.1331,6.12,17,3,1,0,0,0,0,5,198636.58,0.1191,low,0.0
CUST011206,870,excellent,99.88,99.78,98.88,62.58,90.21,95.0037,7.57,11,1,0,0,0,0,1,7,112548.59,0.9478,low,0.125
CUST011207,827,excellent,97.29,94.57,91.16,31.62,85.66,87.8254,2.68,16,1,0,0,0,0,0,4,161869.85,0.1371,low,0.0
CUST011208,804,excellent,89.67,88.82,83.15,44.69,90.01,83.9716,6.25,8,0,0,0,0,0,0,6,147751.83,0.0583,low,0.0
CUST011209,798,excellent,89.39,91.21,60.48,53.37,99.37,82.9959,7.42,3,0,0,0,0,0,1,0,142384.56,0.5382,low,0.5
CUST011210,804,excellent,85.63,90.5,86.31,44.65,94.86,84.0165,7.89,15,0,0,0,0,0,0,0,60264.9,0.0557,low,0.0
CUST011211,806,excellent,93.2,91.9,70.97,41.55,93.79,84.3714,7.17,9,0,0,0,0,0,0,1,54972.56,0.1312,low,0.0
CUST011212,727,good,60.8,99.51,60.36,30.4,80.2,71.2479,8.49,3,1,4,0,0,0,0,7,76578.51,0.0818,low,0.0
CUST011213,750,excellent,85.88,94.02,20.35,41.69,94.44,74.9281,1.82,0,0,0,0,0,0,0,7,24253.21,0.113,low,0.0
CUST011214,793,excellent,93.1,79.73,75.82,43.38,99.44,82.1628,10.37,7,0,0,0,0,0,0,5,28662.51,0.0795,low,0.0
CUST011215,591,high_risk,29.59,59.46,66.81,61.01,41.39,48.4563,36.57,7,4,1,0,0,0,0,0,195827.82,0.7021,low,0.0
CUST011216,669,risky,45.91,85.6,47.54,38.05,88.78,61.5626,14.31,4,1,3,0,0,0,0,1,333140.88,0.0965,low,0.0
CUST011217,828,excellent,89.71,96.55,92.26,48.54,89.77,88.0311,5.82,19,1,0,0,0,0,0,6,178590.37,0.0083,low,0.0
CUST011218,832,excellent,99.13,92.87,88.17,32.99,95.92,88.6732,9.75,10,0,0,0,0,0,0,1,94992.62,0.1663,low,0.0
CUST011219,807,excellent,96.42,80.26,95.88,39.9,82.64,84.4581,12.09,11,1,0,0,0,0,0,1,381236.99,0.1658,low,0.0
CUST011220,786,excellent,71.92,91.55,85.3,59.43,96.85,81.0598,6.44,10,0,0,0,0,0,1,2,16223.26,0.5497,low,0.3333
CUST011221,766,excellent,96.24,85.44,33.14,39.59,94.0,77.6478,12.68,0,0,0,0,0,0,0,3,454334.33,0.0454,low,0.0
CUST011222,815,excellent,90.51,97.21,78.63,41.06,91.55,85.8965,0.33,5,1,0,0,0,0,0,0,45274.95,0.0019,low,0.0
CUST011223,834,excellent,96.86,91.62,89.03,50.74,91.14,88.9309,8.5,10,0,0,0,0,0,0,0,83485.88,0.1118,low,0.0
CUST011224,738,good,79.38,90.66,34.54,31.75,97.41,73.0764,4.51,0,0,1,0,0,0,0,3,180489.49,0.0283,low,0.0
CUST011225,779,excellent,88.4,79.65,71.34,61.1,82.4,79.8833,10.1,7,1,0,0,0,0,1,6,127242.31,0.9572,low,0.1429
CUST011226,744,good,91.42,80.52,35.36,33.15,92.63,74.0347,13.16,1,0,0,0,0,0,0,7,57632.86,0.1089,low,0.0
CUST011227,828,excellent,89.54,90.85,92.28,58.5,97.9,88.0776,8.34,12,0,0,0,0,0,1,6,229812.37,0.4726,low,0.1429
CUST011228,819,excellent,89.53,94.6,70.76,74.74,86.35,86.4405,5.4,8,1,0,0,0,0,1,6,135510.99,0.9584,low,0.1429
CUST011229,812,excellent,90.88,89.75,91.73,31.82,96.78,85.3531,0.72,17,0,0,0,0,0,0,2,251321.9,0.1607,low,0.0
CUST011230,834,excellent,89.4,98.82,96.44,41.46,95.35,89.0817,0.01,12,0,0,0,0,0,0,1,106496.4,0.1503,low,0.0
CUST011231,861,excellent,98.43,98.98,95.44,65.79,84.46,93.4865,7.53,15,1,0,0,0,0,1,2,216860.52,0.7941,low,0.3333
CUST011232,838,excellent,97.26,92.78,89.13,52.69,91.82,89.6945,1.37,15,0,0,0,0,0,1,5,143655.6,0.3615,low,0.1667
CUST011233,860,excellent,95.05,95.95,99.23,64.54,99.95,93.3851,5.39,13,0,0,0,0,0,1,6,63907.83,0.5849,low,0.1429
CUST011234,812,excellent,96.49,97.41,64.96,35.39,90.33,85.3104,7.95,2,1,0,0,0,0,0,2,260738.88,0.1139,low,0.0
CUST011235,809,excellent,99.07,93.96,58.78,65.4,66.56,84.8752,6.34,3,2,0,0,0,0,1,6,27423.97,0.373,low,0.1429
CUST011236,671,risky,42.36,87.2,50.49,40.6,92.87,61.9081,10.06,3,0,1,0,0,0,0,0,547696.76,0.179,low,0.0
CUST011237,612,high_risk,4.55,88.73,88.62,47.57,57.18,51.9798,1.53,15,4,1,1,1,1,0,2,57191.51,0.4223,low,0.0
CUST011238,709,good,67.9,83.07,48.66,32.31,89.0,68.118,11.84,4,1,0,0,0,0,0,0,36017.19,0.0706,low,0.0
CUST011239,776,excellent,97.82,80.27,54.32,37.19,91.3,79.3153,13.76,2,1,0,0,0,0,0,0,20848.35,0.1269,low,0.0
CUST011240,760,excellent,89.27,83.25,44.67,39.46,97.34,76.5999,13.83,1,0,0,0,0,0,0,5,690655.35,0.1117,low,0.0
CUST011241,692,risky,41.37,97.59,74.53,34.08,70.17,65.3597,2.52,7,2,3,0,0,0,0,1,28603.24,0.0747,low,0.0
CUST011242,694,risky,60.1,83.39,66.4,44.31,52.59,65.7029,13.32,7,3,1,0,0,0,0,2,45170.64,0.1907,low,0.0
CUST011243,796,excellent,90.28,89.7,75.93,62.77,65.57,82.7322,10.19,7,2,0,0,0,0,1,4,202726.81,0.8758,low,0.2
CUST011244,761,excellent,86.46,87.83,48.51,34.73,94.97,76.8568,10.81,3,0,0,0,0,0,0,6,1602733.37,0.104,low,0.0
CUST011245,764,excellent,89.72,88.47,32.19,48.12,97.22,77.3071,5.32,0,0,0,0,0,0,0,3,195795.23,0.0884,low,0.0
CUST011246,832,excellent,95.37,92.66,86.28,61.43,84.35,88.6963,7.1,10,1,0,0,0,0,1,4,97129.18,0.4465,low,0.2
CUST011247,705,good,50.58,96.53,52.04,49.09,81.71,67.5479,9.41,2,1,3,0,0,0,0,5,160058.74,0.0255,low,0.0
CUST011248,832,excellent,97.69,88.84,77.87,67.65,93.31,88.6188,2.96,6,0,0,0,0,0,1,0,55729.54,0.3819,low,0.5
CUST011249,743,good,92.16,53.98,76.63,53.07,85.81,73.8329,51.55,7,1,0,0,0,0,0,1,30722.55,0.1523,low,0.0
CUST011250,871,excellent,98.01,96.11,95.51,78.3,99.37,95.232,9.02,10,0,0,0,0,0,1,5,29847.39,0.3705,low,0.1667
CUST011251,797,excellent,85.27,89.07,67.53,63.87,97.75,82.859,0.65,5,0,0,0,0,0,1,1,74265.47,0.4037,low,0.5
CUST011252,836,excellent,95.03,97.54,83.12,61.78,82.29,89.3996,9.48,7,1,0,0,0,0,1,5,40524.1,0.6054,low,0.1667
CUST011253,662,risky,38.28,89.24,73.6,38.03,52.68,60.2824,0.81,8,3,1,0,0,0,0,4,515317.07,0.1994,low,0.0
CUST011254,727,good,78.27,97.63,13.98,32.51,90.61,71.0946,6.8,0,1,0,0,0,0,0,2,25777.21,0.1139,low,0.0
CUST011255,822,excellent,97.78,97.02,65.42,47.34,91.71,87.0479,4.21,8,0,0,0,0,0,0,0,286823.24,0.1338,low,0.0
CUST011256,830,excellent,93.38,90.75,86.79,58.42,94.98,88.2682,4.94,14,0,0,0,0,0,1,7,41768.15,0.9008,low,0.125
CUST011257,721,good,47.8,95.07,85.51,66.41,65.28,70.248,9.52,20,2,2,0,0,0,1,0,326781.05,1.066,low,0.5
CUST011258,799,excellent,85.71,83.38,80.93,69.64,90.61,83.1765,14.06,9,1,0,0,0,0,1,0,57555.17,0.9117,low,0.5
CUST011259,746,good,85.26,84.55,48.52,32.75,85.05,74.2658,11.56,1,1,0,0,0,0,0,2,130996.44,0.0644,low,0.0
CUST011260,603,high_risk,5.68,98.28,94.54,36.25,12.39,50.517,2.66,19,7,8,0,1,1,0,2,77441.31,0.608,low,0.0
CUST011261,836,excellent,91.39,93.91,86.9,77.69,83.88,89.3485,3.21,15,1,0,0,0,0,1,4,19711.79,0.7488,low,0.2
CUST011262,706,good,50.4,90.47,96.17,37.79,46.34,67.6223,0.62,14,3,3,0,0,0,0,7,72655.11,0.19,low,0.0
CUST011263,848,excellent,96.01,89.65,98.17,72.82,87.61,91.2655,13.77,14,1,0,0,0,0,1,7,148558.16,0.8161,low,0.125
CUST011264,780,excellent,73.62,90.75,88.72,45.92,90.27,79.9167,8.89,11,0,0,0,0,0,0,7,689434.71,0.062,low,0.0
CUST011265,667,risky,21.1,98.07,61.94,64.11,97.16,61.2244,9.0,4,0,3,0,0,0,1,0,46580.19,1.4256,low,0.5
CUST011266,781,excellent,92.39,90.41,50.27,43.07,88.45,80.154,0.9,2,1,0,0,0,0,0,5,47407.65,0.0654,low,0.0
CUST011267,750,excellent,96.05,38.31,97.95,57.11,94.49,74.9629,54.32,18,0,0,0,0,0,0,7,8447.67,0.1373,low,0.0
CUST011268,775,excellent,86.38,85.52,69.72,47.43,80.55,79.1463,20.08,5,1,0,0,0,0,0,3,134539.9,0.1093,low,0.0
CUST011269,720,good,74.91,79.62,38.67,46.52,94.1,69.9684,11.96,1,0,0,0,0,0,1,0,43751.02,0.4262,low,0.5
CUST011270,749,good,86.77,95.45,17.15,41.07,92.05,74.8887,7.31,0,0,0,0,0,0,0,1,122963.94,0.1312,low,0.0
CUST011271,804,excellent,89.42,84.77,69.04,72.49,96.32,83.9652,12.05,8,0,0,0,0,0,1,5,777709.25,0.8521,low,0.1667
CUST011272,723,good,88.81,41.75,83.33,45.81,98.33,70.5233,54.2,6,0,0,0,0,0,0,6,13235.75,0.1083,low,0.0
CUST011273,816,excellent,98.18,89.76,76.37,36.07,96.96,86.0487,0.17,8,0,0,0,0,0,0,2,52883.96,0.0906,low,0.0
CUST011274,797,excellent,99.2,80.69,72.89,38.6,91.6,82.88,12.39,6,0,0,0,0,0,0,2,65708.54,0.0609,low,0.0
CUST011275,753,excellent,66.41,95.12,54.49,59.18,95.81,75.4511,5.32,2,0,0,0,0,0,1,2,284792.61,0.3881,low,0.3333
CUST011276,696,risky,53.95,76.72,89.08,59.87,47.78,66.0243,21.62,19,3,4,0,0,0,0,4,319084.51,0.2101,low,0.0
CUST011277,804,excellent,95.55,99.45,52.22,45.06,83.07,83.9228,9.21,2,1,0,0,0,0,0,4,14859.98,0.0186,low,0.0
CUST011278,584,high_risk,44.26,51.34,20.7,71.97,71.2,47.3145,53.22,0,2,3,0,0,0,1,2,79046.46,1.2034,low,0.3333
CUST011279,547,high_risk,7.03,78.17,30.65,31.24,76.06,41.2391,11.5,0,2,3,0,1,1,0,6,236840.47,0.4962,low,0.0
CUST011280,822,excellent,87.4,89.5,90.86,67.55,91.89,87.0111,4.9,20,0,0,0,0,0,1,5,85951.56,0.4076,low,0.1667
CUST011281,840,excellent,92.86,91.97,85.16,82.75,89.16,90.0592,7.09,14,1,0,0,0,0,2,0,57456.08,0.9408,low,0.6667
CUST011282,813,excellent,92.23,84.61,94.86,37.27,99.03,85.5218,10.72,13,0,0,0,0,0,0,2,88611.97,0.1621,low,0.0
CUST011283,830,excellent,99.99,88.71,90.63,39.43,91.47,88.2936,3.22,10,0,0,0,0,0,0,3,17105.28,0.0965,low,0.0
CUST011284,831,excellent,95.21,99.01,75.02,60.97,80.5,88.4266,2.4,8,1,0,0,0,0,1,3,114847.02,0.8016,low,0.25
CUST011285,811,excellent,86.97,93.33,75.68,62.26,91.1,85.1282,9.73,7,1,0,0,0,0,1,0,70669.99,0.3616,low,0.5
CUST011286,683,risky,43.89,81.18,97.1,34.16,61.31,63.8288,14.73,15,4,2,0,0,0,0,0,236939.25,0.0372,low,0.0
CUST011287,748,good,87.96,99.16,30.78,40.92,54.05,74.6486,4.09,0,3,0,0,0,0,0,3,102938.49,0.0608,low,0.0
CUST011288,647,high_risk,40.05,93.11,37.62,33.42,68.95,57.8307,7.79,1,2,4,0,0,0,0,6,52933.86,0.1603,low,0.0
CUST011289,847,excellent,96.63,97.0,99.31,37.15,96.62,91.1973,2.09,20,0,0,0,0,0,0,1,396293.9,0.1607,low,0.0
CUST011290,762,excellent,86.82,94.31,33.65,43.84,89.12,77.0221,9.15,0,1,0,0,0,0,0,3,101864.64,0.0293,low,0.0
CUST011291,834,excellent,90.78,94.38,99.08,48.55,91.35,88.938,9.89,12,0,0,0,0,0,0,0,108526.35,0.1629,low,0.0
CUST011292,757,excellent,85.68,76.12,54.19,57.25,95.1,76.185,14.05,2,0,0,0,0,0,1,7,40978.04,0.3821,low,0.125
CUST011293,763,excellent,85.46,79.99,65.75,43.61,89.68,77.0982,14.52,5,1,0,0,0,0,0,4,20874.9,0.0666,low,0.0
CUST011294,700,good,66.05,94.86,11.54,39.2,94.97,66.7211,0.2,0,0,1,0,0,0,0,3,106834.84,0.026,low,0.0
CUST011295,801,excellent,98.0,82.23,68.13,55.86,87.29,83.5025,11.38,6,1,0,0,0,0,1,1,1029991.32,0.5571,low,0.5
CUST011296,836,excellent,92.55,98.45,97.32,38.86,89.35,89.3502,4.22,13,1,0,0,0,0,0,3,57667.3,0.0017,low,0.0
CUST011297,685,risky,31.01,92.99,90.12,35.54,83.52,64.1776,1.75,17,1,1,0,0,0,0,4,57643.54,0.106,low,0.0
CUST011298,811,excellent,97.51,75.45,89.02,55.0,95.84,85.2031,13.87,15,0,0,0,0,0,1,4,215199.56,0.9927,low,0.2
CUST011299,802,excellent,96.81,85.88,69.46,41.12,94.77,83.6569,11.09,5,0,0,0,0,0,0,0,222595.42,0.1169,low,0.0
CUST011300,759,excellent,65.12,89.18,80.83,47.92,99.85,76.4495,13.21,6,0,0,0,0,0,1,5,131574.13,0.4106,low,0.1667
CUST011301,794,excellent,85.32,81.35,94.77,41.11,97.74,82.3676,13.7,10,0,0,0,0,0,0,2,70769.07,0.1298,low,0.0
CUST011302,803,excellent,97.15,79.46,88.13,36.6,90.72,83.7924,14.21,17,0,0,0,0,0,0,4,16480.48,0.0664,low,0.0
CUST011303,595,high_risk,10.72,87.54,46.99,68.2,62.2,49.101,11.19,4,4,7,1,0,0,1,7,88122.72,1.8034,moderate,0.125
CUST011304,591,high_risk,20.46,97.79,27.21,79.8,9.32,48.4915,5.02,0,7,3,0,0,0,1,4,35527.51,1.9726,moderate,0.2
CUST011305,777,excellent,85.35,79.86,80.47,45.21,90.8,79.5032,11.9,5,1,0,0,0,0,0,6,165182.12,0.1402,low,0.0
CUST011306,831,excellent,91.29,95.48,86.83,49.66,98.34,88.4208,5.58,14,0,0,0,0,0,0,4,68674.98,0.1514,low,0.0
CUST011307,816,excellent,97.73,85.2,92.52,42.11,81.75,86.0301,12.16,14,1,0,0,0,0,0,6,31980.46,0.1275,low,0.0
CUST011308,795,excellent,85.03,87.69,87.4,35.59,98.35,82.5717,14.59,14,0,0,0,0,0,0,4,74792.16,0.0482,low,0.0
CUST011309,831,excellent,93.16,98.8,92.15,36.12,88.96,88.5764,6.6,20,1,0,0,0,0,0,4,40512.52,0.1243,low,0.0
CUST011310,802,excellent,72.98,98.39,84.57,66.1,92.68,83.6255,6.78,7,0,1,0,0,0,1,2,49568.98,0.9274,low,0.3333
CUST011311,816,excellent,90.89,95.63,74.7,55.53,86.92,85.9488,2.81,8,1,0,0,0,0,1,3,35293.14,0.7414,low,0.25
CUST011312,823,excellent,96.64,88.29,98.34,31.57,88.99,87.1167,13.87,14,1,0,0,0,0,0,3,166814.57,0.0313,low,0.0
CUST011313,808,excellent,97.63,91.85,67.66,46.1,81.0,84.5852,9.62,7,1,0,0,0,0,0,4,298080.98,0.0247,low,0.0
CUST011314,831,excellent,99.91,90.21,94.05,31.92,91.14,88.4446,7.19,13,1,0,0,0,0,0,0,155014.06,0.0476,low,0.0
CUST011315,663,risky,21.28,94.8,97.16,66.42,44.67,60.5723,8.58,11,3,4,0,0,0,1,2,388631.58,1.2558,low,0.3333
CUST011316,794,excellent,88.79,72.3,76.05,84.4,98.01,82.4157,34.47,5,0,0,0,0,0,2,7,54254.56,0.797,low,0.2222
CUST011317,786,excellent,87.85,98.72,47.26,44.33,91.38,81.0224,4.08,1,1,0,0,0,0,0,6,146948.84,0.1412,low,0.0
CUST011318,795,excellent,77.23,89.31,83.36,63.33,98.83,82.5419,4.78,8,0,0,0,0,0,1,4,110902.99,0.6394,low,0.2
CUST011319,809,excellent,88.32,91.9,84.3,53.66,83.37,84.8284,3.17,6,1,0,0,0,0,1,4,311904.03,0.7217,low,0.2
CUST011320,803,excellent,85.24,97.06,55.91,64.81,99.48,83.7691,4.08,2,0,0,0,0,0,1,1,30702.32,0.5178,low,0.5
CUST011321,681,risky,54.01,93.85,43.2,45.62,54.27,63.5262,1.4,1,4,4,0,0,0,0,2,52814.22,0.0929,low,0.0
CUST011322,836,excellent,93.43,95.83,91.89,68.33,72.84,89.3511,0.47,18,2,0,0,0,0,1,3,480084.87,0.456,low,0.25
CUST011323,741,good,56.75,89.22,91.21,71.52,70.94,73.558,3.23,11,2,1,0,0,0,1,2,17323.0,1.1334,low,0.3333
CUST011324,805,excellent,93.38,91.57,64.98,53.72,88.83,84.1559,6.06,4,1,0,0,0,0,1,6,44665.79,0.4888,low,0.1429
CUST011325,804,excellent,98.27,78.58,88.26,38.31,90.1,84.0504,12.65,12,0,0,0,0,0,0,3,266478.57,0.1031,low,0.0
CUST011326,732,good,53.79,92.59,99.2,39.99,65.55,72.0356,8.13,14,2,3,0,0,0,0,3,6206.41,0.0464,low,0.0
CUST011327,762,excellent,76.81,85.98,77.66,35.64,90.27,76.9185,13.49,6,1,0,0,0,0,0,5,37600.49,0.156,low,0.0
CUST011328,744,good,87.81,46.64,99.49,50.58,93.04,74.0126,59.19,19,0,0,0,0,0,1,1,209279.07,0.9493,low,0.5
CUST011329,833,excellent,93.71,90.67,94.59,47.66,98.45,88.7997,9.33,15,0,0,0,0,0,1,5,62041.76,0.4647,low,0.1667
CUST011330,600,high_risk,12.5,80.55,70.04,47.97,61.65,50.006,14.96,5,3,6,0,0,1,0,4,50829.76,0.1872,low,0.0
CUST011331,820,excellent,96.22,83.02,91.9,50.1,93.33,86.7119,10.32,14,0,0,0,0,0,1,2,57379.41,0.8354,low,0.3333
CUST011332,837,excellent,92.86,97.8,89.9,54.19,87.57,89.501,9.99,14,1,0,0,0,0,1,5,274673.52,0.4902,low,0.1667
CUST011333,792,excellent,86.83,80.42,75.48,70.51,91.48,82.0352,11.49,8,0,0,0,0,0,1,5,206953.86,0.6712,low,0.1667
CUST011334,638,high_risk,45.11,86.88,12.8,47.98,78.0,56.37,11.49,0,2,1,0,0,0,0,3,86653.96,0.0761,low,0.0
CUST011335,618,high_risk,9.11,89.58,93.71,44.17,44.92,53.0269,3.83,12,6,7,0,1,1,0,7,152122.91,0.5927,low,0.0
CUST011336,643,high_risk,34.69,86.97,35.8,44.63,90.94,57.1618,10.43,1,1,1,0,0,0,0,7,416440.57,0.0219,low,0.0
CUST011337,758,excellent,85.45,91.57,31.36,45.34,97.82,76.3983,0.99,1,0,0,0,0,0,0,1,26780.91,0.1547,low,0.0
CUST011338,818,excellent,91.28,95.4,76.52,50.34,92.46,86.3252,5.58,8,0,0,0,0,0,1,0,64078.65,0.3387,low,0.5
CUST011339,844,excellent,96.32,88.68,83.38,88.39,90.46,90.7078,9.4,9,1,0,0,0,0,2,0,48113.76,0.5896,low,0.6667
CUST011340,765,excellent,90.86,90.0,37.04,32.62,98.3,77.4492,3.23,1,0,0,0,0,0,0,0,75360.77,0.12,low,0.0
CUST011341,771,excellent,90.16,78.8,66.53,42.21,91.35,78.5302,10.9,6,0,0,0,0,0,0,4,411324.48,0.0355,low,0.0
CUST011342,840,excellent,99.25,92.48,66.88,82.54,91.69,89.9372,2.51,5,0,0,0,0,0,2,1,88007.44,0.6286,low,0.6667
CUST011343,783,excellent,85.49,96.93,49.65,48.73,91.93,80.5141,7.49,1,0,0,0,0,0,0,6,208727.07,0.1403,low,0.0
CUST011344,845,excellent,96.92,95.27,85.09,57.31,97.66,90.7624,2.39,16,0,0,0,0,0,1,4,18917.69,0.7107,low,0.2
CUST011345,777,excellent,85.47,89.3,65.84,54.93,75.03,79.5767,29.98,9,2,0,0,0,0,0,7,109489.26,0.0449,low,0.0
CUST011346,798,excellent,89.27,82.2,93.31,39.54,92.05,83.0615,13.76,13,0,0,0,0,0,0,4,150897.37,0.0404,low,0.0
CUST011347,785,excellent,95.14,79.22,47.75,69.43,96.87,80.8589,12.93,4,0,0,0,0,0,1,3,35882.9,0.9069,low,0.25
CUST011348,743,good,88.54,88.41,20.02,48.28,84.74,73.8177,2.39,0,1,0,0,0,0,0,4,32046.1,0.1471,low,0.0
CUST011349,676,risky,64.27,85.89,18.63,36.2,79.8,62.6583,11.72,0,2,1,0,0,0,0,2,19986.58,0.1872,low,0.0
CUST011350,773,excellent,92.13,93.37,47.38,33.61,80.87,78.8116,6.86,2,1,0,0,0,0,0,7,194603.06,0.1059,low,0.0
CUST011351,805,excellent,76.66,99.43,92.82,48.88,87.61,84.2327,1.57,20,1,1,0,0,0,0,0,51746.42,0.0439,low,0.0
CUST011352,769,excellent,95.88,94.36,19.26,45.96,87.49,78.1011,7.74,0,1,0,0,0,0,1,1,1021594.77,0.6049,low,0.5
CUST011353,699,risky,42.47,89.6,67.76,48.59,97.48,66.5152,24.52,8,0,3,0,0,0,0,7,146076.67,0.1159,low,0.0
CUST011354,812,excellent,98.98,77.49,93.81,40.3,94.04,85.3945,11.3,14,0,0,0,0,0,0,0,26509.55,0.0128,low,0.0
CUST011355,786,excellent,86.33,98.74,47.3,42.07,98.8,81.0228,5.67,1,0,0,0,0,0,0,4,125423.05,0.0258,low,0.0
CUST011356,724,good,54.95,77.0,97.02,48.85,89.57,70.7267,10.95,10,1,1,0,0,0,0,5,582172.21,0.2412,low,0.0
CUST011357,818,excellent,94.71,83.53,95.58,54.76,83.34,86.3546,27.0,10,1,0,0,0,0,0,4,33516.99,0.0444,low,0.0
CUST011358,878,excellent,98.42,99.19,92.73,83.98,98.16,96.3305,4.99,11,0,0,0,0,0,2,1,30932.66,0.8903,low,0.6667
CUST011359,811,excellent,94.48,92.49,62.89,68.24,80.14,85.0877,5.07,3,1,0,0,0,0,1,4,150166.8,0.4001,low,0.2
CUST011360,798,excellent,98.08,75.2,87.67,30.44,99.77,83.0588,11.81,18,0,0,0,0,0,0,1,37309.87,0.1043,low,0.0
CUST011361,650,risky,43.11,89.15,46.58,33.89,60.57,58.2685,3.02,1,3,3,0,0,0,0,6,124481.15,0.0348,low,0.0
CUST011362,591,high_risk,2.59,85.28,90.88,45.04,38.09,48.4366,14.06,10,6,3,0,1,1,0,3,43960.31,0.4297,low,0.0
CUST011363,805,excellent,96.11,75.0,99.09,33.09,98.45,84.1572,14.17,19,0,0,0,0,0,0,2,204741.44,0.0694,low,0.0
CUST011364,743,good,94.08,63.18,42.2,61.35,95.3,73.8788,33.84,1,0,0,0,0,0,0,0,239637.51,0.1359,low,0.0
CUST011365,819,excellent,92.94,98.36,94.66,32.97,68.89,86.4234,9.13,16,2,0,0,0,0,0,4,148610.44,0.0447,low,0.0
CUST011366,792,excellent,94.06,90.55,59.22,37.65,91.9,81.9242,5.81,2,1,0,0,0,0,0,1,41280.9,0.1009,low,0.0
CUST011367,745,good,63.86,97.2,86.97,47.77,48.75,74.2077,1.72,14,4,3,0,0,0,0,2,69068.25,0.2197,low,0.0
CUST011368,856,excellent,98.65,98.76,93.7,45.86,98.21,92.621,2.86,11,0,0,0,0,0,0,3,36456.15,0.1383,low,0.0
CUST011369,631,high_risk,26.98,80.87,77.48,47.73,50.02,55.103,12.59,6,3,4,0,0,0,0,1,302548.15,0.041,low,0.0
CUST011370,564,high_risk,21.07,77.82,39.81,34.39,38.74,44.0052,13.15,1,5,8,0,0,1,0,5,110602.62,0.439,low,0.0
CUST011371,768,excellent,94.4,98.95,18.47,33.33,91.33,77.9604,7.31,0,1,0,0,0,0,0,0,182453.05,0.1037,low,0.0
CUST011372,816,excellent,87.18,91.12,95.52,47.38,91.4,86.0556,5.4,16,0,0,0,0,0,1,1,22018.84,0.8098,low,0.5
CUST011373,825,excellent,96.69,93.3,92.74,46.78,70.1,87.4307,1.86,15,2,0,0,0,0,0,6,94757.23,0.0489,low,0.0
CUST011374,740,good,57.15,80.45,98.35,76.66,67.57,73.3133,11.96,19,2,1,0,0,0,1,7,78650.81,0.8821,low,0.125
CUST011375,724,good,47.84,95.52,97.03,37.03,70.26,70.6848,7.93,10,2,4,0,0,0,0,2,99568.04,0.1312,low,0.0
CUST011376,800,excellent,99.85,96.4,39.29,40.68,95.31,83.3612,0.72,1,0,0,0,0,0,0,2,99972.11,0.1538,low,0.0
CUST011377,770,excellent,95.19,92.68,30.5,41.3,85.75,78.4014,9.55,1,1,0,0,0,0,0,4,62603.69,0.0336,low,0.0
CUST011378,786,excellent,92.58,80.8,70.14,38.01,99.78,80.9423,10.27,5,0,0,0,0,0,0,4,65909.87,0.0529,low,0.0
CUST011379,836,excellent,88.81,95.38,79.94,80.11,96.64,89.3653,6.85,5,0,0,0,0,0,2,2,118876.3,0.7338,low,0.5
CUST011380,824,excellent,86.49,93.96,87.28,61.41,95.65,87.2591,1.36,16,0,0,0,0,0,1,2,110751.35,0.3541,low,0.3333
CUST011381,858,excellent,97.6,94.8,95.24,63.8,97.77,93.0436,1.27,15,0,0,0,0,0,1,0,175733.26,0.7139,low,0.5
CUST011382,685,risky,40.03,88.3,81.88,43.87,69.49,64.1214,12.77,5,2,3,0,0,0,0,7,420180.55,0.2345,low,0.0
CUST011383,788,excellent,89.79,97.52,48.91,40.19,92.51,81.2909,7.04,1,0,0,0,0,0,0,2,64752.77,0.111,low,0.0
CUST011384,817,excellent,91.72,95.07,75.86,47.37,94.43,86.1826,4.11,9,0,0,0,0,0,0,5,104303.3,0.1526,low,0.0
CUST011385,817,excellent,98.94,92.05,76.72,38.75,85.9,86.2161,5.14,6,1,0,0,0,0,0,5,26501.61,0.0329,low,0.0
CUST011386,790,excellent,95.76,88.57,58.86,35.13,92.74,81.7016,2.62,2,0,0,0,0,0,0,1,82295.96,0.0816,low,0.0
CUST011387,674,risky,29.86,98.81,72.3,62.13,51.43,62.2947,2.21,5,3,4,0,0,0,1,0,68347.64,0.7065,low,0.5
CUST011388,609,high_risk,15.89,98.81,61.85,48.57,20.87,51.4281,6.63,3,6,3,0,0,1,0,1,16556.66,0.2353,low,0.0
CUST011389,805,excellent,99.87,99.67,50.44,35.02,83.27,84.247,3.68,3,1,0,0,0,0,0,2,19374.4,0.1427,low,0.0
CUST011390,852,excellent,88.72,95.34,98.15,78.72,97.83,92.0309,0.29,17,0,0,0,0,0,1,1,102543.47,0.5497,low,0.5
CUST011391,807,excellent,74.59,97.77,92.46,66.55,85.77,84.5399,3.8,19,1,0,0,0,0,1,1,72627.87,0.8082,low,0.5
CUST011392,827,excellent,87.44,90.73,93.11,69.02,90.68,87.7605,1.66,15,1,0,0,0,0,1,6,101369.68,0.6069,low,0.1429
CUST011393,819,excellent,99.79,85.5,89.4,33.61,91.08,86.4553,14.55,10,1,0,0,0,0,0,7,308470.01,0.0498,low,0.0
CUST011394,695,risky,37.38,99.88,88.09,36.41,59.13,65.8158,1.76,11,3,3,0,0,0,0,4,242883.61,0.0743,low,0.0
CUST011395,643,high_risk,40.88,90.3,49.59,33.1,50.83,57.2299,2.03,1,3,2,0,0,0,0,4,377761.23,0.1742,low,0.0
CUST011396,836,excellent,89.42,98.37,88.77,61.06,91.58,89.388,4.21,17,0,0,0,0,0,1,3,159547.46,0.4392,low,0.25
CUST011397,676,risky,25.29,99.42,77.41,42.93,80.11,62.5929,1.44,7,1,3,0,0,0,0,4,81466.06,0.1985,low,0.0
CUST011398,822,excellent,95.43,90.5,96.14,33.66,86.74,87.011,4.31,12,1,0,0,0,0,0,6,117027.9,0.1085,low,0.0
CUST011399,792,excellent,72.81,95.04,78.29,72.87,89.49,81.9725,6.05,9,1,0,0,0,0,1,3,189518.86,0.5334,low,0.25
CUST011400,840,excellent,94.76,94.28,87.67,55.01,99.37,90.0364,9.18,15,0,0,0,0,0,1,2,83945.27,0.9113,low,0.3333
CUST011401,718,good,49.31,82.15,93.75,45.09,91.93,69.6681,10.87,12,1,3,0,0,0,0,5,125096.84,0.1389,low,0.0
CUST011402,596,high_risk,29.74,92.24,32.7,36.97,26.64,49.3446,6.43,1,6,7,0,0,1,0,4,25369.83,0.283,low,0.0
CUST011403,750,excellent,85.56,91.99,35.68,34.6,85.76,74.9315,1.37,1,1,0,0,0,0,0,5,72613.18,0.1105,low,0.0
CUST011404,777,excellent,96.69,87.57,38.34,50.4,86.75,79.5796,12.53,1,1,0,0,0,0,1,5,122992.42,0.7927,low,0.1667
CUST011405,631,high_risk,15.01,94.33,90.01,45.72,34.59,55.0845,0.23,18,5,3,1,0,1,0,5,67507.81,0.3478,low,0.0
CUST011406,742,good,71.74,85.03,76.71,33.1,82.96,73.7319,10.41,9,1,0,0,0,0,0,6,838433.87,0.1539,low,0.0
CUST011407,787,excellent,87.12,91.7,69.81,37.74,88.46,81.0943,6.41,6,1,0,0,0,0,0,3,59528.15,0.0108,low,0.0
CUST011408,839,excellent,89.8,96.44,98.2,47.4,99.36,89.7672,6.22,14,0,0,0,0,0,0,0,103694.57,0.1426,low,0.0
CUST011409,625,high_risk,22.22,96.44,28.41,60.41,81.43,54.1532,1.28,0,1,6,0,0,0,1,3,17828.96,1.8418,moderate,0.25
CUST011410,796,excellent,89.96,77.0,99.06,37.65,94.43,82.6508,10.86,14,0,0,0,0,0,0,0,63986.66,0.0512,low,0.0
CUST011411,794,excellent,98.16,88.4,48.21,51.68,90.81,82.3573,4.35,1,0,0,0,0,0,1,7,88355.51,0.4574,low,0.125
CUST011412,806,excellent,91.92,88.96,81.59,48.99,84.0,84.3963,1.94,5,1,0,0,0,0,0,0,32189.04,0.1235,low,0.0
CUST011413,820,excellent,95.72,97.55,79.33,38.78,81.1,86.6539,7.75,9,1,0,0,0,0,0,0,40097.56,0.1314,low,0.0
CUST011414,818,excellent,94.4,93.22,70.07,50.62,97.33,86.3084,5.06,6,0,0,0,0,0,1,0,57580.94,0.5258,low,0.5
CUST011415,821,excellent,97.64,77.76,96.14,67.62,81.05,86.7922,12.05,14,1,0,0,0,0,1,6,108668.08,0.7356,low,0.1429
CUST011416,710,good,40.68,90.07,66.84,78.57,91.78,68.3218,4.6,5,1,3,0,0,0,1,5,273668.2,0.8587,low,0.1667
CUST011417,775,excellent,91.29,79.4,66.14,42.48,91.5,79.0908,11.62,8,1,0,0,0,0,0,7,52227.77,0.1159,low,0.0
CUST011418,721,good,41.66,88.87,87.66,76.7,90.67,70.1277,1.42,15,1,2,0,0,0,1,1,127402.22,1.1422,low,0.5
CUST011419,761,excellent,98.07,65.74,46.5,58.56,98.95,76.7711,36.28,4,0,0,0,0,0,0,5,52084.02,0.0375,low,0.0
CUST011420,816,excellent,88.42,98.27,84.87,30.52,98.14,86.0238,9.1,6,0,0,0,0,0,0,0,116867.0,0.1611,low,0.0
CUST011421,788,excellent,87.33,93.85,60.75,43.26,91.31,81.2886,2.34,2,0,0,0,0,0,0,1,118494.62,0.0733,low,0.0
CUST011422,781,excellent,78.86,88.19,77.46,56.78,87.83,80.1373,12.12,7,1,1,0,0,0,1,6,215137.55,0.3602,low,0.1429
CUST011423,638,high_risk,12.92,96.71,89.85,32.48,59.96,56.2547,5.45,12,4,8,1,1,1,0,1,74991.38,0.5665,low,0.0
CUST011424,801,excellent,96.78,77.01,83.33,47.49,92.51,83.4737,21.14,9,0,0,0,0,0,1,1,108798.64,0.3691,low,0.5
CUST011425,818,excellent,90.57,89.32,93.93,43.53,93.15,86.253,1.51,17,0,0,0,0,0,0,7,82502.59,0.0687,low,0.0
CUST011426,820,excellent,89.41,99.36,89.07,37.27,85.3,86.7217,1.19,12,1,0,0,0,0,0,4,87286.92,0.082,low,0.0
CUST011427,599,high_risk,16.63,77.08,54.93,62.02,73.81,49.7681,12.27,4,2,4,0,0,0,1,3,39761.74,1.2362,low,0.25
CUST011428,813,excellent,91.53,87.88,85.85,46.16,96.38,85.5327,11.78,12,0,0,0,0,0,0,3,85903.66,0.1278,low,0.0
CUST011429,802,excellent,90.24,98.71,83.03,32.32,67.3,83.6145,8.07,7,2,0,0,0,0,0,6,89420.9,0.0194,low,0.0
CUST011430,811,excellent,86.75,88.99,87.67,60.08,90.01,85.2184,6.87,14,0,0,0,0,0,1,5,279193.4,0.6286,low,0.1667
CUST011431,837,excellent,94.65,90.43,89.59,73.87,84.53,89.5355,8.89,18,1,0,0,0,0,1,2,82277.43,0.3984,low,0.3333
CUST011432,835,excellent,96.27,93.5,65.76,79.15,97.1,89.2342,1.23,9,0,0,0,0,0,1,1,283146.8,0.6478,low,0.5
CUST011433,826,excellent,88.12,95.94,77.75,63.95,99.87,87.6711,3.06,7,0,0,0,0,0,1,0,31985.96,0.8655,low,0.5
CUST011434,850,excellent,94.55,92.24,95.71,75.59,89.36,91.6172,9.48,11,1,0,0,0,0,1,2,107855.99,0.7921,low,0.3333
CUST011435,824,excellent,87.47,93.39,97.18,49.23,92.47,87.3767,9.58,17,0,0,0,0,0,0,3,24590.99,0.1587,low,0.0
CUST011436,771,excellent,72.75,96.15,96.68,48.86,48.53,78.5481,6.01,10,3,1,0,0,0,0,7,47061.33,0.0127,low,0.0
CUST011437,680,risky,58.26,99.87,14.3,38.85,68.93,63.2739,7.56,0,2,4,0,0,0,0,3,280369.16,0.2401,low,0.0
CUST011438,796,excellent,87.14,93.18,71.51,46.59,88.26,82.6612,5.96,5,1,0,0,0,0,0,0,89978.38,0.1386,low,0.0
CUST011439,776,excellent,98.19,87.77,19.46,59.36,98.26,79.378,10.28,0,0,0,0,0,0,1,3,258224.3,0.969,low,0.25
CUST011440,794,excellent,90.45,82.14,86.42,31.66,98.65,82.2942,11.66,16,0,0,0,0,0,0,3,94740.07,0.1652,low,0.0
CUST011441,853,excellent,97.81,98.9,96.95,44.71,92.65,92.182,2.79,12,0,0,0,0,0,0,4,36911.57,0.0594,low,0.0
CUST011442,753,excellent,68.7,86.22,84.03,33.84,96.37,75.5395,11.7,7,0,0,0,0,0,0,1,270663.56,0.0944,low,0.0
CUST011443,798,excellent,95.69,85.75,63.72,46.18,96.91,83.0822,12.77,3,0,0,0,0,0,0,3,15648.78,0.1399,low,0.0
CUST011444,738,good,78.42,99.92,13.06,44.13,92.68,73.0617,9.25,0,0,1,0,0,0,0,0,110485.21,0.1323,low,0.0
CUST011445,690,risky,49.24,97.63,56.85,38.83,59.93,64.9256,3.02,4,4,2,0,0,0,0,4,265582.89,0.2177,low,0.0
CUST011446,642,high_risk,24.72,93.5,45.51,78.37,66.69,57.0366,5.42,2,2,4,0,0,0,1,0,447066.04,2.2509,moderate,0.5
CUST011447,688,risky,33.63,99.36,66.93,71.16,59.59,64.6932,6.63,5,3,2,0,0,0,1,6,98373.53,0.8782,low,0.1429
CUST011448,828,excellent,88.36,95.7,90.64,49.42,98.79,88.0516,7.09,13,0,0,0,0,0,1,5,91270.7,0.9861,low,0.1667
CUST011449,769,excellent,85.42,84.45,53.67,57.55,91.59,78.1972,13.29,2,1,0,0,0,0,1,2,170840.33,0.3433,low,0.3333
CUST011450,795,excellent,99.18,92.37,49.71,45.3,81.38,82.5483,1.07,2,1,0,0,0,0,0,0,84855.97,0.0973,low,0.0
CUST011451,783,excellent,88.32,77.49,80.48,49.12,93.36,80.4791,14.18,7,0,0,0,0,0,1,1,38550.01,0.9052,low,0.5
CUST011452,635,high_risk,21.6,93.14,84.16,65.58,21.68,55.8526,1.92,6,5,8,0,0,0,1,7,31494.93,2.0117,moderate,0.125
CUST011453,846,excellent,96.46,90.28,99.45,55.73,96.43,90.9774,9.0,15,0,0,0,0,0,1,6,654833.01,0.5076,low,0.1429
CUST011454,780,excellent,90.02,89.27,47.46,49.57,96.15,79.9779,7.3,1,0,0,0,0,0,0,6,78044.76,0.1589,low,0.0
CUST011455,781,excellent,95.74,89.53,40.95,63.13,72.72,80.0943,11.41,1,2,0,0,0,0,0,3,174266.37,0.0464,low,0.0
CUST011456,706,good,50.26,94.71,68.51,33.58,79.55,67.5917,0.98,5,2,3,0,0,0,0,2,312800.45,0.0682,low,0.0
CUST011457,796,excellent,94.97,81.46,54.61,71.08,96.67,82.6449,24.24,4,0,0,0,0,0,1,7,82275.9,0.9879,low,0.125
CUST011458,795,excellent,89.95,91.35,74.1,43.0,81.7,82.4726,1.89,9,1,0,0,0,0,0,2,243338.71,0.1123,low,0.0
CUST011459,790,excellent,86.43,96.06,57.73,46.31,92.55,81.6157,8.97,2,0,0,0,0,0,0,5,240106.52,0.0273,low,0.0
CUST011460,828,excellent,92.82,89.64,90.41,58.1,92.37,87.9891,21.67,14,0,0,0,0,0,0,7,85566.77,0.0731,low,0.0
CUST011461,823,excellent,93.79,88.83,96.6,32.99,98.8,87.1452,2.98,14,0,0,0,0,0,0,5,182859.18,0.0934,low,0.0
CUST011462,763,excellent,86.21,90.11,46.16,46.82,84.13,77.2248,4.51,2,1,0,0,0,0,0,6,42708.75,0.0446,low,0.0
CUST011463,751,excellent,95.34,77.92,37.89,32.09,95.44,75.1813,13.85,1,0,0,0,0,0,0,3,91950.81,0.1177,low,0.0
CUST011464,811,excellent,88.49,88.03,97.26,37.23,95.2,85.2117,3.02,13,0,0,0,0,0,0,2,206710.47,0.1045,low,0.0
CUST011465,831,excellent,97.58,84.67,96.07,60.96,84.07,88.4664,10.96,17,1,0,0,0,0,1,7,65084.6,0.7777,low,0.125
CUST011466,811,excellent,96.19,85.05,88.54,40.63,86.61,85.1867,14.73,13,1,0,0,0,0,0,0,28542.53,0.0105,low,0.0
CUST011467,782,excellent,71.33,97.44,84.44,44.67,89.27,80.258,0.42,7,1,1,0,0,0,0,4,60775.74,0.1615,low,0.0
CUST011468,772,excellent,97.83,91.89,21.52,39.58,96.28,78.62,1.22,0,0,0,0,0,0,0,5,114623.22,0.0872,low,0.0
CUST011469,630,high_risk,21.83,95.5,72.27,62.94,25.82,55.0079,8.19,7,5,5,0,0,0,1,1,90730.7,1.4883,low,0.5
CUST011470,825,excellent,99.16,94.7,82.51,39.93,80.85,87.5721,0.43,7,1,0,0,0,0,0,1,49575.0,0.1129,low,0.0
CUST011471,813,excellent,98.2,84.76,80.07,52.89,83.8,85.4761,14.32,5,1,0,0,0,0,1,2,73219.89,0.7206,low,0.3333
CUST011472,738,good,90.47,81.37,27.63,47.23,80.12,72.955,10.78,0,1,0,0,0,0,0,2,148425.65,0.1048,low,0.0
CUST011473,751,excellent,94.86,48.81,97.89,45.23,81.64,75.2156,55.3,19,1,0,0,0,0,0,6,43363.81,0.0346,low,0.0
CUST011474,834,excellent,97.0,94.04,69.31,64.36,99.89,88.9833,5.75,5,0,0,0,0,0,1,7,35896.04,0.8937,low,0.125
CUST011475,765,excellent,90.71,90.83,14.36,79.65,84.17,77.5311,3.54,0,1,0,0,0,0,1,5,89864.41,0.4371,low,0.1667
CUST011476,778,excellent,96.0,93.39,30.49,49.06,85.49,79.6432,1.12,1,1,0,0,0,0,0,5,80616.24,0.085,low,0.0
CUST011477,775,excellent,87.04,93.6,51.15,34.3,95.77,79.2243,5.02,4,0,0,0,0,0,0,6,34099.31,0.047,low,0.0
CUST011478,784,excellent,85.58,88.9,77.24,33.46,91.1,80.6677,4.95,6,0,0,0,0,0,0,5,141477.56,0.1468,low,0.0
CUST011479,821,excellent,92.84,98.57,88.88,37.62,76.43,86.8021,1.93,12,2,0,0,0,0,0,7,27375.94,0.0095,low,0.0
CUST011480,767,excellent,85.46,84.57,58.74,40.73,97.1,77.8772,11.58,3,0,0,0,0,0,0,6,211632.83,0.1436,low,0.0
CUST011481,820,excellent,85.43,99.23,98.2,31.67,90.55,86.6213,2.48,18,0,0,0,0,0,0,5,149910.31,0.0566,low,0.0
CUST011482,786,excellent,94.91,96.8,49.3,31.47,81.26,80.9264,2.74,2,1,0,0,0,0,0,7,58380.74,0.005,low,0.0
CUST011483,739,good,60.01,93.04,83.06,31.68,86.24,73.1668,8.62,7,1,1,0,0,0,0,5,38584.47,0.0943,low,0.0
CUST011484,801,excellent,95.95,76.76,87.08,45.76,92.04,83.4524,12.66,15,0,0,0,0,0,0,1,193352.4,0.1008,low,0.0
CUST011485,800,excellent,95.48,90.78,63.97,45.52,85.4,83.3378,6.32,4,1,0,0,0,0,0,5,54929.85,0.1405,low,0.0
CUST011486,812,excellent,95.95,97.27,60.31,45.38,90.53,85.4011,2.45,3,0,0,0,0,0,0,7,31993.19,0.0253,low,0.0
CUST011487,787,excellent,78.7,99.08,79.95,48.15,70.96,81.1733,8.97,8,2,0,0,0,0,0,4,156056.35,0.0643,low,0.0
CUST011488,710,good,62.01,88.56,38.35,69.69,72.79,68.27,1.77,1,2,4,0,0,0,1,0,122072.38,0.8417,low,0.5
CUST011489,721,good,64.16,90.03,61.54,30.15,85.21,70.2326,4.99,2,1,2,0,0,0,0,4,115941.49,0.0948,low,0.0
CUST011490,786,excellent,90.47,78.17,61.5,69.25,97.29,80.9957,12.74,3,0,0,0,0,0,1,4,60263.82,0.9867,low,0.2
CUST011491,617,high_risk,18.85,88.31,88.81,40.91,22.8,52.7829,6.42,13,5,5,0,0,0,0,6,236686.1,0.455,low,0.0
CUST011492,783,excellent,93.41,82.09,71.55,39.63,85.4,80.5582,12.85,5,1,0,0,0,0,0,0,67568.96,0.0603,low,0.0
CUST011493,833,excellent,89.52,99.65,88.54,48.28,94.32,88.7674,0.08,13,0,0,0,0,0,1,1,182619.45,0.5417,low,0.5
CUST011494,804,excellent,96.02,76.47,86.31,53.53,90.95,83.9411,12.29,18,0,0,0,0,0,1,2,233564.92,0.9029,low,0.3333
CUST011495,815,excellent,85.8,95.97,89.31,40.91,94.74,85.7812,1.32,13,0,0,0,0,0,0,6,114777.5,0.069,low,0.0
CUST011496,698,risky,42.31,88.58,89.08,48.6,66.54,66.2572,5.42,15,2,4,0,0,0,0,0,71170.3,0.1837,low,0.0
CUST011497,831,excellent,94.9,93.65,85.93,61.86,80.78,88.4635,6.91,17,1,0,0,0,0,1,1,138432.93,0.5468,low,0.5
CUST011498,790,excellent,87.59,88.69,60.94,56.89,95.68,81.6634,2.66,4,0,0,0,0,0,1,6,32369.25,0.9673,low,0.1429
CUST011499,591,high_risk,13.72,88.15,47.34,74.89,36.6,48.499,7.85,1,5,4,0,0,0,1,1,121131.02,1.386,low,0.5
CUST011500,810,excellent,96.28,89.51,74.6,38.99,93.91,85.0297,13.33,9,0,0,0,0,0,0,7,120642.64,0.1136,low,0.0
CUST011501,806,excellent,98.21,92.72,57.06,40.93,95.3,84.3718,8.85,2,0,0,0,0,0,0,7,63759.15,0.1499,low,0.0
CUST011502,778,excellent,89.31,79.06,90.89,30.52,80.3,79.6933,13.72,14,1,0,0,0,0,0,2,252391.07,0.1477,low,0.0
CUST011503,858,excellent,98.65,95.93,83.8,72.19,99.84,93.0774,2.49,6,0,0,0,0,0,1,1,211256.55,0.946,low,0.5
CUST011504,663,risky,45.28,99.63,16.17,35.21,87.78,60.4609,6.62,0,1,4,0,0,0,0,3,62046.28,0.2021,low,0.0
CUST011505,795,excellent,89.38,76.56,94.59,42.67,98.16,82.5211,11.23,14,0,0,0,0,0,0,7,312125.19,0.0879,low,0.0
CUST011506,811,excellent,85.29,97.73,72.78,67.46,83.27,85.16,2.11,5,1,0,0,0,0,1,2,73853.99,0.7822,low,0.3333
CUST011507,765,excellent,96.62,78.06,45.97,35.18,98.57,77.505,11.05,2,0,0,0,0,0,0,7,383921.07,0.0664,low,0.0
CUST011508,819,excellent,89.72,82.01,98.91,66.81,90.01,86.5245,12.97,20,0,0,0,0,0,1,2,39541.8,0.4787,low,0.3333
CUST011509,786,excellent,93.76,69.78,84.49,63.75,81.81,80.9794,49.48,6,1,0,0,0,0,1,0,210511.23,0.8155,low,0.5
CUST011510,683,risky,43.52,80.72,81.03,37.8,84.41,63.8204,12.54,6,1,3,0,0,0,0,4,14134.2,0.057,low,0.0
CUST011511,801,excellent,90.12,80.27,92.2,57.09,82.68,83.4297,12.14,20,1,0,0,0,0,1,4,80295.45,0.9199,low,0.2
CUST011512,704,good,49.96,86.75,91.48,37.56,62.66,67.2543,10.39,12,3,1,0,0,0,0,6,115707.49,0.1736,low,0.0
CUST011513,760,excellent,92.62,84.77,30.77,46.51,95.9,76.7056,14.41,1,0,0,0,0,0,0,2,93579.81,0.0295,low,0.0
CUST011514,810,excellent,89.44,89.46,87.4,42.65,94.8,84.9979,2.25,11,0,0,0,0,0,0,3,33045.79,0.0785,low,0.0
CUST011515,832,excellent,94.67,89.92,63.85,94.53,95.95,88.7362,9.66,3,0,0,0,0,0,2,7,162572.59,0.6965,low,0.2222
CUST011516,746,good,60.11,93.29,87.89,73.53,47.78,74.3414,7.47,15,3,3,0,0,0,1,6,91197.66,0.8869,low,0.1429
CUST011517,602,high_risk,17.14,83.64,66.31,63.47,39.71,50.3574,13.66,5,5,7,0,0,0,1,4,216877.24,1.9839,moderate,0.2
CUST011518,590,high_risk,13.51,94.44,32.47,45.44,58.07,48.2799,1.2,0,4,5,1,1,1,0,1,738553.05,0.4589,low,0.0
CUST011519,716,good,58.5,89.48,78.8,42.05,60.44,69.3866,3.7,7,3,1,0,0,0,0,2,161921.67,0.2044,low,0.0
CUST011520,625,high_risk,24.75,82.81,82.98,39.92,41.83,54.1272,13.92,6,4,3,0,0,1,0,3,277301.71,0.6342,low,0.0
CUST011521,778,excellent,88.4,97.85,32.98,47.07,97.93,79.7418,2.3,0,0,0,0,0,0,0,0,132308.84,0.0204,low,0.0
CUST011522,832,excellent,95.32,89.13,90.76,56.13,93.99,88.7281,13.8,10,0,0,0,0,0,1,0,23064.18,0.3431,low,0.5
CUST011523,792,excellent,72.92,99.95,90.03,36.47,93.26,81.9839,5.75,10,0,1,0,0,0,0,7,113364.97,0.043,low,0.0
CUST011524,698,risky,44.14,91.6,74.85,40.34,81.97,66.3855,3.31,8,1,3,0,0,0,0,6,128228.35,0.1957,low,0.0
CUST011525,772,excellent,87.48,98.15,32.71,39.75,97.5,78.6963,9.36,1,0,0,0,0,0,0,5,15748.27,0.1439,low,0.0
CUST011526,694,risky,40.18,99.44,85.22,35.2,54.11,65.6078,3.46,15,3,4,0,0,0,0,0,113029.09,0.089,low,0.0
CUST011527,823,excellent,96.9,90.01,80.77,49.39,91.14,87.0862,1.17,5,1,0,0,0,0,0,4,100926.14,0.0271,low,0.0
CUST011528,756,excellent,86.21,75.12,67.03,43.02,88.76,75.944,14.64,7,1,0,0,0,0,0,7,23668.4,0.1349,low,0.0
CUST011529,780,excellent,97.79,88.19,45.6,33.11,92.24,80.0597,4.93,2,0,0,0,0,0,0,7,34927.45,0.1197,low,0.0
CUST011530,784,excellent,91.92,65.64,98.86,65.06,74.41,80.6416,36.22,13,2,0,0,0,0,1,7,97434.31,0.6658,low,0.125
CUST011531,844,excellent,90.97,94.43,92.08,68.64,97.93,90.6368,0.8,10,0,0,0,0,0,1,1,46182.11,0.6144,low,0.5
CUST011532,817,excellent,94.23,97.95,57.65,56.63,94.39,86.1152,3.6,2,0,0,0,0,0,1,6,1140864.19,0.6341,low,0.1429
CUST011533,835,excellent,94.44,96.25,99.29,32.28,91.48,89.1959,8.08,15,1,0,0,0,0,0,3,40256.88,0.1331,low,0.0
CUST011534,745,good,88.42,64.87,54.14,59.25,96.57,74.1103,31.55,4,0,0,0,0,0,0,7,60182.9,0.1114,low,0.0
CUST011535,810,excellent,97.56,79.7,93.04,62.07,67.73,84.9936,14.8,12,2,0,0,0,0,0,4,69823.72,0.1442,low,0.0
CUST011536,622,high_risk,8.32,99.24,65.53,47.66,63.23,53.6037,0.57,6,3,6,1,1,1,0,5,225056.52,0.2689,low,0.0
CUST011537,644,high_risk,53.19,83.39,16.18,34.94,78.24,57.3793,12.61,0,2,1,0,0,0,0,4,145248.56,0.0221,low,0.0
CUST011538,821,excellent,96.99,89.82,83.29,45.09,88.63,86.7559,4.7,5,1,0,0,0,0,0,2,128539.84,0.1224,low,0.0
CUST011539,709,good,57.9,99.81,66.89,39.79,40.16,68.2365,7.94,6,3,4,0,0,0,0,3,165716.09,0.047,low,0.0
CUST011540,803,excellent,95.0,94.42,55.31,45.29,93.79,83.7805,9.92,3,0,0,0,0,0,0,4,84946.7,0.0539,low,0.0
CUST011541,611,high_risk,27.19,85.24,57.74,39.6,40.94,51.8039,11.07,2,4,3,0,0,1,0,5,400763.05,0.5449,low,0.0
CUST011542,682,risky,45.12,93.43,71.13,36.85,55.67,63.7432,3.66,7,4,4,0,0,0,0,0,140233.0,0.1401,low,0.0
CUST011543,778,excellent,67.52,97.6,91.59,32.5,97.83,79.6838,5.28,20,0,1,0,0,0,0,2,100607.79,0.1581,low,0.0
CUST011544,854,excellent,92.74,98.4,98.01,63.28,93.3,92.3395,6.48,14,0,0,0,0,0,1,0,55171.18,0.8565,low,0.5
CUST011545,832,excellent,76.34,98.44,98.25,82.33,94.48,88.671,5.15,14,0,1,0,0,0,2,7,17053.37,0.9706,low,0.2222
CUST011546,752,excellent,68.65,88.39,86.1,31.11,87.68,75.3391,0.73,15,1,1,0,0,0,0,5,79526.7,0.0472,low,0.0
CUST011547,726,good,92.04,50.9,67.95,51.5,82.5,71.0775,58.21,8,1,0,0,0,0,0,4,654073.07,0.1011,low,0.0
CUST011548,800,excellent,75.12,96.96,96.35,35.77,98.5,83.2597,5.32,19,0,1,0,0,0,0,2,54749.42,0.1638,low,0.0
CUST011549,802,excellent,87.55,98.29,76.52,37.93,83.49,83.7472,6.13,6,1,0,0,0,0,0,0,292406.04,0.1013,low,0.0
CUST011550,765,excellent,91.4,95.83,27.59,38.13,88.83,77.5742,1.26,0,1,0,0,0,0,0,3,98536.18,0.09,low,0.0
CUST011551,683,risky,45.41,85.39,89.7,35.26,52.99,63.793,14.07,12,3,4,0,0,0,0,5,504324.02,0.1357,low,0.0
CUST011552,775,excellent,90.84,98.46,32.6,30.3,98.8,79.1333,5.63,0,0,0,0,0,0,0,5,183793.51,0.0073,low,0.0
CUST011553,612,high_risk,15.24,90.41,61.97,70.97,40.95,51.9444,8.33,4,4,4,0,0,0,1,5,34111.0,2.0674,moderate,0.1667
CUST011554,795,excellent,89.82,99.25,58.38,31.26,93.25,82.421,3.17,2,0,0,0,0,0,0,0,531358.61,0.109,low,0.0
CUST011555,781,excellent,65.67,97.99,87.32,49.77,97.13,80.1684,4.03,12,0,1,0,0,0,0,6,87647.54,0.1456,low,0.0
CUST011556,625,high_risk,12.1,98.16,87.0,44.56,29.43,54.1316,3.27,10,5,3,0,0,0,0,7,696702.67,0.5996,low,0.0
CUST011557,801,excellent,85.02,76.06,97.23,64.52,98.24,83.438,10.07,16,0,0,0,0,0,1,4,258689.31,0.4215,low,0.2
CUST011558,838,excellent,93.07,95.85,74.59,72.05,99.07,89.6291,4.45,8,0,0,0,0,0,1,4,286399.15,0.9795,low,0.2
CUST011559,825,excellent,93.61,92.18,99.28,35.36,87.12,87.5585,2.72,11,1,0,0,0,0,0,1,100933.46,0.0199,low,0.0
CUST011560,795,excellent,99.46,78.71,67.39,46.94,93.3,82.5568,12.15,5,0,0,0,0,0,0,5,200117.94,0.008,low,0.0
CUST011561,579,high_risk,24.95,85.51,19.96,47.44,42.95,46.4196,14.36,0,3,3,0,0,1,0,5,53162.27,0.5639,low,0.0
CUST011562,708,good,50.74,97.29,73.53,30.72,70.03,68.0517,7.77,9,2,4,0,0,0,0,2,172857.47,0.0565,low,0.0
CUST011563,787,excellent,94.26,87.26,64.23,33.42,90.66,81.2099,12.47,4,0,0,0,0,0,0,6,54001.79,0.0431,low,0.0
CUST011564,740,good,90.12,75.5,43.11,30.58,96.86,73.4054,11.04,1,0,0,0,0,0,0,4,24598.03,0.029,low,0.0
CUST011565,848,excellent,99.9,93.02,82.73,65.6,94.12,91.2538,2.48,5,0,0,0,0,0,1,3,134691.98,0.5559,low,0.25
CUST011566,596,high_risk,0.38,83.89,96.5,49.44,45.64,49.2826,14.01,14,3,1,0,1,1,0,2,428510.44,0.2279,low,0.0
CUST011567,725,good,41.78,98.43,97.05,62.81,68.59,70.8483,5.38,14,2,1,0,0,0,1,1,82672.93,1.4058,low,0.5
CUST011568,799,excellent,92.67,77.59,96.43,38.98,90.15,83.0902,11.15,15,0,0,0,0,0,0,2,438043.66,0.0403,low,0.0
CUST011569,788,excellent,88.56,78.95,90.45,36.88,93.71,81.3059,10.46,19,0,0,0,0,0,0,4,190671.46,0.1268,low,0.0
CUST011570,703,good,62.55,83.88,64.47,31.11,73.83,67.2208,12.98,4,2,3,0,0,0,0,0,184630.33,0.2057,low,0.0
CUST011571,786,excellent,90.81,88.87,63.16,33.89,96.88,80.9937,4.53,2,0,0,0,0,0,0,2,94039.11,0.1198,low,0.0
CUST011572,815,excellent,97.59,98.34,49.2,66.59,80.95,85.7901,3.2,2,1,0,0,0,0,1,6,91317.74,0.6028,low,0.1429
CUST011573,822,excellent,95.96,88.04,96.0,30.35,94.92,86.9242,10.33,11,0,0,0,0,0,0,5,123792.24,0.1485,low,0.0
CUST011574,802,excellent,86.28,91.86,67.8,76.29,80.55,83.6113,1.19,7,1,0,0,0,0,1,5,220085.68,0.705,low,0.1667
CUST011575,812,excellent,89.0,92.62,82.76,40.12,99.65,85.326,4.1,8,0,0,0,0,0,0,6,56012.06,0.1645,low,0.0
CUST011576,809,excellent,95.34,81.95,81.11,55.63,91.64,84.8467,12.87,6,1,0,0,0,0,1,5,60143.18,0.9387,low,0.1667
CUST011577,776,excellent,95.21,82.29,49.14,48.52,90.41,79.2744,12.23,3,0,0,0,0,0,0,6,130736.15,0.0513,low,0.0
CUST011578,690,risky,40.31,98.68,70.08,31.24,75.74,64.9213,7.63,5,2,2,0,0,0,0,1,46194.13,0.0202,low,0.0
CUST011579,811,excellent,86.08,97.0,75.09,66.71,80.76,85.239,8.67,7,1,0,0,0,0,1,4,18582.44,0.9313,low,0.2
CUST011580,771,excellent,76.82,84.92,73.06,67.44,83.5,78.4171,16.84,8,1,0,0,0,0,1,4,83627.47,0.9849,low,0.2
CUST011581,802,excellent,95.77,83.31,95.49,37.32,70.89,83.6558,12.59,17,2,0,0,0,0,0,3,138675.02,0.1092,low,0.0
CUST011582,783,excellent,93.78,64.99,87.48,55.67,94.76,80.4839,37.06,12,0,0,0,0,0,1,3,46584.4,0.5221,low,0.25
CUST011583,785,excellent,85.11,94.08,70.0,48.79,74.6,80.8529,7.18,8,2,0,0,0,0,0,4,119519.84,0.107,low,0.0
CUST011584,785,excellent,86.33,89.56,69.62,41.31,92.47,80.9059,5.42,7,0,0,0,0,0,0,1,111684.1,0.087,low,0.0
CUST011585,832,excellent,88.24,88.38,97.3,66.71,99.35,88.5971,4.11,14,0,0,0,0,0,1,6,36996.82,0.8483,low,0.1429
CUST011586,839,excellent,94.74,93.59,90.39,59.54,90.1,89.7604,1.15,15,1,0,0,0,0,1,0,32817.57,0.9943,low,0.5
CUST011587,804,excellent,91.98,75.31,99.52,48.08,95.25,84.047,10.69,11,0,0,0,0,0,0,1,12149.9,0.0397,low,0.0
CUST011588,823,excellent,93.66,89.43,74.25,67.29,97.75,87.2484,5.94,9,0,0,0,0,0,1,3,45459.03,0.5917,low,0.25
CUST011589,628,high_risk,14.1,96.92,72.66,79.88,28.4,54.7399,1.92,7,6,4,0,0,0,1,3,62696.66,1.4337,low,0.25
CUST011590,727,good,58.16,96.41,61.6,37.88,89.35,71.2408,2.5,3,1,1,0,0,0,0,5,35843.01,0.1865,low,0.0
CUST011591,785,excellent,88.22,72.68,81.44,64.19,95.16,80.8296,48.56,7,0,0,0,0,0,1,6,17549.53,0.8962,low,0.1429
CUST011592,686,risky,44.17,78.52,83.13,45.19,83.28,64.3296,13.4,8,1,4,0,0,0,0,2,84620.23,0.1679,low,0.0
CUST011593,608,high_risk,22.2,94.22,26.41,46.12,67.76,51.3851,2.82,0,2,4,0,0,1,0,7,26775.32,0.2379,low,0.0
CUST011594,662,risky,27.95,88.02,95.34,30.87,68.09,60.3843,9.14,10,2,8,0,0,1,0,7,482897.94,0.2199,low,0.0
CUST011595,700,good,42.71,88.66,89.44,62.03,54.18,66.5833,3.35,17,3,3,0,0,0,1,4,15265.27,0.9095,low,0.2
CUST011596,724,good,41.03,97.6,96.15,45.74,80.89,70.7237,0.98,17,1,2,0,0,0,0,6,80605.81,0.0535,low,0.0
CUST011597,798,excellent,89.55,88.51,54.03,75.47,95.33,83.0812,12.02,4,0,0,0,0,0,1,5,105437.37,0.7291,low,0.1667
CUST011598,811,excellent,91.57,98.6,67.64,41.88,91.9,85.1547,0.12,5,1,0,0,0,0,0,4,42076.38,0.1051,low,0.0
CUST011599,843,excellent,97.58,94.47,91.3,45.3,98.34,90.5531,0.62,10,0,0,0,0,0,1,7,95216.87,0.4549,low,0.125
CUST011600,730,good,52.64,85.33,86.41,61.87,84.99,71.6683,11.39,15,1,4,0,0,0,1,1,617229.12,0.7779,low,0.5
CUST011601,797,excellent,90.21,89.76,85.23,42.39,73.1,82.8346,7.07,14,2,0,0,0,0,0,2,26439.15,0.1648,low,0.0
CUST011602,759,excellent,87.93,63.77,71.87,58.29,99.15,76.4321,38.19,8,0,0,0,0,0,0,7,198106.14,0.0972,low,0.0
CUST011603,695,risky,55.43,69.58,71.92,76.27,80.97,65.787,41.89,9,1,2,0,0,0,1,0,53654.5,1.0595,low,0.5
CUST011604,804,excellent,79.64,88.59,87.06,69.86,95.62,84.0602,5.74,10,0,0,0,0,0,1,7,56696.69,0.9365,low,0.125
CUST011605,834,excellent,98.02,96.98,86.97,49.8,75.89,89.0141,1.52,15,2,0,0,0,0,0,4,82528.75,0.0652,low,0.0
CUST011606,822,excellent,96.07,90.59,73.76,55.93,95.75,87.0315,0.39,8,0,0,0,0,0,1,1,130956.99,0.9628,low,0.5
CUST011607,807,excellent,96.8,90.94,66.47,39.2,94.12,84.4639,2.74,8,0,0,0,0,0,0,4,17946.19,0.0996,low,0.0
CUST011608,846,excellent,91.86,99.03,89.68,67.03,89.4,90.9527,2.48,20,1,0,0,0,0,1,4,74347.94,0.4902,low,0.2
CUST011609,620,high_risk,13.95,90.52,55.98,65.27,74.17,53.379,7.94,4,2,5,0,0,0,1,0,74392.28,1.2572,low,0.5
CUST011610,777,excellent,88.65,84.68,62.2,41.23,96.09,79.4934,14.74,3,0,0,0,0,0,0,0,120185.09,0.115,low,0.0
CUST011611,780,excellent,73.5,93.3,84.75,38.76,97.15,80.0205,6.84,7,0,1,0,0,0,0,1,21752.11,0.0772,low,0.0
CUST011612,822,excellent,91.86,89.3,96.3,36.76,98.88,86.9466,6.71,15,0,0,0,0,0,0,1,134236.04,0.1445,low,0.0
CUST011613,841,excellent,95.65,87.27,95.16,68.36,94.13,90.1806,14.61,20,0,0,0,0,0,1,5,88462.77,0.67,low,0.1667
CUST011614,847,excellent,99.02,90.97,81.69,80.7,88.99,91.1706,5.89,7,1,0,0,0,0,2,1,71693.24,0.6466,low,0.6667
CUST011615,788,excellent,95.68,82.82,47.91,62.16,96.26,81.3597,10.43,1,0,0,0,0,0,1,6,142651.41,0.6692,low,0.1429
CUST011616,844,excellent,98.36,90.05,99.52,43.36,99.13,90.6172,6.15,15,0,0,0,0,0,0,7,28413.24,0.0083,low,0.0
CUST011617,773,excellent,87.7,79.01,67.41,58.84,84.66,78.8559,13.41,8,1,0,0,0,0,1,1,85725.43,0.8433,low,0.5
CUST011618,704,good,43.02,97.74,84.13,42.71,60.9,67.3616,2.04,9,3,1,0,0,0,0,5,70117.77,0.1124,low,0.0
CUST011619,833,excellent,92.75,96.08,95.64,42.36,90.24,88.8905,1.25,11,0,0,0,0,0,0,3,49131.48,0.1633,low,0.0
CUST011620,831,excellent,95.55,97.39,82.31,36.35,98.89,88.5302,2.78,5,0,0,0,0,0,0,3,135825.86,0.116,low,0.0
CUST011621,797,excellent,94.82,92.94,53.2,69.15,68.21,82.7874,7.82,4,2,0,0,0,0,1,1,206364.8,0.7111,low,0.5
CUST011622,770,excellent,85.4,86.55,48.57,55.44,96.12,78.2973,13.55,3,0,0,0,0,0,1,2,251132.5,0.7537,low,0.3333
CUST011623,829,excellent,99.89,93.05,89.82,35.95,82.9,88.2355,2.19,18,1,0,0,0,0,0,4,190722.72,0.0676,low,0.0
CUST011624,761,excellent,89.46,95.05,22.83,40.05,95.87,76.8457,0.03,0,0,0,0,0,0,0,0,417594.7,0.0947,low,0.0
CUST011625,747,good,85.13,97.76,17.01,46.79,82.06,74.5622,9.83,0,1,0,0,0,0,0,2,613314.92,0.1522,low,0.0
CUST011626,832,excellent,93.65,93.18,87.99,49.49,97.11,88.5926,1.15,16,0,0,0,0,0,0,4,140548.09,0.0047,low,0.0
CUST011627,639,high_risk,19.01,86.46,88.02,49.96,56.28,56.4221,13.57,16,3,3,0,0,1,0,7,87276.06,0.5757,low,0.0
CUST011628,734,good,88.47,79.7,29.42,39.34,91.61,72.3842,10.21,0,1,0,0,0,0,0,3,58157.26,0.0425,low,0.0
CUST011629,827,excellent,96.15,84.72,87.88,67.57,89.06,87.9141,13.2,15,1,0,0,0,0,1,3,40067.92,0.4145,low,0.25
CUST011630,753,excellent,90.52,84.31,46.23,30.61,85.48,75.5185,12.35,1,1,0,0,0,0,0,5,24409.35,0.0329,low,0.0
CUST011631,717,good,60.71,91.38,47.79,45.37,90.66,69.4353,6.92,1,1,4,0,0,0,0,4,60689.84,0.0362,low,0.0
CUST011632,788,excellent,66.95,91.14,96.98,78.4,81.17,81.2768,1.51,17,1,1,0,0,0,1,5,174843.9,0.8198,low,0.1667
CUST011633,815,excellent,93.55,91.17,63.12,70.5,92.7,85.8843,5.56,3,0,0,0,0,0,1,0,267756.48,0.8221,low,0.5
CUST011634,658,risky,25.0,92.59,86.38,72.65,38.85,59.633,2.94,11,6,3,0,0,0,1,0,72905.84,1.2202,low,0.5
CUST011635,777,excellent,91.37,99.23,32.69,42.01,86.33,79.4876,8.21,1,1,0,0,0,0,0,6,357435.43,0.1033,low,0.0
CUST011636,820,excellent,85.14,94.38,84.08,59.22,99.84,86.6341,8.59,5,0,0,0,0,0,1,6,96305.85,0.4775,low,0.1429
CUST011637,837,excellent,92.67,83.11,99.0,82.61,90.11,89.4892,13.71,13,0,0,0,0,0,2,4,152411.34,0.5546,low,0.3333
CUST011638,789,excellent,87.25,86.06,49.37,78.57,98.63,81.4795,12.45,3,0,0,0,0,0,1,6,100929.2,0.9666,low,0.1429
CUST011639,645,high_risk,33.77,78.01,82.85,63.91,43.8,57.4223,11.55,8,3,4,0,0,0,1,2,99878.13,1.3003,low,0.3333
CUST011640,818,excellent,92.14,89.05,87.1,47.32,94.92,86.2538,4.06,14,0,0,0,0,0,1,5,159431.01,0.7009,low,0.1667
CUST011641,800,excellent,92.96,91.45,48.84,64.19,96.97,83.4144,6.17,4,0,0,0,0,0,1,2,630075.86,0.4015,low,0.3333
CUST011642,768,excellent,75.29,88.26,60.21,65.07,95.56,77.9241,0.78,4,0,0,0,0,0,1,1,266396.25,0.5324,low,0.5
CUST011643,758,excellent,95.27,80.71,38.59,37.86,91.91,76.3226,13.75,1,1,0,0,0,0,0,7,20911.95,0.0324,low,0.0
CUST011644,782,excellent,91.57,81.43,67.55,46.84,90.36,80.3292,11.21,7,1,0,0,0,0,0,7,39615.82,0.0683,low,0.0
CUST011645,802,excellent,92.2,88.87,65.61,55.6,93.29,83.6608,7.6,7,0,0,0,0,0,1,7,54806.35,0.6415,low,0.125
CUST011646,817,excellent,94.27,95.8,71.51,45.57,90.81,86.0988,9.87,7,1,0,0,0,0,1,3,125111.14,0.7954,low,0.25
CUST011647,665,risky,46.07,92.83,38.78,31.32,79.13,60.8325,8.71,1,2,1,0,0,0,0,1,233043.9,0.0105,low,0.0
CUST011648,831,excellent,90.65,89.13,95.68,64.48,92.78,88.5463,0.35,11,0,0,0,0,0,1,1,33677.81,0.7565,low,0.5
CUST011649,616,high_risk,23.54,93.62,67.23,32.55,30.33,52.6963,3.45,7,5,7,0,0,1,0,6,61240.43,0.5625,low,0.0
CUST011650,787,excellent,97.65,96.81,25.52,48.18,92.95,81.1623,3.9,0,0,0,0,0,0,1,5,128098.94,0.422,low,0.1667
CUST011651,802,excellent,96.82,96.89,55.19,33.04,90.89,83.6273,8.95,2,1,0,0,0,0,0,0,42830.28,0.1438,low,0.0
CUST011652,791,excellent,88.81,97.5,49.52,42.35,98.37,81.8329,5.52,2,0,0,0,0,0,0,4,132852.34,0.0138,low,0.0
CUST011653,818,excellent,95.34,88.27,84.53,47.36,91.09,86.3752,10.55,5,0,0,0,0,0,1,7,23985.06,0.5382,low,0.125
CUST011654,613,high_risk,6.25,99.84,74.97,77.54,20.28,52.1674,7.13,5,5,5,1,0,0,1,4,124257.39,1.4951,low,0.2
CUST011655,751,excellent,95.25,78.19,31.0,45.44,91.19,75.1093,14.33,0,0,0,0,0,0,0,0,113444.23,0.0502,low,0.0
CUST011656,738,good,64.77,91.07,75.47,37.35,79.15,72.9607,5.81,9,2,2,0,0,0,0,6,58760.23,0.2054,low,0.0
CUST011657,637,high_risk,24.6,94.38,66.26,30.25,63.61,56.2475,5.61,7,3,5,0,0,1,0,1,400849.78,0.6107,low,0.0
CUST011658,680,risky,35.14,82.67,88.98,47.79,80.34,63.2614,10.75,18,1,4,0,0,0,0,7,1513059.66,0.1707,low,0.0
CUST011659,854,excellent,98.73,94.93,95.02,65.32,84.82,92.3008,0.43,19,1,0,0,0,0,1,5,148438.38,0.873,low,0.1667
CUST011660,759,excellent,64.97,99.53,77.66,47.68,74.11,76.4252,3.58,9,2,3,0,0,0,0,0,34261.86,0.0765,low,0.0
CUST011661,819,excellent,93.62,98.61,82.33,41.02,76.21,86.4226,5.96,5,2,0,0,0,0,0,7,130267.53,0.0553,low,0.0
CUST011662,821,excellent,99.86,94.71,70.51,43.24,85.81,86.8456,8.1,9,1,0,0,0,0,0,0,58279.03,0.1199,low,0.0
CUST011663,769,excellent,86.7,76.95,81.51,32.01,92.78,78.137,10.11,5,0,0,0,0,0,0,7,180642.96,0.0782,low,0.0
CUST011664,755,excellent,89.94,65.98,49.05,75.33,97.05,75.8668,44.89,1,0,0,0,0,0,1,3,54811.42,0.9612,low,0.25
CUST011665,802,excellent,88.16,99.06,86.82,30.21,70.36,83.654,9.85,19,2,0,0,0,0,0,1,21832.46,0.0023,low,0.0
CUST011666,831,excellent,98.07,89.12,93.53,49.64,84.29,88.4841,1.61,10,1,0,0,0,0,0,1,245886.06,0.1517,low,0.0
CUST011667,816,excellent,96.14,88.48,70.4,55.46,96.27,85.9252,10.48,8,0,0,0,0,0,1,2,418070.82,0.6638,low,0.3333
CUST011668,792,excellent,85.59,79.71,98.86,36.77,96.16,81.9911,12.72,17,0,0,0,0,0,0,5,108490.09,0.0055,low,0.0
CUST011669,761,excellent,88.74,93.6,21.38,47.4,96.74,76.7597,5.06,0,0,0,0,0,0,0,7,231041.37,0.1424,low,0.0
CUST011670,825,excellent,85.25,95.58,85.16,62.08,99.56,87.4482,8.27,13,0,0,0,0,0,1,1,47331.01,0.9942,low,0.5
CUST011671,774,excellent,86.62,72.46,78.06,56.71,96.29,79.063,36.88,8,0,0,0,0,0,0,3,333395.59,0.0959,low,0.0
CUST011672,827,excellent,86.1,99.14,93.1,49.69,89.55,87.7666,2.04,12,1,0,0,0,0,0,2,207123.45,0.1086,low,0.0
CUST011673,614,high_risk,11.82,82.46,87.57,47.2,56.44,52.3729,11.4,10,4,5,0,1,1,0,3,529525.85,0.4203,low,0.0
CUST011674,629,high_risk,34.1,76.67,57.3,37.29,75.31,54.7913,12.95,2,2,1,0,0,0,0,1,396087.91,0.2248,low,0.0
CUST011675,791,excellent,75.69,88.15,91.13,62.26,90.64,81.8968,9.94,18,0,1,0,0,0,1,6,18743.31,0.4959,low,0.1429
CUST011676,775,excellent,64.57,95.6,91.59,42.62,98.22,79.0997,1.04,13,0,3,0,0,0,0,4,334676.85,0.0333,low,0.0
CUST011677,803,excellent,95.94,88.68,78.18,38.07,81.54,83.8711,6.92,6,1,0,0,0,0,0,6,64889.16,0.1244,low,0.0
CUST011678,789,excellent,96.4,82.12,57.21,71.21,73.53,81.4337,24.26,2,2,0,0,0,0,1,5,169504.12,0.5376,low,0.1667
CUST011679,789,excellent,73.29,92.27,92.83,45.54,97.61,81.5716,5.08,20,0,0,0,0,0,0,0,53481.04,0.0589,low,0.0
CUST011680,666,risky,33.86,90.04,83.73,47.68,47.83,60.9735,7.36,6,4,3,0,0,0,0,0,53225.4,0.0959,low,0.0
CUST011681,839,excellent,99.52,92.79,93.64,31.98,99.15,89.8285,4.78,11,0,0,0,0,0,0,0,19647.73,0.0315,low,0.0
CUST011682,629,high_risk,22.4,88.23,99.92,31.97,24.19,54.9105,11.63,11,6,5,0,0,1,0,4,109242.63,0.4137,low,0.0
CUST011683,818,excellent,89.91,89.52,89.44,46.2,99.61,86.3236,7.61,12,0,0,0,0,0,1,1,47173.96,0.6827,low,0.5
CUST011684,813,excellent,85.25,91.17,95.73,46.46,93.07,85.5034,9.07,14,0,0,0,0,0,1,2,104625.17,0.827,low,0.3333
CUST011685,-1,no_history,67.36,91.28,24.03,43.47,76.69,66.5819,8.91,0,2,1,0,0,0,0,3,214713.68,0.027,low,0.0
CUST011686,810,excellent,91.39,89.96,67.36,62.94,96.69,85.0396,14.56,5,0,0,0,0,0,1,0,105699.23,0.5423,low,0.5
CUST011687,806,excellent,94.28,89.63,81.29,38.63,83.53,84.2988,3.53,6,1,0,0,0,0,0,7,34473.65,0.1321,low,0.0
CUST011688,736,good,92.36,77.21,19.12,42.66,99.85,72.6085,12.38,0,0,0,0,0,0,0,0,225580.76,0.0047,low,0.0
CUST011689,815,excellent,96.44,92.95,74.22,31.31,98.96,85.8018,8.38,8,0,0,0,0,0,0,6,272145.28,0.1535,low,0.0
CUST011690,773,excellent,91.58,83.88,58.88,30.01,98.53,78.9021,12.57,4,0,0,0,0,0,0,1,53070.61,0.0031,low,0.0
CUST011691,694,risky,66.94,85.24,31.81,30.26,87.89,65.5905,14.18,1,1,0,0,0,0,0,0,53922.3,0.0998,low,0.0
CUST011692,699,risky,60.98,97.97,32.26,33.9,75.62,66.5265,2.09,1,2,3,0,0,0,0,1,141922.03,0.2141,low,0.0
CUST011693,640,high_risk,9.41,94.62,92.1,46.84,65.29,56.7069,4.16,20,2,3,0,1,1,0,2,46091.9,0.6589,low,0.0
CUST011694,836,excellent,97.84,90.15,99.4,42.89,88.42,89.3307,4.42,20,1,0,0,0,0,0,4,115480.26,0.1613,low,0.0
CUST011695,689,risky,57.39,92.69,62.99,37.67,37.94,64.9045,1.62,3,5,4,0,0,0,0,5,14519.56,0.0089,low,0.0
CUST011696,813,excellent,87.91,94.99,58.44,75.83,99.0,85.5161,7.18,2,0,0,0,0,0,1,3,77120.35,0.3345,low,0.25
CUST011697,786,excellent,87.32,88.02,48.87,67.75,99.51,81.0234,1.99,4,0,0,0,0,0,1,5,33923.07,0.8963,low,0.1667
CUST011698,787,excellent,98.47,94.47,29.04,43.5,97.18,81.2287,9.62,0,0,0,0,0,0,0,7,36979.26,0.024,low,0.0
CUST011699,835,excellent,91.21,88.02,90.49,72.71,99.77,89.1486,7.55,13,0,0,0,0,0,1,1,99462.55,0.7392,low,0.5
CUST011700,668,risky,26.35,97.16,85.15,45.87,55.52,61.2807,1.02,13,3,2,0,0,0,0,1,44749.13,0.1828,low,0.0
CUST011701,761,excellent,95.43,81.22,31.0,46.71,97.28,76.8141,10.9,1,0,0,0,0,0,0,0,151380.31,0.0042,low,0.0
CUST011702,787,excellent,86.4,77.83,99.47,45.53,80.63,81.1231,13.2,14,1,0,0,0,0,0,3,135739.72,0.1246,low,0.0
CUST011703,821,excellent,92.2,99.74,88.52,31.99,81.19,86.7882,4.04,12,1,0,0,0,0,0,3,108567.47,0.0042,low,0.0
CUST011704,744,good,68.34,84.65,80.77,32.25,94.08,74.0655,13.73,5,0,1,0,0,0,0,0,258268.34,0.1242,low,0.0
CUST011705,833,excellent,94.53,92.36,92.34,62.6,79.86,88.8912,3.41,10,2,0,0,0,0,1,0,46118.28,0.5379,low,0.5
CUST011706,833,excellent,85.34,88.21,92.99,85.82,99.73,88.8361,13.92,15,0,0,0,0,0,2,0,197233.39,0.636,low,0.6667
CUST011707,803,excellent,94.94,89.47,70.19,61.36,70.81,83.8163,6.94,7,2,0,0,0,0,1,6,81444.93,0.4044,low,0.1429
CUST011708,798,excellent,86.49,99.5,69.03,46.78,78.75,83.0274,1.9,6,2,0,0,0,0,0,2,28402.72,0.0653,low,0.0
CUST011709,814,excellent,87.07,95.48,73.23,60.66,94.84,85.6513,6.73,7,0,0,0,0,0,1,3,201380.84,0.7946,low,0.25
CUST011710,829,excellent,94.09,96.92,81.94,44.4,94.18,88.1557,4.31,5,0,0,0,0,0,0,1,114677.76,0.0437,low,0.0
CUST011711,805,excellent,94.7,90.1,49.63,75.76,90.11,84.2082,2.17,2,1,0,0,0,0,1,7,272303.15,0.9913,low,0.125
CUST011712,724,good,44.76,97.44,93.65,45.02,71.88,70.6354,5.87,12,2,4,0,0,0,0,3,33912.23,0.113,low,0.0
CUST011713,633,high_risk,17.93,88.21,76.31,63.01,59.78,55.4651,5.47,9,4,4,0,0,0,1,2,321153.05,2.0528,moderate,0.3333
CUST011714,807,excellent,92.99,76.53,77.51,75.24,97.95,84.4521,11.7,5,0,0,0,0,0,1,6,74980.7,0.4675,low,0.1429
CUST011715,796,excellent,94.87,78.56,78.7,42.69,98.58,82.7028,12.09,8,0,0,0,0,0,0,1,142367.28,0.124,low,0.0
CUST011716,795,excellent,91.46,81.68,96.51,46.69,67.73,82.4333,14.91,11,2,0,0,0,0,0,5,83012.31,0.0239,low,0.0
CUST011717,791,excellent,91.34,93.33,47.99,66.88,80.44,81.8978,7.6,1,1,0,0,0,0,1,5,194933.17,0.8196,low,0.1667
CUST011718,676,risky,38.38,91.56,66.58,49.03,68.05,62.5939,9.85,9,2,4,0,0,0,0,3,367286.91,0.1514,low,0.0
CUST011719,806,excellent,91.6,93.73,84.72,31.36,83.12,84.3379,5.32,9,1,0,0,0,0,0,6,34613.26,0.0274,low,0.0
CUST011720,740,good,91.16,36.75,94.79,72.22,90.38,73.4095,55.31,11,1,0,0,0,0,1,6,65406.43,0.5313,low,0.1429
CUST011721,782,excellent,90.03,90.07,55.3,38.42,96.26,80.2948,0.53,4,0,0,0,0,0,0,4,354692.94,0.0475,low,0.0
CUST011722,649,high_risk,29.59,81.08,96.53,36.16,54.38,58.2155,10.23,13,4,4,0,0,1,0,3,111177.83,0.384,low,0.0
CUST011723,819,excellent,96.79,75.5,99.54,55.04,95.54,86.5155,12.79,16,0,0,0,0,0,1,5,89235.39,0.9859,low,0.1667
CUST011724,806,excellent,95.39,86.05,77.05,43.31,91.68,84.2571,11.07,7,0,0,0,0,0,0,7,126442.0,0.0607,low,0.0
CUST011725,616,high_risk,41.0,86.26,16.01,35.18,65.83,52.7307,11.94,0,2,3,0,0,0,0,4,77873.48,0.0655,low,0.0
CUST011726,748,good,97.64,47.45,77.06,52.18,95.63,74.7483,52.48,6,0,0,0,0,0,1,1,232719.35,0.4542,low,0.5
CUST011727,792,excellent,89.26,81.76,85.03,45.62,89.77,82.0615,11.8,16,1,0,0,0,0,0,1,94238.64,0.0454,low,0.0
CUST011728,785,excellent,78.32,86.65,92.46,44.46,91.07,80.8295,14.64,19,0,0,0,0,0,0,5,97795.91,0.0599,low,0.0
CUST011729,543,high_risk,13.71,75.11,51.54,44.46,10.68,40.5768,11.45,4,8,7,0,0,1,0,1,74399.52,0.3558,low,0.0
CUST011730,751,excellent,89.7,91.89,23.76,36.48,90.16,75.1917,4.75,0,1,0,0,0,0,0,7,196282.02,0.1564,low,0.0
CUST011731,790,excellent,97.97,90.06,46.64,38.25,94.58,81.5874,7.01,1,0,0,0,0,0,0,3,91425.16,0.0747,low,0.0
CUST011732,820,excellent,99.8,86.63,66.96,57.65,99.24,86.6522,14.87,5,0,0,0,0,0,1,7,126969.77,0.93,low,0.125
CUST011733,829,excellent,95.28,94.9,52.57,94.68,90.7,88.2393,0.2,3,1,0,0,0,0,2,3,51655.55,0.9187,low,0.4
CUST011734,794,excellent,93.83,96.45,48.43,40.46,91.82,82.2658,1.66,1,1,0,0,0,0,0,0,273443.19,0.0655,low,0.0
CUST011735,813,excellent,92.2,93.39,75.14,49.02,90.92,85.5505,9.81,5,0,0,0,0,0,0,1,76571.94,0.1034,low,0.0
CUST011736,778,excellent,85.54,71.03,95.35,56.17,85.53,79.719,39.04,19,1,0,0,0,0,0,7,51533.66,0.071,low,0.0
CUST011737,584,high_risk,9.02,79.88,74.63,33.37,56.14,47.2684,13.97,7,3,8,1,1,1,0,5,93124.97,0.3722,low,0.0
CUST011738,822,excellent,99.01,91.81,77.61,40.03,91.28,86.9708,5.49,9,0,0,0,0,0,0,1,36731.17,0.1065,low,0.0
CUST011739,694,risky,43.98,81.14,76.83,78.0,76.79,65.7385,13.7,8,2,1,0,0,0,1,7,105259.83,1.1137,low,0.125
CUST011740,852,excellent,87.91,99.07,96.84,74.53,95.39,92.0078,1.03,17,0,0,0,0,0,1,2,308368.02,0.6193,low,0.3333
CUST011741,812,excellent,96.14,75.22,97.65,48.52,96.48,85.3603,11.02,15,0,0,0,0,0,1,1,37629.66,0.5584,low,0.5
CUST011742,821,excellent,98.38,90.54,82.33,36.56,91.59,86.761,4.3,8,1,0,0,0,0,0,6,211509.91,0.103,low,0.0
CUST011743,626,high_risk,43.07,34.35,98.24,66.79,74.67,54.2589,55.46,12,2,2,0,0,0,1,2,23255.54,0.8895,low,0.3333
CUST011744,834,excellent,99.02,89.33,77.29,66.36,92.56,88.9407,9.02,6,0,0,0,0,0,1,0,62751.91,0.3492,low,0.5
CUST011745,672,risky,58.76,97.47,16.93,44.43,52.68,62.0586,0.08,0,3,2,0,0,0,0,5,280112.29,0.1028,low,0.0
CUST011746,698,risky,49.97,82.32,99.47,44.7,48.22,66.3996,13.46,15,3,2,0,0,0,0,5,150088.23,0.133,low,0.0
CUST011747,778,excellent,85.45,79.8,90.01,46.46,77.25,79.719,11.0,14,2,0,0,0,0,0,3,231417.96,0.0605,low,0.0
CUST011748,731,good,89.82,82.63,16.43,33.51,97.18,71.7601,11.83,0,0,0,0,0,0,0,4,50958.17,0.1305,low,0.0
CUST011749,809,excellent,90.49,87.26,79.35,58.44,93.0,84.898,21.39,6,0,0,0,0,0,1,6,46565.68,0.9457,low,0.1429
CUST011750,743,good,54.74,98.07,92.63,33.99,79.41,73.8152,1.07,17,2,3,0,0,0,0,1,61386.21,0.0982,low,0.0
CUST011751,814,excellent,94.09,91.12,76.04,43.57,95.54,85.5845,9.38,9,0,0,0,0,0,0,0,110234.42,0.0855,low,0.0
CUST011752,785,excellent,86.52,87.4,75.37,39.18,91.81,80.9056,12.33,6,1,0,0,0,0,0,5,123482.57,0.1457,low,0.0
CUST011753,786,excellent,92.96,77.01,91.9,33.24,81.74,80.9213,10.71,19,1,0,0,0,0,0,3,154469.12,0.1144,low,0.0
CUST011754,739,good,92.27,34.19,89.78,78.43,92.49,73.1099,52.2,14,0,0,0,0,0,1,0,32888.49,0.4046,low,0.5
CUST011755,825,excellent,96.15,84.19,98.22,45.52,92.65,87.4608,14.09,18,0,0,0,0,0,1,0,217740.25,0.3345,low,0.5
CUST011756,797,excellent,99.04,80.95,72.25,47.36,83.72,82.8936,14.89,9,1,0,0,0,0,0,1,76588.15,0.1617,low,0.0
CUST011757,655,risky,47.61,82.67,46.84,48.14,57.82,59.0857,14.24,2,3,3,0,0,0,0,1,319740.07,0.2404,low,0.0
CUST011758,853,excellent,97.54,98.41,90.17,58.75,91.27,92.1904,5.56,20,0,0,0,0,0,1,2,68566.32,0.3553,low,0.3333
CUST011759,784,excellent,86.25,91.18,51.04,73.86,80.74,80.6578,8.9,2,1,0,0,0,0,1,4,503540.41,0.8102,low,0.2
CUST011760,734,good,86.44,97.32,11.75,30.52,80.05,72.2715,5.52,0,1,0,0,0,0,0,2,62178.33,0.1602,low,0.0
CUST011761,644,high_risk,20.92,89.96,70.74,79.25,55.1,57.3531,12.82,7,4,3,0,0,0,1,7,199166.57,1.8831,moderate,0.125
CUST011762,786,excellent,93.92,89.5,46.72,43.42,99.89,81.0613,9.37,1,0,0,0,0,0,0,5,82976.17,0.1503,low,0.0
CUST011763,793,excellent,73.15,95.38,99.25,49.79,80.81,82.1657,3.2,14,1,1,0,0,0,0,5,232160.72,0.0225,low,0.0
CUST011764,814,excellent,88.02,97.25,60.31,75.57,90.99,85.6846,1.17,3,0,0,0,0,0,1,1,30678.19,0.9604,low,0.5
CUST011765,834,excellent,89.18,94.06,85.46,76.71,90.78,88.9988,6.19,12,1,0,0,0,0,1,2,123554.14,0.4763,low,0.3333
CUST011766,803,excellent,94.44,82.22,81.74,46.43,92.05,83.8269,11.84,7,0,0,0,0,0,0,2,152433.59,0.0346,low,0.0
CUST011767,829,excellent,99.91,97.63,74.29,50.75,76.87,88.1599,7.39,6,2,0,0,0,0,1,3,48984.82,0.7402,low,0.25
CUST011768,784,excellent,86.06,86.46,75.3,35.25,97.43,80.6236,13.71,5,0,0,0,0,0,0,0,730907.36,0.1108,low,0.0
CUST011769,774,excellent,85.58,87.86,65.74,32.86,94.6,78.9185,11.25,8,0,0,0,0,0,0,5,301401.48,0.0244,low,0.0
CUST011770,654,risky,17.46,96.41,89.54,42.49,62.82,58.9969,7.78,15,4,5,0,0,1,0,2,58229.21,0.3853,low,0.0
CUST011771,755,excellent,88.24,96.13,10.39,54.75,91.22,75.8786,3.49,0,1,0,0,0,0,1,7,216693.48,0.6195,low,0.125
CUST011772,821,excellent,86.52,89.45,94.48,64.04,90.99,86.7901,5.02,15,1,0,0,0,0,1,6,162785.05,0.4996,low,0.1429
CUST011773,611,high_risk,12.17,84.05,95.56,39.56,41.07,51.8733,12.59,10,3,4,0,0,1,0,1,100642.78,0.2687,low,0.0
CUST011774,798,excellent,86.48,93.64,80.88,36.75,87.66,82.9337,1.26,6,1,0,0,0,0,0,6,42693.08,0.0704,low,0.0
CUST011775,762,excellent,85.67,87.26,48.62,45.99,89.64,77.0177,10.74,1,1,0,0,0,0,0,0,170581.81,0.0733,low,0.0
CUST011776,805,excellent,88.61,89.86,80.66,47.8,92.4,84.0926,11.01,8,0,0,0,0,0,1,3,166843.73,0.7116,low,0.25
CUST011777,829,excellent,85.56,98.28,87.97,60.68,94.26,88.121,7.74,11,0,0,0,0,0,1,7,157110.81,0.9598,low,0.125
CUST011778,850,excellent,98.32,91.21,98.11,60.4,90.8,91.6117,0.89,12,0,0,0,0,0,1,2,38268.61,0.8524,low,0.3333
CUST011779,813,excellent,97.31,84.36,69.64,70.58,86.53,85.5231,12.91,9,1,0,0,0,0,1,3,58184.67,0.8132,low,0.25
CUST011780,826,excellent,95.64,73.09,94.01,85.75,96.08,87.6854,30.1,18,0,0,0,0,0,2,1,145715.37,0.4111,low,0.6667
CUST011781,785,excellent,87.34,91.97,61.55,39.22,94.48,80.7629,0.51,2,0,0,0,0,0,0,2,58472.07,0.14,low,0.0
CUST011782,806,excellent,88.39,94.43,68.99,57.23,90.21,84.3562,3.36,8,1,0,0,0,0,1,0,51362.84,0.5319,low,0.5
CUST011783,794,excellent,76.76,98.79,87.93,40.42,85.55,82.2919,8.26,12,1,0,0,0,0,0,7,60388.78,0.1479,low,0.0
CUST011784,622,high_risk,20.39,92.32,79.65,31.77,37.11,53.67,1.69,7,5,6,0,0,1,0,3,129315.84,0.6647,low,0.0
CUST011785,780,excellent,86.94,92.61,66.21,36.4,81.62,79.9457,6.74,6,1,0,0,0,0,0,1,105130.35,0.0597,low,0.0
CUST011786,781,excellent,93.2,82.8,54.49,58.05,86.81,80.1179,11.86,3,1,0,0,0,0,1,4,58645.34,0.4022,low,0.2
CUST011787,751,excellent,60.9,97.73,61.4,68.39,84.75,75.1572,4.29,4,1,4,0,0,0,1,4,128953.97,0.8653,low,0.2
CUST011788,724,good,46.82,95.4,93.94,78.17,46.94,70.6076,5.64,14,4,4,0,0,0,1,2,121246.42,1.3991,low,0.3333
CUST011789,795,excellent,91.36,95.23,55.78,47.07,89.09,82.5266,9.26,3,1,0,0,0,0,0,4,219879.0,0.0087,low,0.0
CUST011790,807,excellent,96.49,88.7,56.29,73.12,83.48,84.4879,13.13,2,1,0,0,0,0,1,7,73222.58,0.9171,low,0.125
CUST011791,690,risky,52.15,83.01,85.57,37.62,52.12,64.9631,10.42,10,3,4,0,0,0,0,3,99361.67,0.1327,low,0.0
CUST011792,761,excellent,92.46,92.83,23.26,39.84,91.09,76.7926,6.54,0,0,0,0,0,0,0,2,181800.78,0.136,low,0.0
CUST011793,770,excellent,71.6,85.56,76.18,75.21,86.87,78.3628,13.58,7,1,0,0,0,0,1,6,64431.08,0.6289,low,0.1429
CUST011794,698,risky,50.72,92.75,56.64,41.59,81.78,66.4078,1.22,2,1,2,0,0,0,0,1,364386.76,0.1932,low,0.0
CUST011795,795,excellent,89.03,83.53,80.95,48.11,93.23,82.4927,12.21,6,0,0,0,0,0,0,6,21282.85,0.1429,low,0.0
CUST011796,794,excellent,98.02,83.45,66.63,46.46,83.4,82.3216,13.85,6,1,0,0,0,0,1,2,262355.85,0.3635,low,0.3333
CUST011797,862,excellent,98.93,96.9,91.85,66.47,95.3,93.6477,7.01,10,0,0,0,0,0,1,0,91464.81,0.4205,low,0.5
CUST011798,771,excellent,79.66,78.72,91.83,41.52,91.24,78.5503,12.99,20,0,1,0,0,0,0,6,19879.46,0.126,low,0.0
CUST011799,614,high_risk,26.92,91.51,37.73,30.46,68.29,52.4091,1.33,1,2,4,0,0,0,0,1,78424.16,0.132,low,0.0
CUST011800,549,high_risk,0.13,91.44,49.19,38.34,27.76,41.4676,4.48,4,5,3,0,1,1,0,3,201372.49,0.3192,low,0.0
CUST011801,756,excellent,95.23,58.32,66.78,54.24,96.65,75.931,37.31,5,0,0,0,0,0,0,1,31585.68,0.09,low,0.0
CUST011802,763,excellent,92.94,84.3,46.93,34.58,88.75,77.1933,11.0,1,1,0,0,0,0,0,7,202288.67,0.0149,low,0.0
CUST011803,801,excellent,96.6,93.5,56.1,54.28,77.4,83.4438,9.8,2,2,0,0,0,0,1,5,118257.59,0.7742,low,0.1667
CUST011804,696,risky,49.82,94.82,86.52,37.52,33.17,65.9313,2.31,17,5,4,0,0,0,0,6,84733.6,0.0564,low,0.0
CUST011805,795,excellent,92.53,89.79,48.68,61.87,96.49,82.459,29.92,4,0,0,0,0,0,1,3,29656.01,0.8002,low,0.25
CUST011806,811,excellent,93.14,78.64,97.12,46.66,97.15,85.1385,13.91,13,0,0,0,0,0,1,3,69726.67,0.5859,low,0.25
CUST011807,670,risky,28.57,98.93,84.17,61.13,41.76,61.5926,5.17,6,6,3,0,0,0,1,3,73255.94,1.9887,moderate,0.25
CUST011808,806,excellent,99.36,97.95,55.88,34.18,83.24,84.2873,1.17,4,1,0,0,0,0,0,3,139453.97,0.0729,low,0.0
CUST011809,803,excellent,87.37,95.53,82.24,37.34,85.28,83.838,8.44,7,1,0,0,0,0,0,6,40802.7,0.0439,low,0.0
CUST011810,801,excellent,92.94,83.59,66.01,69.91,90.3,83.5291,14.1,9,0,0,0,0,0,1,4,159759.83,0.6443,low,0.2
CUST011811,566,high_risk,19.55,89.77,19.7,45.7,30.65,44.3637,9.51,0,6,3,0,0,1,0,6,140602.0,0.4953,low,0.0
CUST011812,755,excellent,60.58,96.82,69.79,69.39,91.35,75.7899,3.11,6,1,1,0,0,0,1,5,112262.76,1.3791,low,0.1667
CUST011813,586,high_risk,24.46,81.25,47.6,38.66,37.34,47.6783,10.79,1,5,4,1,0,1,0,1,62721.74,0.3234,low,0.0
CUST011814,803,excellent,87.9,95.24,80.33,51.9,73.23,83.8999,2.09,6,2,0,0,0,0,1,1,387196.79,0.6437,low,0.5
CUST011815,828,excellent,88.72,92.82,83.76,88.31,77.84,88.0797,6.99,7,2,0,0,0,0,2,0,180737.55,0.8035,low,0.6667
CUST011816,756,excellent,88.1,84.8,40.78,59.61,75.87,75.9399,13.01,1,2,0,0,0,0,1,2,27500.14,0.9575,low,0.3333
CUST011817,676,risky,43.84,80.76,68.09,33.73,94.99,62.6557,12.01,8,0,1,0,0,0,0,6,106299.33,0.0884,low,0.0
CUST011818,784,excellent,90.75,88.51,47.41,60.76,91.13,80.6172,10.98,4,0,0,0,0,0,1,5,221001.04,0.552,low,0.1667
CUST011819,821,excellent,97.17,77.83,88.32,65.75,96.26,86.8061,11.41,11,0,0,0,0,0,1,1,83717.78,0.8571,low,0.5
CUST011820,731,good,87.8,67.6,31.0,62.84,98.6,71.803,46.42,1,0,0,0,0,0,1,3,46909.75,0.7561,low,0.25
CUST011821,865,excellent,97.64,99.03,88.63,70.11,99.84,94.1738,1.08,15,0,0,0,0,0,1,5,40896.51,0.7604,low,0.1667
CUST011822,804,excellent,99.68,91.63,48.27,52.47,91.85,84.0482,2.01,1,0,0,0,0,0,1,0,62552.66,0.4811,low,0.5
CUST011823,838,excellent,88.04,97.23,89.88,62.33,99.17,89.6153,7.4,10,0,0,0,0,0,1,1,17059.49,0.8211,low,0.5
CUST011824,787,excellent,69.88,93.98,93.23,49.89,94.8,81.1024,0.52,18,0,0,0,0,0,0,3,205843.57,0.0927,low,0.0
CUST011825,796,excellent,85.64,97.6,71.64,45.29,82.02,82.7305,2.34,5,1,0,0,0,0,1,0,267006.99,0.9184,low,0.5
CUST011826,617,high_risk,29.08,89.23,36.29,30.53,73.85,52.8289,13.03,1,2,2,0,0,0,0,4,126251.59,0.0462,low,0.0
CUST011827,820,excellent,93.89,90.12,86.16,53.0,86.27,86.7489,8.38,17,1,0,0,0,0,1,2,189981.38,0.6841,low,0.3333
CUST011828,810,excellent,87.99,91.58,87.59,43.71,91.6,84.9378,9.85,15,0,0,0,0,0,0,4,203653.3,0.081,low,0.0
CUST011829,812,excellent,88.31,81.51,93.34,63.7,96.53,85.3878,13.12,15,0,0,0,0,0,1,3,19789.78,0.6239,low,0.25
CUST011830,825,excellent,88.76,94.29,86.73,64.04,87.32,87.499,4.65,12,1,0,0,0,0,1,5,54628.13,0.5342,low,0.1667
CUST011831,796,excellent,98.18,96.86,35.73,47.87,90.7,82.6367,8.31,1,0,0,0,0,0,0,1,11095.08,0.0179,low,0.0
CUST011832,718,good,43.75,88.78,90.44,60.66,80.85,69.6626,3.11,14,1,4,0,0,0,1,4,127458.05,0.9322,low,0.2
CUST011833,589,high_risk,21.14,87.86,59.31,48.63,6.22,48.1393,13.55,3,7,7,0,0,1,0,1,184056.2,0.5743,low,0.0
CUST011834,822,excellent,92.43,96.56,84.47,37.44,93.38,87.0721,7.87,6,0,0,0,0,0,0,0,150619.7,0.1479,low,0.0
CUST011835,640,high_risk,41.24,75.3,51.01,35.17,85.17,56.7094,13.11,2,1,4,0,0,0,0,2,49447.3,0.0483,low,0.0
CUST011836,838,excellent,91.85,98.11,81.8,59.99,98.66,89.7123,9.02,9,0,0,0,0,0,1,4,284174.86,0.942,low,0.2
CUST011837,807,excellent,87.98,98.21,65.92,43.81,98.94,84.4183,8.11,6,0,0,0,0,0,0,5,54554.69,0.0973,low,0.0
CUST011838,858,excellent,97.41,97.81,91.48,60.22,98.69,93.0501,0.7,14,0,0,0,0,0,1,4,577033.45,0.5858,low,0.2
CUST011839,819,excellent,94.16,93.38,89.55,35.11,85.41,86.4548,6.97,11,1,0,0,0,0,0,1,219792.85,0.0936,low,0.0
CUST011840,790,excellent,85.95,77.62,98.33,68.41,67.05,81.6649,13.31,11,2,0,0,0,0,1,1,248982.53,0.5397,low,0.5
CUST011841,746,good,92.38,76.01,39.05,40.82,93.3,74.4053,13.64,1,0,0,0,0,0,0,3,258365.85,0.0875,low,0.0
CUST011842,818,excellent,97.23,93.58,67.09,59.95,81.63,86.3274,2.0,6,1,0,0,0,0,1,2,82558.78,0.9381,low,0.3333
CUST011843,623,high_risk,16.11,81.28,83.89,78.56,43.67,53.8288,12.5,5,6,3,1,0,0,1,6,152413.16,1.8807,moderate,0.1429
CUST011844,798,excellent,85.24,86.03,92.38,44.49,90.17,82.9651,11.29,17,0,0,0,0,0,0,4,95939.13,0.1394,low,0.0
CUST011845,745,good,92.19,93.62,12.7,34.89,84.24,74.169,1.74,0,1,0,0,0,0,0,5,37267.48,0.0478,low,0.0
CUST011846,640,high_risk,11.91,95.02,80.87,67.07,61.23,56.6374,6.29,7,4,7,0,0,0,1,5,213062.56,2.2876,moderate,0.1667
CUST011847,616,high_risk,26.49,94.77,41.95,30.41,56.39,52.6768,7.97,1,4,6,0,0,1,0,0,64702.18,0.5197,low,0.0
CUST011848,712,good,50.64,87.87,85.88,47.5,69.23,68.6397,10.76,15,2,4,0,0,0,0,3,82367.35,0.1235,low,0.0
CUST011849,768,excellent,99.88,56.66,66.7,71.95,88.55,78.0102,43.92,6,1,0,0,0,0,1,0,283077.75,0.8298,low,0.5
CUST011850,704,good,46.42,98.14,54.04,36.84,98.76,67.3533,2.19,4,0,2,0,0,0,0,0,88256.32,0.0447,low,0.0
CUST011851,822,excellent,94.06,93.75,84.23,42.34,90.41,86.955,8.44,6,0,0,0,0,0,0,5,90557.52,0.0803,low,0.0
CUST011852,819,excellent,93.1,89.71,92.31,31.6,99.79,86.483,1.14,17,0,0,0,0,0,0,0,125688.56,0.1482,low,0.0
CUST011853,711,good,74.29,93.03,13.35,31.88,93.51,68.4551,2.6,0,0,0,0,0,0,0,6,127579.67,0.1168,low,0.0
CUST011854,786,excellent,97.11,94.76,35.88,37.8,94.58,81.0377,2.82,1,0,0,0,0,0,0,6,141559.69,0.0762,low,0.0
CUST011855,813,excellent,87.25,98.93,89.33,49.85,69.63,85.5627,4.93,14,2,0,0,0,0,1,7,19406.87,0.6183,low,0.125
CUST011856,716,good,41.12,95.09,88.99,40.93,90.26,69.3854,3.21,11,0,1,0,0,0,0,7,878360.48,0.1495,low,0.0
CUST011857,663,risky,49.63,97.52,25.64,46.88,53.87,60.5469,0.85,0,3,1,0,0,0,0,5,50228.7,0.194,low,0.0
CUST011858,815,excellent,88.88,99.83,80.38,31.5,96.44,85.9045,7.07,7,0,0,0,0,0,0,4,95085.27,0.1122,low,0.0
CUST011859,810,excellent,99.9,97.6,50.51,50.68,81.58,85.047,9.97,2,1,0,0,0,0,1,0,92944.89,0.5138,low,0.5
CUST011860,732,good,63.52,94.82,91.55,32.8,42.53,71.9437,5.41,11,3,4,0,0,0,0,1,207625.35,0.1923,low,0.0
CUST011861,792,excellent,89.12,86.86,71.32,46.53,94.8,82.0801,12.29,9,0,0,0,0,0,0,3,29379.69,0.0746,low,0.0
CUST011862,608,high_risk,9.33,99.38,58.11,33.85,61.98,51.3775,8.9,2,3,6,1,1,1,0,2,13404.21,0.4802,low,0.0
CUST011863,701,good,37.83,93.55,94.77,39.45,73.82,66.8473,5.89,13,2,2,0,0,0,0,6,68725.97,0.0039,low,0.0
CUST011864,758,excellent,88.66,99.8,32.39,33.31,71.58,76.3208,3.14,1,2,0,0,0,0,0,0,52370.56,0.119,low,0.0
CUST011865,742,good,85.6,83.61,47.89,32.97,80.74,73.5967,11.17,1,1,0,0,0,0,0,4,83104.29,0.1618,low,0.0
CUST011866,722,good,61.93,79.13,89.88,38.37,76.62,70.3959,10.95,20,2,3,0,0,0,0,7,23838.09,0.2067,low,0.0
CUST011867,752,excellent,64.0,84.21,89.95,65.38,86.24,75.3179,11.23,17,1,3,0,0,0,1,4,7864.47,1.0987,low,0.2
CUST011868,787,excellent,94.16,93.09,44.07,49.7,86.9,81.1531,6.69,1,1,0,0,0,0,0,0,22477.47,0.1055,low,0.0
CUST011869,830,excellent,94.73,96.03,80.82,47.39,95.34,88.3605,3.07,8,0,0,0,0,0,1,2,278271.58,0.5323,low,0.3333
CUST011870,808,excellent,86.82,84.24,98.79,43.27,98.54,84.6594,13.76,16,0,0,0,0,0,0,6,204277.03,0.1327,low,0.0
CUST011871,647,high_risk,24.81,92.73,72.35,47.01,58.08,57.8651,1.4,7,4,3,0,0,1,0,4,26983.0,0.5518,low,0.0
CUST011872,622,high_risk,19.41,88.86,87.2,36.98,34.78,53.7083,12.24,16,6,3,0,0,1,0,0,37913.82,0.5416,low,0.0
CUST011873,785,excellent,88.18,98.02,49.4,48.39,82.61,80.7807,8.56,1,1,0,0,0,0,0,0,105293.78,0.0242,low,0.0
CUST011874,831,excellent,96.82,76.3,96.59,76.11,96.84,88.5587,10.01,13,0,0,0,0,0,1,1,12679.05,0.6354,low,0.5
CUST011875,818,excellent,86.31,99.83,85.93,37.93,95.22,86.3616,2.93,13,0,0,0,0,0,0,7,143778.24,0.0291,low,0.0
CUST011876,767,excellent,87.69,84.07,42.42,60.53,94.86,77.8129,14.25,1,0,0,0,0,0,1,4,178758.99,0.5274,low,0.2
CUST011877,790,excellent,90.24,91.45,65.18,35.49,93.02,81.6472,2.66,8,0,0,0,0,0,0,0,24510.16,0.0353,low,0.0
CUST011878,784,excellent,88.51,78.97,92.49,38.51,82.62,80.6554,10.89,11,1,0,0,0,0,0,2,44015.29,0.0333,low,0.0
CUST011879,746,good,68.46,84.99,59.48,73.54,86.77,74.4081,13.09,3,1,0,0,0,0,1,1,87338.98,0.9798,low,0.5
CUST011880,632,high_risk,31.75,88.08,30.1,60.36,81.99,55.2868,10.7,0,1,4,0,0,0,0,7,184627.37,1.0087,low,0.0
CUST011881,809,excellent,89.81,91.5,69.55,63.99,91.18,84.835,9.73,5,0,0,0,0,0,1,1,420850.28,0.965,low,0.5
CUST011882,662,risky,47.63,94.35,19.14,40.34,85.32,60.4123,3.34,0,1,2,0,0,0,0,5,373913.16,0.1697,low,0.0
CUST011883,824,excellent,91.2,88.33,91.21,56.99,95.34,87.3318,11.31,11,0,0,0,0,0,1,6,90279.0,0.3938,low,0.1429
CUST011884,777,excellent,74.08,95.97,69.99,45.09,98.43,79.5671,7.83,9,0,1,0,0,0,0,2,234100.89,0.0639,low,0.0
CUST011885,650,risky,48.25,59.27,74.38,45.27,79.94,58.3458,35.0,6,2,1,0,0,0,0,6,69726.54,0.2138,low,0.0
CUST011886,822,excellent,97.16,96.52,79.37,39.7,82.19,87.0556,1.03,7,1,0,0,0,0,0,7,17057.4,0.1401,low,0.0
CUST011887,742,good,89.69,88.85,15.74,41.68,90.71,73.6438,7.62,0,0,0,0,0,0,0,5,156830.84,0.064,low,0.0
CUST011888,835,excellent,99.59,94.82,92.05,34.34,86.5,89.1938,2.68,10,1,0,0,0,0,0,1,1333929.99,0.0247,low,0.0
CUST011889,648,high_risk,52.66,79.03,55.1,35.32,40.02,57.9383,10.91,3,3,3,0,0,0,0,2,146594.7,0.0338,low,0.0
CUST011890,812,excellent,99.64,96.49,50.45,55.8,84.0,85.3714,8.76,4,1,0,0,0,0,1,5,23047.34,0.4408,low,0.1667
CUST011891,821,excellent,89.22,85.53,99.18,60.48,90.46,86.8575,13.12,18,0,0,0,0,0,1,5,195693.86,0.6659,low,0.1667
CUST011892,818,excellent,93.65,88.97,88.85,40.74,94.49,86.318,3.68,11,0,0,0,0,0,0,7,150902.93,0.086,low,0.0
CUST011893,575,high_risk,1.11,91.59,71.14,47.62,24.61,45.7589,2.11,8,5,6,0,1,1,0,4,77470.81,0.1974,low,0.0
CUST011894,838,excellent,88.64,93.42,90.99,71.75,97.88,89.6613,4.03,19,0,0,0,0,0,2,1,37019.0,0.5428,low,0.6667
CUST011895,759,excellent,94.27,53.73,82.11,51.07,98.99,76.4358,55.01,7,0,0,0,0,0,0,3,78415.25,0.0114,low,0.0
CUST011896,621,high_risk,10.56,94.8,77.71,67.43,38.92,53.4273,0.48,8,6,8,1,0,0,1,4,248304.73,2.2004,moderate,0.2
CUST011897,838,excellent,96.6,82.16,98.09,66.57,98.66,89.6951,12.3,12,0,0,0,0,0,1,1,39814.1,0.8152,low,0.5
CUST011898,764,excellent,98.52,77.66,42.98,47.63,83.21,77.3095,13.8,1,1,0,0,0,0,0,4,138042.91,0.0779,low,0.0
CUST011899,793,excellent,88.6,78.65,79.53,65.62,91.14,82.2086,12.79,7,0,0,0,0,0,1,4,63325.43,0.7065,low,0.2
CUST011900,824,excellent,98.99,89.1,86.56,31.68,98.38,87.3668,4.59,19,0,0,0,0,0,0,2,25384.62,0.072,low,0.0
CUST011901,804,excellent,95.84,88.81,64.08,43.04,99.31,84.0322,4.32,3,0,0,0,0,0,0,6,21167.43,0.0395,low,0.0
CUST011902,818,excellent,86.64,92.0,96.26,49.08,90.67,86.3382,7.97,15,0,0,0,0,0,1,3,198502.47,0.414,low,0.25
CUST011903,854,excellent,99.43,99.88,67.14,77.85,97.77,92.3989,8.07,6,0,0,0,0,0,1,6,59859.62,0.4314,low,0.1429
CUST011904,841,excellent,95.98,95.11,93.93,41.98,97.02,90.1168,9.78,17,0,0,0,0,0,0,0,43533.48,0.0126,low,0.0
CUST011905,816,excellent,85.38,99.52,92.94,35.36,87.34,85.9478,8.3,11,1,0,0,0,0,0,0,249017.3,0.0148,low,0.0
CUST011906,718,good,64.36,83.68,80.85,40.71,58.66,69.6937,14.47,7,4,4,0,0,0,0,2,84409.34,0.122,low,0.0
CUST011907,784,excellent,95.05,75.07,74.5,56.03,81.27,80.6944,12.12,5,1,0,0,0,0,1,2,46437.35,0.6838,low,0.3333
CUST011908,806,excellent,91.14,88.22,84.8,38.17,94.86,84.3877,13.83,7,0,0,0,0,0,0,2,86257.18,0.1343,low,0.0
CUST011909,810,excellent,96.74,89.62,61.08,64.91,85.46,84.9426,2.57,4,1,0,0,0,0,1,5,9960.89,0.764,low,0.1667
CUST011910,785,excellent,93.07,82.97,64.49,41.1,96.66,80.9125,11.73,2,0,0,0,0,0,0,5,114248.11,0.0279,low,0.0
CUST011911,828,excellent,98.7,94.76,73.12,43.01,97.15,87.9588,5.85,5,0,0,0,0,0,0,3,45512.02,0.0248,low,0.0
CUST011912,748,good,85.44,75.11,65.21,43.31,80.95,74.6436,13.31,5,1,0,0,0,0,0,3,44052.11,0.1658,low,0.0
CUST011913,768,excellent,66.33,96.9,92.79,31.7,87.02,78.0772,1.81,15,1,1,0,0,0,0,0,92355.16,0.0953,low,0.0
CUST011914,775,excellent,95.79,99.86,12.57,41.62,97.05,79.2363,2.89,0,0,0,0,0,0,0,4,158210.47,0.1641,low,0.0
CUST011915,782,excellent,88.78,82.1,70.96,45.92,93.57,80.2949,13.64,6,0,0,0,0,0,1,4,6548.27,0.4473,low,0.2
CUST011916,835,excellent,99.89,91.34,70.11,71.39,92.3,89.2488,3.92,7,0,0,0,0,0,1,3,303770.74,0.4125,low,0.25
CUST011917,595,high_risk,17.44,91.33,47.86,73.37,22.25,49.2438,7.59,2,5,3,0,0,0,1,3,290311.19,2.0691,moderate,0.25
CUST011918,619,high_risk,5.75,92.3,77.19,35.63,82.57,53.0986,1.54,7,1,5,0,1,1,0,4,97843.79,0.5575,low,0.0
CUST011919,696,risky,72.28,82.05,20.1,30.99,99.33,65.9595,10.9,0,0,0,0,0,0,0,1,68943.45,0.0005,low,0.0
CUST011920,744,good,95.25,78.94,30.75,32.53,90.44,73.9283,11.7,0,0,0,0,0,0,0,4,244639.23,0.0634,low,0.0
CUST011921,605,high_risk,4.15,93.66,82.5,34.45,54.98,50.8698,7.82,8,4,4,1,1,1,0,0,366214.74,0.6243,low,0.0
CUST011922,846,excellent,98.19,87.27,98.75,65.86,91.19,91.0639,11.63,13,0,0,0,0,0,1,7,30369.43,0.9124,low,0.125
CUST011923,784,excellent,91.7,79.04,65.0,52.36,98.85,80.6779,18.23,5,0,0,0,0,0,1,2,569033.13,0.5815,low,0.3333
CUST011924,749,good,90.14,85.54,29.73,47.22,84.89,74.8796,13.48,0,1,0,0,0,0,0,2,751109.41,0.1557,low,0.0
CUST011925,793,excellent,93.6,96.14,46.07,62.78,74.55,82.2463,3.2,3,2,0,0,0,0,1,2,610366.29,0.7766,low,0.3333
CUST011926,816,excellent,88.4,83.67,89.46,73.9,92.22,86.0705,10.3,10,0,0,0,0,0,1,0,14905.33,0.6916,low,0.5
CUST011927,632,high_risk,44.58,83.22,11.73,43.73,86.38,55.3389,14.95,0,1,1,0,0,0,0,0,93550.99,0.1868,low,0.0
CUST011928,652,risky,42.3,80.89,73.38,37.63,48.66,58.7067,13.91,9,3,2,0,0,0,0,0,221772.87,0.2451,low,0.0
CUST011929,819,excellent,93.21,85.79,94.34,48.49,91.24,86.4836,11.13,11,1,0,0,0,0,0,4,21752.82,0.0338,low,0.0
CUST011930,670,risky,43.35,88.76,51.5,63.04,68.15,61.6452,7.99,3,2,3,0,0,0,1,5,89872.01,1.3633,low,0.1667
CUST011931,805,excellent,98.51,88.62,66.89,49.57,80.89,84.1439,3.03,8,1,0,0,0,0,0,3,48620.61,0.0852,low,0.0
CUST011932,642,high_risk,50.11,75.75,27.3,39.5,86.63,56.9722,13.12,0,1,3,0,0,0,0,3,186240.63,0.0533,low,0.0
CUST011933,842,excellent,93.09,97.1,85.22,65.72,92.53,90.3212,0.92,16,0,0,0,0,0,1,5,157825.91,0.8212,low,0.1667
CUST011934,837,excellent,98.23,95.89,88.74,40.32,90.36,89.5238,0.06,12,1,0,0,0,0,0,1,262983.36,0.0691,low,0.0
CUST011935,718,good,44.13,88.88,76.59,75.42,85.39,69.6812,6.22,7,1,2,0,0,0,1,1,105834.32,0.7891,low,0.5
CUST011936,793,excellent,86.97,97.99,61.53,35.78,95.91,82.2344,0.31,3,0,0,0,0,0,0,7,247155.46,0.03,low,0.0
CUST011937,829,excellent,94.8,85.22,90.37,61.99,96.8,88.179,14.25,13,0,0,0,0,0,1,0,103127.08,0.5982,low,0.5
CUST011938,827,excellent,88.52,94.3,85.69,75.79,81.4,87.8446,2.53,12,1,0,0,0,0,1,7,36896.91,0.6596,low,0.125
CUST011939,805,excellent,96.15,99.21,48.88,46.95,86.59,84.104,0.85,1,1,0,0,0,0,0,2,126396.93,0.0029,low,0.0
CUST011940,801,excellent,96.66,93.02,57.32,41.43,90.18,83.4969,0.56,2,1,0,0,0,0,0,3,216580.39,0.0602,low,0.0
CUST011941,724,good,65.42,90.63,47.55,43.66,90.82,70.6673,7.05,3,1,1,0,0,0,0,5,258743.0,0.1321,low,0.0
CUST011942,865,excellent,92.65,99.94,96.98,78.85,93.58,94.199,4.94,14,0,0,0,0,0,1,1,44824.28,0.7283,low,0.5
CUST011943,786,excellent,87.27,75.19,81.89,75.97,80.26,81.0093,11.84,8,1,0,0,0,0,1,3,221925.85,0.3549,low,0.25
CUST011944,834,excellent,94.16,99.27,90.05,47.73,80.08,89.0236,7.52,12,1,0,0,0,0,0,4,205097.79,0.0088,low,0.0
CUST011945,787,excellent,87.84,95.4,56.68,41.08,91.53,81.1278,3.87,2,0,0,0,0,0,0,3,409921.48,0.0156,low,0.0
CUST011946,658,risky,28.56,96.66,76.99,60.66,41.33,59.7408,6.81,6,6,4,0,0,0,1,3,2195615.21,1.9504,moderate,0.25
CUST011947,814,excellent,89.96,96.8,83.03,43.72,83.26,85.6807,3.75,6,1,0,0,0,0,0,6,52601.89,0.028,low,0.0
CUST011948,812,excellent,98.68,87.96,73.06,40.25,94.6,85.3692,14.92,5,0,0,0,0,0,0,2,193648.79,0.0146,low,0.0
CUST011949,824,excellent,88.18,95.74,98.21,40.15,90.41,87.3731,3.75,15,0,0,0,0,0,0,4,100980.89,0.0102,low,0.0
CUST011950,803,excellent,68.81,96.9,91.62,74.63,95.49,83.9097,6.32,12,0,1,0,0,0,1,1,178767.7,0.7698,low,0.5
CUST011951,764,excellent,90.63,82.9,57.46,30.36,91.38,77.3808,12.96,3,0,0,0,0,0,0,2,180954.64,0.0079,low,0.0
CUST011952,744,good,86.8,83.9,32.96,35.8,98.83,73.9536,13.19,1,0,0,0,0,0,0,4,77675.74,0.0122,low,0.0
CUST011953,803,excellent,88.95,83.66,93.84,43.12,91.72,83.7928,11.56,19,0,0,0,0,0,0,4,10455.92,0.0664,low,0.0
CUST011954,613,high_risk,11.75,97.88,85.52,31.53,26.49,52.1035,7.49,16,5,8,0,0,1,0,7,54693.03,0.3022,low,0.0
CUST011955,830,excellent,95.65,82.3,91.47,74.16,90.88,88.3922,10.25,14,0,0,0,0,0,1,6,41636.24,0.6882,low,0.1429
CUST011956,726,good,55.03,93.66,72.13,43.77,85.23,71.0801,6.44,8,1,3,0,0,0,0,2,54594.65,0.0316,low,0.0
CUST011957,608,high_risk,24.72,94.3,37.87,37.76,48.97,51.2924,6.29,1,4,3,0,0,1,0,2,33644.86,0.3579,low,0.0
CUST011958,583,high_risk,0.84,98.39,79.52,33.02,20.83,47.124,2.61,7,5,4,1,1,1,0,5,701211.39,0.1747,low,0.0
CUST011959,825,excellent,98.42,95.14,54.15,72.35,91.34,87.4803,0.37,3,0,0,0,0,0,1,6,19694.72,0.6229,low,0.1429
CUST011960,823,excellent,96.74,91.46,77.37,48.85,93.64,87.1523,6.81,8,0,0,0,0,0,1,7,78133.84,0.4539,low,0.125
CUST011961,782,excellent,90.66,85.38,76.6,33.01,81.69,80.3021,13.41,6,1,0,0,0,0,0,7,35899.93,0.112,low,0.0
CUST011962,799,excellent,79.15,99.67,84.35,30.61,99.01,83.2185,5.32,6,0,0,0,0,0,0,7,91522.37,0.1016,low,0.0
CUST011963,805,excellent,90.16,78.43,96.47,62.6,82.98,84.114,11.71,15,1,0,0,0,0,1,0,39979.12,0.5729,low,0.5
CUST011964,804,excellent,92.78,85.83,83.49,33.32,99.47,84.0233,10.31,7,0,0,0,0,0,0,3,34232.1,0.081,low,0.0
CUST011965,846,excellent,98.88,95.59,90.34,46.65,95.82,91.0824,9.51,13,0,0,0,0,0,1,5,66416.21,0.8713,low,0.1667
CUST011966,827,excellent,88.24,95.71,87.01,56.73,95.52,87.874,1.5,11,0,0,0,0,0,1,5,167634.8,0.3344,low,0.1667
CUST011967,844,excellent,99.98,88.2,98.67,46.66,97.48,90.6693,4.17,13,0,0,0,0,0,0,2,10178.82,0.026,low,0.0
CUST011968,754,excellent,77.87,92.78,49.38,32.53,99.3,75.677,8.86,1,0,1,0,0,0,0,0,55623.73,0.0541,low,0.0
CUST011969,818,excellent,93.35,90.12,74.53,78.55,75.11,86.2549,0.75,8,2,0,0,0,0,1,6,47616.84,0.7562,low,0.1429
CUST011970,714,good,44.16,92.89,89.44,37.77,85.64,69.0811,1.2,20,1,1,0,0,0,0,0,261137.78,0.1052,low,0.0
CUST011971,781,excellent,92.32,91.47,41.09,44.75,98.43,80.2347,7.63,1,0,0,0,0,0,0,7,106685.04,0.1532,low,0.0
CUST011972,758,excellent,87.79,98.65,13.03,43.82,96.9,76.3463,9.47,0,0,0,0,0,0,0,3,63872.46,0.1139,low,0.0
CUST011973,783,excellent,92.61,80.08,61.05,68.57,80.2,80.4733,11.58,3,1,0,0,0,0,1,1,65080.76,0.7758,low,0.5
CUST011974,635,high_risk,27.37,87.81,73.55,36.68,51.94,55.8142,12.03,7,3,1,0,0,0,0,1,136323.81,0.1682,low,0.0
CUST011975,807,excellent,91.74,90.74,77.64,35.59,99.9,84.5255,2.11,5,0,0,0,0,0,0,5,517758.98,0.0932,low,0.0
CUST011976,732,good,50.68,93.35,96.47,30.12,87.25,71.9524,0.48,19,1,2,0,0,0,0,6,361672.34,0.124,low,0.0
CUST011977,775,excellent,97.46,96.16,13.55,48.84,92.16,79.0923,9.02,0,0,0,0,0,0,0,3,41602.26,0.0027,low,0.0
CUST011978,675,risky,40.62,85.13,85.85,34.01,64.34,62.4689,14.86,12,4,3,0,0,0,0,7,92792.66,0.2133,low,0.0
CUST011979,764,excellent,91.41,82.52,49.45,32.88,98.99,77.3523,11.16,3,0,0,0,0,0,0,0,23613.18,0.1617,low,0.0
CUST011980,656,risky,28.15,89.17,91.34,30.78,60.29,59.4119,6.89,10,4,3,0,0,1,0,5,157627.23,0.5854,low,0.0
CUST011981,807,excellent,86.79,89.09,60.25,94.24,89.01,84.4667,6.59,2,1,0,0,0,0,2,1,537973.85,0.5571,low,0.6667
CUST011982,850,excellent,93.98,98.33,90.46,74.81,82.12,91.6517,4.57,14,1,0,0,0,0,1,1,107893.53,0.3617,low,0.5
CUST011983,617,high_risk,44.42,67.54,48.87,49.31,47.11,52.7798,36.13,4,3,4,0,0,0,0,5,89557.85,0.1865,low,0.0
CUST011984,840,excellent,89.76,94.87,98.5,61.19,92.44,90.017,3.57,20,0,0,0,0,0,1,7,23017.53,0.5177,low,0.125
CUST011985,822,excellent,85.76,94.94,89.82,50.4,99.46,86.9563,9.91,11,0,0,0,0,0,1,4,165793.75,0.8649,low,0.2
CUST011986,788,excellent,90.18,98.76,31.92,59.31,93.84,81.2938,3.65,1,0,0,0,0,0,1,4,144232.82,0.6068,low,0.2
CUST011987,659,risky,29.71,85.04,91.17,36.78,65.55,59.8221,12.42,12,2,1,0,0,0,0,1,223054.64,0.0885,low,0.0
CUST011988,732,good,60.03,88.21,96.14,43.04,57.97,71.9957,9.47,11,4,4,0,0,0,0,2,160727.23,0.109,low,0.0
CUST011989,819,excellent,99.49,93.77,70.69,48.28,81.81,86.5637,2.54,6,1,0,0,0,0,0,3,77149.74,0.0802,low,0.0
CUST011990,771,excellent,95.87,96.87,32.95,39.73,69.61,78.493,8.59,0,2,0,0,0,0,0,0,248692.07,0.1221,low,0.0
CUST011991,775,excellent,91.81,87.02,47.7,47.46,89.74,79.1133,13.62,1,1,0,0,0,0,0,1,315393.35,0.0734,low,0.0
CUST011992,801,excellent,99.7,97.99,42.43,33.33,94.56,83.4454,0.53,1,0,0,0,0,0,0,1,45477.81,0.1614,low,0.0
CUST011993,826,excellent,90.23,97.24,89.39,36.79,97.63,87.6033,5.18,19,0,0,0,0,0,0,3,60760.51,0.1238,low,0.0
CUST011994,814,excellent,91.99,91.84,77.54,48.39,94.28,85.6452,3.19,7,0,0,0,0,0,2,5,38134.64,0.3707,low,0.2857
CUST011995,824,excellent,79.23,99.5,81.7,75.43,99.64,87.3433,0.85,7,0,1,0,0,0,2,0,26627.05,0.5902,low,0.6667
CUST011996,701,good,55.95,92.26,62.74,41.24,61.21,66.9158,0.26,4,3,2,0,0,0,0,0,165107.2,0.2109,low,0.0
CUST011997,810,excellent,91.39,90.97,67.22,61.14,95.18,84.9911,5.15,6,0,0,0,0,0,1,0,159178.81,0.8306,low,0.5
CUST011998,793,excellent,96.18,91.86,44.77,48.85,93.89,82.21,9.86,1,0,0,0,0,0,0,1,92473.94,0.1644,low,0.0
CUST011999,666,risky,64.34,93.48,11.24,37.81,48.86,60.9179,3.51,0,3,2,0,0,0,0,5,599891.37,0.0712,low,0.0
CUST012000,642,high_risk,27.28,99.14,75.23,42.4,21.9,57.0019,0.84,9,5,6,0,0,1,0,7,89273.82,0.4255,low,0.0
CUST012001,772,excellent,92.56,92.73,31.94,59.84,75.96,78.5876,2.83,0,2,0,0,0,0,1,6,77343.51,0.7093,low,0.1429
CUST012002,802,excellent,92.51,89.69,51.7,78.05,87.4,83.5864,11.51,3,1,0,0,0,0,1,0,57267.96,0.5265,low,0.5
CUST012003,825,excellent,99.15,84.61,76.31,72.53,86.84,87.4698,13.48,9,1,0,0,0,0,1,1,132802.61,0.536,low,0.5
CUST012004,618,high_risk,16.03,87.18,99.3,32.79,31.1,53.0475,11.39,19,5,7,1,0,1,0,0,45024.27,0.5231,low,0.0
CUST012005,778,excellent,87.88,94.05,56.96,32.29,90.01,79.7467,9.89,2,1,0,0,0,0,0,0,60735.38,0.1632,low,0.0
CUST012006,766,excellent,68.08,90.78,95.38,48.31,74.42,77.6406,8.8,18,2,1,0,0,0,0,3,101086.3,0.0356,low,0.0
CUST012007,783,excellent,91.8,91.0,47.02,45.25,95.45,80.552,2.01,2,0,0,0,0,0,0,1,122625.48,0.0425,low,0.0
CUST012008,797,excellent,95.16,97.81,52.0,45.47,77.79,82.7755,8.67,2,2,0,0,0,0,0,4,18611.98,0.069,low,0.0
CUST012009,727,good,46.01,90.62,99.72,32.93,96.98,71.2394,0.07,20,0,2,0,0,0,0,5,12139.48,0.0367,low,0.0
CUST012010,709,good,46.8,90.27,97.01,42.52,59.16,68.1806,0.01,19,3,1,0,0,0,0,4,243326.4,0.0286,low,0.0
CUST012011,757,excellent,85.33,77.69,69.58,31.24,93.69,76.1038,11.78,5,0,0,0,0,0,0,4,246822.54,0.1166,low,0.0
CUST012012,812,excellent,98.92,96.24,52.62,41.68,97.63,85.319,8.75,3,0,0,0,0,0,0,0,682884.9,0.1424,low,0.0
CUST012013,759,excellent,85.98,77.37,60.47,40.81,99.99,76.4532,12.66,2,0,0,0,0,0,0,1,117744.24,0.1163,low,0.0
CUST012014,760,excellent,66.52,96.21,75.3,48.78,83.48,76.6644,6.53,5,1,0,0,0,0,1,7,54806.14,0.806,low,0.125
CUST012015,806,excellent,89.85,99.96,61.32,38.95,97.4,84.2681,9.85,2,0,0,0,0,0,0,0,69391.7,0.1006,low,0.0
CUST012016,802,excellent,85.3,88.82,70.1,69.11,96.61,83.5882,11.34,6,0,0,0,0,0,1,4,153678.62,0.7878,low,0.2
CUST012017,789,excellent,97.31,75.14,80.31,44.09,84.35,81.4908,14.86,6,1,0,0,0,0,0,7,99168.4,0.1072,low,0.0
CUST012018,777,excellent,91.88,96.43,31.56,47.52,88.76,79.4489,6.85,1,1,0,0,0,0,0,5,4311.39,0.002,low,0.0
CUST012019,722,good,49.27,97.55,71.41,39.16,91.27,70.2638,8.4,7,1,3,0,0,0,0,7,158577.14,0.0885,low,0.0
CUST012020,817,excellent,94.66,91.69,72.05,49.61,97.34,86.1424,6.5,8,0,0,0,0,0,0,4,51004.1,0.0519,low,0.0
CUST012021,639,high_risk,46.77,80.29,30.8,35.06,78.99,56.4822,13.44,0,2,2,0,0,0,0,1,189838.8,0.0203,low,0.0
CUST012022,761,excellent,75.79,76.99,89.2,47.24,90.43,76.7699,13.11,13,0,0,0,0,0,0,6,178858.94,0.1644,low,0.0
CUST012023,822,excellent,85.65,88.75,85.09,77.32,99.29,87.0285,8.53,11,0,0,0,0,0,1,3,68640.49,0.6467,low,0.25
CUST012024,593,high_risk,16.22,98.22,38.12,48.35,31.62,48.8588,7.61,1,5,3,0,0,1,0,7,120112.88,0.453,low,0.0
CUST012025,747,good,92.22,86.35,13.18,44.31,98.64,74.4566,10.46,0,0,0,0,0,0,0,5,173767.77,0.0855,low,0.0
CUST012026,782,excellent,85.07,91.53,72.89,38.12,83.93,80.3708,3.16,8,1,0,0,0,0,0,4,53981.35,0.1607,low,0.0
CUST012027,793,excellent,93.32,98.44,50.92,57.16,65.58,82.1069,2.38,2,2,0,0,0,0,1,5,152573.94,0.8146,low,0.1667
CUST012028,768,excellent,70.15,95.13,74.23,41.88,95.92,78.0083,2.11,7,0,0,0,0,0,0,6,28910.75,0.1364,low,0.0
CUST012029,837,excellent,86.73,98.98,96.31,60.1,90.18,89.5238,0.75,12,0,0,0,0,0,1,3,678926.23,0.5013,low,0.25
CUST012030,613,high_risk,10.58,98.35,86.75,37.72,22.16,52.2089,7.19,16,5,8,0,0,1,0,3,55692.49,0.1853,low,0.0
CUST012031,711,good,61.68,85.96,74.12,48.55,51.06,68.4553,11.53,7,3,2,0,0,0,0,7,37534.19,0.0186,low,0.0
CUST012032,711,good,63.43,98.08,41.14,39.02,68.72,68.5694,3.73,1,2,3,0,0,0,0,3,280440.03,0.1535,low,0.0
CUST012033,835,excellent,96.78,93.91,95.99,37.19,90.02,89.1659,8.6,16,0,0,0,0,0,0,4,342058.08,0.0038,low,0.0
CUST012034,788,excellent,92.79,75.9,75.75,57.62,89.02,81.2723,23.55,9,1,0,0,0,0,1,7,36913.89,0.8488,low,0.125
CUST012035,814,excellent,99.37,78.08,94.52,40.44,92.67,85.6955,12.84,15,0,0,0,0,0,0,0,95849.13,0.1062,low,0.0
CUST012036,819,excellent,90.31,78.11,93.47,76.61,97.48,86.47,10.7,17,0,0,0,0,0,1,6,234880.18,0.7154,low,0.1429
CUST012037,823,excellent,98.14,86.14,92.48,37.8,92.94,87.1379,10.01,13,0,0,0,0,0,0,6,228622.67,0.1653,low,0.0
CUST012038,678,risky,57.51,95.01,21.09,39.59,72.61,63.0133,6.62,0,2,1,0,0,0,0,5,88793.37,0.2099,low,0.0
CUST012039,703,good,54.26,80.99,70.23,45.71,87.6,67.154,14.57,7,1,4,0,0,0,0,5,492115.67,0.0662,low,0.0
CUST012040,808,excellent,94.09,88.09,54.7,75.71,95.64,84.6964,14.26,3,0,0,0,0,0,1,3,231262.83,0.6855,low,0.25
CUST012041,854,excellent,94.02,89.79,88.64,92.1,99.0,92.2501,5.26,13,0,0,0,0,0,3,5,260652.96,0.9989,low,0.375
CUST012042,824,excellent,87.34,98.79,91.17,43.96,91.05,87.3801,5.51,15,1,0,0,0,0,0,5,116714.08,0.0472,low,0.0
CUST012043,737,good,54.74,93.66,90.16,46.19,73.97,72.7934,6.97,17,2,3,0,0,0,0,2,40750.3,0.0864,low,0.0
CUST012044,820,excellent,91.52,99.44,68.44,63.79,81.25,86.6345,4.68,7,1,0,0,0,0,1,4,111237.81,0.5594,low,0.2
CUST012045,653,risky,42.74,96.1,15.85,45.15,81.15,58.7957,9.99,0,1,4,0,0,0,0,7,114814.08,0.2192,low,0.0
CUST012046,704,good,52.61,83.71,82.0,38.22,76.27,67.2759,13.62,9,2,1,0,0,0,0,0,57324.93,0.0671,low,0.0
CUST012047,832,excellent,95.65,88.98,86.71,72.16,83.44,88.7402,1.42,12,1,0,0,0,0,1,1,120210.81,0.3518,low,0.5
CUST012048,834,excellent,92.91,99.84,76.52,66.21,83.75,88.9458,9.48,5,1,0,0,0,0,1,3,49491.66,0.8871,low,0.25
CUST012049,763,excellent,95.63,94.43,24.43,31.62,84.9,77.115,2.87,0,1,0,0,0,0,0,0,156911.19,0.1665,low,0.0
CUST012050,806,excellent,95.15,74.52,95.89,53.22,89.99,84.3608,37.17,11,1,0,0,0,0,0,4,46301.97,0.1247,low,0.0
CUST012051,820,excellent,92.71,90.9,61.15,87.0,91.47,86.739,3.75,2,0,0,0,0,0,2,5,124373.1,0.6594,low,0.2857
CUST012052,656,risky,43.13,99.08,19.83,48.63,66.87,59.347,6.68,0,2,3,0,0,0,0,5,266327.92,0.0185,low,0.0
CUST012053,771,excellent,70.18,87.28,88.19,49.99,95.74,78.5476,10.07,15,0,1,0,0,0,0,2,122433.37,0.016,low,0.0
CUST012054,826,excellent,98.99,96.29,68.29,47.21,92.12,87.7096,1.0,7,0,0,0,0,0,0,1,38446.4,0.1024,low,0.0
CUST012055,672,risky,42.11,87.05,61.34,49.2,69.94,61.9689,10.89,2,2,3,0,0,0,0,2,36872.73,0.1019,low,0.0
CUST012056,827,excellent,93.42,89.19,79.16,74.93,89.59,87.7816,6.09,8,1,0,0,0,0,1,7,51495.8,0.8715,low,0.125
CUST012057,756,excellent,88.24,95.94,15.51,49.35,90.55,75.9839,6.55,0,0,0,0,0,0,0,0,212831.88,0.0486,low,0.0
CUST012058,820,excellent,85.44,92.38,99.25,43.64,97.23,86.5915,5.82,20,0,0,0,0,0,0,4,92757.51,0.1481,low,0.0
CUST012059,811,excellent,90.56,77.97,88.39,73.9,94.3,85.1648,12.64,15,0,0,0,0,0,1,4,103778.95,0.8889,low,0.2
CUST012060,-1,no_history,89.05,88.79,15.7,40.2,97.48,73.9269,0.59,0,0,0,0,0,0,0,7,130082.81,0.0715,low,0.0
CUST012061,832,excellent,99.38,87.82,90.9,45.72,93.12,88.6478,13.28,15,0,0,0,0,0,1,2,69104.29,0.5524,low,0.3333
CUST012062,772,excellent,93.23,93.42,42.34,31.39,84.89,78.6362,5.64,1,1,0,0,0,0,0,5,46558.6,0.0347,low,0.0
CUST012063,836,excellent,96.56,80.8,96.66,77.53,89.76,89.264,15.69,14,1,0,0,0,0,1,6,657931.59,0.7062,low,0.1429
CUST012064,704,good,49.75,88.53,82.1,34.9,76.4,67.4163,14.03,6,2,1,0,0,0,0,0,392127.96,0.1295,low,0.0
CUST012065,694,risky,45.82,80.75,98.07,41.31,65.79,65.6848,14.53,13,2,2,0,0,0,0,4,226812.52,0.0879,low,0.0
CUST012066,823,excellent,90.03,96.04,74.03,75.02,82.01,87.1274,9.58,9,1,0,0,0,0,1,4,43794.88,0.4598,low,0.2
CUST012067,806,excellent,87.7,92.81,82.77,39.17,94.09,84.2778,7.53,5,0,0,0,0,0,0,0,46859.4,0.1429,low,0.0
CUST012068,799,excellent,95.64,94.49,39.0,55.91,99.01,83.1621,9.84,1,0,0,0,0,0,1,5,78072.86,0.8658,low,0.1667
CUST012069,782,excellent,98.11,84.28,54.53,32.84,92.03,80.2912,14.68,2,0,0,0,0,0,0,0,123545.28,0.1323,low,0.0
CUST012070,656,risky,40.82,59.74,92.23,73.74,69.45,59.3634,42.43,11,2,2,0,0,0,1,4,67069.51,1.4641,low,0.2
CUST012071,805,excellent,86.34,96.16,71.04,60.89,83.57,84.1717,3.76,5,1,0,0,0,0,1,7,33137.92,0.8392,low,0.125
CUST012072,812,excellent,93.63,89.18,88.62,30.2,95.74,85.4102,4.29,15,0,0,0,0,0,0,3,114530.33,0.1043,low,0.0
CUST012073,743,good,90.12,83.66,13.48,55.79,96.47,73.8911,11.63,0,0,0,0,0,0,1,1,111806.44,0.8065,low,0.5
CUST012074,783,excellent,95.27,82.45,69.1,30.71,90.3,80.5448,11.04,8,0,0,0,0,0,0,2,96174.24,0.1108,low,0.0
CUST012075,822,excellent,90.11,99.48,82.15,34.85,97.63,86.9516,3.99,5,0,0,0,0,0,0,5,264094.31,0.1547,low,0.0
CUST012076,783,excellent,91.24,90.05,49.68,41.95,98.24,80.4202,5.26,1,0,0,0,0,0,0,4,66461.7,0.069,low,0.0
CUST012077,777,excellent,86.85,94.4,53.21,46.39,81.3,79.4676,2.14,4,1,0,0,0,0,0,3,36289.05,0.0731,low,0.0
CUST012078,822,excellent,96.6,90.54,88.55,31.26,95.64,86.9454,9.79,17,0,0,0,0,0,0,3,201533.88,0.0219,low,0.0
CUST012079,696,risky,44.55,88.69,62.05,79.35,65.96,66.0383,11.63,2,2,1,0,0,0,1,0,178331.32,0.7765,low,0.5
CUST012080,783,excellent,98.74,84.92,52.24,34.61,92.36,80.5691,12.62,4,0,0,0,0,0,0,6,266882.61,0.1645,low,0.0
CUST012081,788,excellent,91.77,81.55,55.54,73.31,91.42,81.3883,11.17,4,1,0,0,0,0,1,1,69143.92,0.6669,low,0.5
CUST012082,822,excellent,96.75,95.01,75.15,40.42,93.94,87.0708,6.61,5,0,0,0,0,0,0,4,163970.38,0.0814,low,0.0
CUST012083,842,excellent,97.0,95.29,95.34,36.57,98.07,90.302,9.41,11,0,0,0,0,0,0,2,32020.48,0.1176,low,0.0
CUST012084,703,good,58.61,86.35,81.13,44.66,40.98,67.1493,13.36,6,3,2,0,0,0,0,6,59821.98,0.1436,low,0.0
CUST012085,799,excellent,98.22,89.53,60.02,36.63,93.3,83.2319,14.82,2,0,0,0,0,0,0,2,241168.67,0.0745,low,0.0
CUST012086,801,excellent,87.9,91.27,67.5,68.07,84.95,83.5715,5.87,7,1,0,0,0,0,1,7,72356.94,0.3716,low,0.125
CUST012087,818,excellent,91.75,99.67,66.84,46.96,96.65,86.4032,3.41,5,0,0,0,0,0,0,3,112118.73,0.0303,low,0.0
CUST012088,829,excellent,98.47,86.87,80.88,63.37,92.54,88.25,26.8,5,0,0,0,0,0,1,3,85896.07,0.3876,low,0.25
CUST012089,714,good,54.0,91.59,78.1,35.71,73.38,69.0019,7.44,6,2,4,0,0,0,0,3,69438.72,0.0732,low,0.0
CUST012090,846,excellent,92.31,99.79,87.37,60.83,95.62,90.9956,2.12,12,0,0,0,0,0,1,4,102423.83,0.8798,low,0.2
CUST012091,779,excellent,94.85,85.77,48.5,39.32,97.33,79.8665,12.06,1,0,0,0,0,0,0,2,168958.12,0.1339,low,0.0
CUST012092,794,excellent,89.17,97.3,51.63,51.08,91.07,82.3593,5.89,2,1,0,0,0,0,1,3,43026.89,0.9485,low,0.25
CUST012093,804,excellent,79.34,81.41,97.73,73.58,97.16,83.9234,13.2,13,0,1,0,0,0,1,2,166240.55,0.825,low,0.3333
CUST012094,798,excellent,93.6,62.14,87.3,91.07,94.61,83.0629,34.07,14,0,0,0,0,0,2,2,245583.37,0.3414,low,0.5
CUST012095,728,good,87.86,77.51,31.44,32.23,94.4,71.3829,14.85,0,0,0,0,0,0,0,2,445702.91,0.0044,low,0.0
CUST012096,766,excellent,90.55,89.95,46.92,38.44,80.89,77.6479,5.22,1,1,0,0,0,0,0,1,220946.93,0.1501,low,0.0
CUST012097,746,good,98.44,61.11,52.94,48.66,88.07,74.4025,32.11,3,1,0,0,0,0,0,4,34181.05,0.1604,low,0.0
CUST012098,799,excellent,98.09,84.72,70.81,35.99,92.36,83.2051,11.24,6,0,0,0,0,0,0,6,69385.99,0.132,low,0.0
CUST012099,813,excellent,88.37,88.65,99.35,40.56,90.61,85.5417,3.94,13,1,0,0,0,0,0,4,78371.66,0.0162,low,0.0
CUST012100,779,excellent,72.52,88.45,98.3,33.04,98.34,79.8004,0.67,10,0,1,0,0,0,0,4,54337.81,0.0265,low,0.0
CUST012101,789,excellent,87.12,88.97,71.92,42.99,91.5,81.4182,2.28,7,0,0,0,0,0,0,4,160738.38,0.1628,low,0.0
CUST012102,858,excellent,88.3,98.97,98.36,77.56,98.98,93.0027,3.12,15,0,0,0,0,0,1,4,434300.87,0.7461,low,0.2
CUST012103,780,excellent,87.31,82.08,80.13,42.13,85.97,80.014,13.14,8,1,0,0,0,0,0,0,55423.32,0.0696,low,0.0
CUST012104,819,excellent,90.77,86.7,94.45,59.95,85.8,86.5234,11.63,19,1,0,0,0,0,1,1,68640.51,0.5687,low,0.5
CUST012105,833,excellent,99.86,76.52,97.54,63.58,99.42,88.836,13.32,10,0,0,0,0,0,1,5,21362.57,0.3639,low,0.1667
CUST012106,810,excellent,99.74,77.31,87.26,54.83,83.74,85.0488,10.56,19,1,0,0,0,0,1,1,67974.13,0.5332,low,0.5
CUST012107,615,high_risk,11.9,89.69,93.42,33.66,40.85,52.5346,10.7,11,4,6,0,0,1,0,3,164789.24,0.5798,low,0.0
CUST012108,838,excellent,99.72,83.89,96.67,59.63,91.91,89.7209,14.16,15,0,0,0,0,0,1,6,60812.92,0.983,low,0.1429
CUST012109,781,excellent,86.9,94.66,60.99,30.85,91.05,80.1489,7.52,4,0,0,0,0,0,0,7,44306.7,0.153,low,0.0
CUST012110,864,excellent,96.48,90.42,99.09,86.34,95.9,93.9805,8.71,12,0,0,0,0,0,2,0,202739.83,0.8632,low,0.6667
CUST012111,691,risky,41.83,98.7,52.31,45.49,84.43,65.0897,9.52,2,1,1,0,0,0,0,5,283574.08,0.098,low,0.0
CUST012112,690,risky,62.92,88.68,45.33,38.05,58.03,65.0341,0.55,2,4,3,0,0,0,0,0,213779.5,0.2086,low,0.0
CUST012113,657,risky,58.88,52.77,61.45,64.49,74.32,59.5387,69.69,3,2,4,0,0,0,0,1,75815.67,0.0938,low,0.0
CUST012114,666,risky,30.15,80.44,65.25,79.5,95.36,60.9565,12.72,7,0,3,0,0,0,1,6,127118.51,1.2239,low,0.1429
CUST012115,768,excellent,95.14,77.37,45.78,52.36,93.97,78.0117,12.54,2,0,0,0,0,0,1,4,305053.97,0.7436,low,0.2
CUST012116,782,excellent,92.09,91.51,35.92,62.23,90.65,80.3592,0.69,1,0,0,0,0,0,1,3,38881.22,0.9332,low,0.25
CUST012117,632,high_risk,37.36,88.18,52.24,33.05,46.93,55.3638,1.21,2,4,1,0,0,0,0,5,123630.52,0.1128,low,0.0
CUST012118,860,excellent,97.98,96.55,93.0,73.85,87.42,93.3359,2.23,10,1,0,0,0,0,1,5,386825.92,0.6658,low,0.1667
CUST012119,790,excellent,79.72,82.4,99.07,56.51,85.31,81.665,11.12,13,1,0,0,0,0,0,2,92766.38,0.1034,low,0.0
CUST012120,814,excellent,92.68,78.31,87.42,68.89,97.3,85.6628,13.64,12,0,0,0,0,0,1,0,97804.15,0.9375,low,0.5
CUST012121,635,high_risk,20.11,92.6,79.56,66.29,34.0,55.7831,6.85,6,5,6,0,0,0,1,0,104170.64,2.0416,moderate,0.5
CUST012122,612,high_risk,14.49,96.83,83.17,34.15,20.11,52.0226,5.88,6,5,3,0,0,1,0,4,193023.46,0.3702,low,0.0
CUST012123,699,risky,38.45,91.08,97.66,45.38,65.31,66.4983,6.87,10,2,3,0,0,0,0,0,179439.22,0.0874,low,0.0
CUST012124,824,excellent,99.46,97.33,67.36,36.42,95.88,87.3427,6.98,7,0,0,0,0,0,0,1,224273.12,0.1526,low,0.0
CUST012125,772,excellent,85.01,76.01,90.85,46.93,77.31,78.6096,10.79,11,2,0,0,0,0,0,0,67440.94,0.0471,low,0.0
CUST012126,756,excellent,94.86,93.06,12.72,46.61,83.89,76.0776,4.8,0,1,0,0,0,0,1,2,105285.13,0.5144,low,0.3333
CUST012127,817,excellent,90.31,88.67,94.99,46.84,90.4,86.1821,14.09,19,0,0,0,0,0,1,2,83846.5,0.8062,low,0.3333
CUST012128,858,excellent,99.94,98.38,95.71,45.48,96.82,93.0815,5.55,10,0,0,0,0,0,1,5,71354.88,0.4701,low,0.1667
CUST012129,778,excellent,72.8,98.72,75.86,42.13,89.24,79.6137,9.53,6,1,0,0,0,0,0,7,89457.17,0.0922,low,0.0
CUST012130,660,risky,52.96,95.82,13.39,32.48,75.18,60.0566,2.66,0,2,1,0,0,0,0,1,27343.2,0.1493,low,0.0
CUST012131,611,high_risk,28.55,96.3,48.65,36.45,20.74,51.8995,9.47,3,7,6,0,0,0,0,7,637904.04,0.6415,low,0.0
CUST012132,806,excellent,99.21,89.92,52.52,49.31,97.87,84.2958,12.87,4,0,0,0,0,0,0,6,101417.0,0.0493,low,0.0
CUST012133,835,excellent,92.59,95.35,98.37,47.16,86.03,89.085,0.81,18,1,0,0,0,0,0,3,54767.94,0.0418,low,0.0
CUST012134,591,high_risk,2.32,96.84,86.44,43.54,13.64,48.5487,6.04,15,7,5,1,1,1,0,6,26399.59,0.3623,low,0.0
CUST012135,797,excellent,93.86,92.44,30.49,94.17,82.6,82.8322,8.83,0,1,0,0,0,0,2,5,142802.83,0.7981,low,0.2857
CUST012136,816,excellent,91.37,88.66,91.44,45.84,90.38,85.9171,11.43,15,1,0,0,0,0,0,5,139671.99,0.0289,low,0.0
CUST012137,699,risky,60.64,83.98,70.19,34.17,61.98,66.5607,14.45,8,3,2,0,0,0,0,5,235428.49,0.2413,low,0.0
CUST012138,786,excellent,88.49,88.27,66.4,45.98,90.29,81.04,0.11,7,0,0,0,0,0,1,4,96129.03,0.6584,low,0.2
CUST012139,835,excellent,93.34,99.17,90.0,43.09,90.19,89.2458,7.9,13,0,0,0,0,0,0,3,24548.82,0.1341,low,0.0
CUST012140,830,excellent,95.21,88.36,87.83,64.92,87.62,88.2578,2.51,19,1,0,0,0,0,1,6,84354.47,0.4135,low,0.1429
CUST012141,789,excellent,89.8,63.9,94.55,79.25,87.32,81.4384,37.75,12,1,0,0,0,0,1,1,654010.26,0.5595,low,0.5
CUST012142,850,excellent,97.53,91.39,95.16,68.57,89.21,91.6063,2.89,11,1,0,0,0,0,1,6,166421.97,0.5914,low,0.1429
CUST012143,770,excellent,98.46,95.92,13.07,32.95,97.81,78.2746,3.76,0,0,0,0,0,0,0,6,82378.54,0.0043,low,0.0
CUST012144,795,excellent,90.18,96.13,78.58,35.78,66.88,82.4545,0.07,7,2,0,0,0,0,0,3,206020.52,0.0965,low,0.0
CUST012145,733,good,77.03,92.37,30.37,34.27,94.85,72.139,4.24,0,0,0,0,0,0,0,0,73832.14,0.0679,low,0.0
CUST012146,820,excellent,99.16,91.54,70.18,47.93,91.71,86.6599,7.17,6,1,0,0,0,0,0,5,61497.11,0.1555,low,0.0
CUST012147,840,excellent,99.35,83.52,85.89,77.36,95.33,89.982,14.03,10,0,0,0,0,0,1,7,91513.46,0.3921,low,0.125
CUST012148,676,risky,55.88,77.87,77.46,36.36,45.31,62.7055,11.4,9,4,4,0,0,0,0,2,75025.66,0.2491,low,0.0
CUST012149,792,excellent,89.05,69.71,88.08,75.27,92.5,82.0708,39.73,19,0,0,0,0,0,1,5,125211.95,0.7021,low,0.1667
CUST012150,830,excellent,97.04,93.39,93.02,33.57,89.65,88.2568,8.52,19,1,0,0,0,0,0,4,106361.99,0.0266,low,0.0
CUST012151,623,high_risk,25.06,80.22,62.23,31.89,85.16,53.8784,14.07,2,1,2,0,0,0,0,7,89297.03,0.1176,low,0.0
CUST012152,806,excellent,87.46,91.44,80.19,48.54,93.87,84.3133,8.32,8,0,0,0,0,0,1,1,265309.24,0.9981,low,0.5
CUST012153,838,excellent,88.26,93.14,98.42,61.73,99.48,89.7181,3.84,18,0,0,0,0,0,1,5,444295.82,0.7115,low,0.1667
CUST012154,832,excellent,93.84,94.7,89.66,42.01,97.82,88.6848,6.73,13,0,0,0,0,0,0,0,77941.58,0.0681,low,0.0
CUST012155,804,excellent,98.31,79.87,79.99,46.02,90.62,84.0323,11.71,8,0,0,0,0,0,0,3,287612.52,0.1571,low,0.0
CUST012156,680,risky,41.46,83.68,76.98,73.35,58.68,63.3673,27.98,8,4,1,0,0,0,1,4,33899.37,1.0854,low,0.2
CUST012157,837,excellent,97.12,98.41,86.53,34.55,96.09,89.5574,8.64,12,0,0,0,0,0,0,2,82898.88,0.1425,low,0.0
CUST012158,815,excellent,85.84,98.67,67.68,76.25,83.62,85.7827,6.53,9,1,0,0,0,0,1,3,39325.47,0.4584,low,0.25
CUST012159,840,excellent,98.11,89.45,86.93,62.33,95.98,90.0429,6.77,14,0,0,0,0,0,1,4,668186.07,0.7574,low,0.2
CUST012160,820,excellent,85.08,95.5,74.66,76.2,94.75,86.7219,9.62,7,0,0,0,0,0,2,5,44941.28,0.8613,low,0.2857
CUST012161,662,risky,46.3,99.91,27.97,42.14,57.63,60.3507,3.64,0,3,1,0,0,0,0,7,149278.98,0.0192,low,0.0
CUST012162,653,risky,24.08,94.77,82.99,76.99,28.68,58.8757,9.37,8,5,4,0,0,0,1,7,40237.3,1.7854,moderate,0.125
CUST012163,846,excellent,96.24,97.2,98.56,46.49,86.82,90.9591,7.88,20,1,0,0,0,0,1,6,230079.66,0.8917,low,0.1429
CUST012164,812,excellent,93.94,84.41,77.96,69.46,85.67,85.4065,21.56,6,1,0,0,0,0,1,0,156560.23,0.473,low,0.5
CUST012165,825,excellent,86.9,99.18,58.71,93.02,91.46,87.4217,8.2,2,1,0,0,0,0,3,2,182823.9,0.4234,low,0.6
CUST012166,822,excellent,93.34,99.24,44.59,79.17,99.2,86.9671,3.9,1,0,0,0,0,0,2,3,92010.4,0.3495,low,0.4
CUST012167,-1,no_history,73.42,80.36,22.59,42.77,92.69,66.7391,12.59,0,0,0,0,0,0,0,3,246921.91,0.0912,low,0.0
CUST012168,745,good,79.38,78.98,46.86,64.87,92.16,74.2117,12.76,2,0,0,0,0,0,1,1,69101.1,0.9323,low,0.5
CUST012169,660,risky,56.44,96.45,12.73,44.66,49.68,60.032,7.15,0,4,1,0,0,0,0,5,102947.53,0.1596,low,0.0
CUST012170,795,excellent,97.96,84.85,55.19,48.69,96.48,82.5398,10.89,2,0,0,0,0,0,0,6,69872.57,0.1149,low,0.0
CUST012171,806,excellent,86.11,91.49,80.86,55.16,90.74,84.3058,7.71,9,0,0,0,0,0,1,1,106860.67,0.721,low,0.5
CUST012172,789,excellent,99.1,97.12,35.33,32.02,92.54,81.5799,3.32,1,0,0,0,0,0,0,7,54871.25,0.052,low,0.0
CUST012173,707,good,55.27,96.55,56.29,43.82,67.55,67.8877,2.53,3,2,3,0,0,0,0,5,6889.15,0.0968,low,0.0
CUST012174,817,excellent,91.4,90.17,90.43,44.57,91.18,86.1792,1.34,16,1,0,0,0,0,0,0,54252.95,0.0421,low,0.0
CUST012175,826,excellent,87.12,95.11,96.75,72.01,68.94,87.6332,0.68,11,2,0,0,0,0,1,5,117026.75,0.7925,low,0.1667
CUST012176,821,excellent,97.39,82.57,73.8,73.18,95.26,86.7707,11.66,7,0,0,0,0,0,1,1,73060.62,0.9491,low,0.5
CUST012177,813,excellent,99.42,96.65,56.66,38.97,93.94,85.5819,8.24,2,0,0,0,0,0,0,1,100860.46,0.0685,low,0.0
CUST012178,820,excellent,86.67,93.57,94.42,71.05,69.19,86.5923,8.14,11,2,0,0,0,0,1,4,288074.24,0.479,low,0.2
CUST012179,820,excellent,95.53,91.99,83.19,33.85,97.84,86.6776,8.04,7,0,0,0,0,0,0,0,98113.95,0.0716,low,0.0
CUST012180,821,excellent,96.63,85.14,88.42,43.25,99.52,86.9035,12.93,10,0,0,0,0,0,0,0,36687.28,0.0475,low,0.0
CUST012181,758,excellent,91.82,83.25,41.26,38.46,92.23,76.3698,12.6,1,0,0,0,0,0,0,5,747253.83,0.0526,low,0.0
CUST012182,802,excellent,90.59,80.31,94.34,48.28,88.63,83.6415,11.77,15,1,0,0,0,0,0,4,114471.23,0.0237,low,0.0
CUST012183,815,excellent,87.48,99.55,78.45,36.77,99.37,85.8641,2.12,7,0,0,0,0,0,0,6,381039.76,0.127,low,0.0
CUST012184,692,risky,46.11,89.4,86.88,34.6,59.57,65.4067,8.44,10,3,2,0,0,0,0,7,167860.01,0.0401,low,0.0
CUST012185,603,high_risk,5.39,82.14,94.33,48.05,50.4,50.5241,12.38,15,4,0,1,1,1,0,1,39539.29,0.4408,low,0.0
CUST012186,621,high_risk,35.75,82.05,29.02,39.35,80.57,53.473,13.36,0,1,4,0,0,0,0,3,740631.46,0.1638,low,0.0
CUST012187,668,risky,32.51,79.48,74.43,79.24,79.89,61.2996,13.39,9,2,2,0,0,0,1,2,222084.69,1.4553,low,0.3333
CUST012188,697,risky,86.68,33.13,75.88,47.94,97.76,66.2295,52.39,5,0,0,0,0,0,0,0,129037.49,0.1492,low,0.0
CUST012189,821,excellent,70.85,98.82,90.22,91.61,97.27,86.8653,9.92,13,0,0,0,0,0,2,6,113636.02,0.6581,low,0.25
CUST012190,827,excellent,92.57,95.59,90.25,37.82,94.01,87.7959,7.32,16,0,0,0,0,0,0,2,49458.1,0.1259,low,0.0
CUST012191,757,excellent,67.73,96.24,64.98,47.09,91.81,76.2152,6.12,2,1,1,0,0,0,0,7,149506.56,0.1316,low,0.0
CUST012192,784,excellent,99.85,76.58,60.54,45.1,92.2,80.7316,14.25,2,0,0,0,0,0,0,7,119684.56,0.0429,low,0.0
CUST012193,776,excellent,94.65,76.21,34.29,91.69,90.73,79.3753,10.26,1,0,0,0,0,0,2,7,194940.2,0.8577,low,0.2222
CUST012194,664,risky,24.22,95.05,77.22,78.51,52.88,60.7141,8.54,7,4,8,0,0,0,1,4,61722.61,2.0569,moderate,0.2
CUST012195,855,excellent,96.66,96.63,92.01,68.81,89.69,92.4723,8.12,10,1,0,0,0,0,1,6,98109.89,0.4999,low,0.1429
CUST012196,807,excellent,89.67,88.33,68.99,66.75,96.61,84.5707,1.09,5,0,0,0,0,0,1,1,25125.48,0.7495,low,0.5
CUST012197,819,excellent,92.01,82.73,80.54,74.87,99.26,86.517,10.97,9,0,0,0,0,0,1,1,100298.04,0.7738,low,0.5
CUST012198,760,excellent,63.06,93.93,92.73,48.26,76.05,76.5911,6.49,12,2,4,0,0,0,0,2,24196.91,0.1094,low,0.0
CUST012199,741,good,72.23,96.68,33.86,48.65,93.41,73.5682,0.23,0,0,1,0,0,0,0,2,24622.12,0.1347,low,0.0
CUST012200,814,excellent,91.51,91.12,96.97,43.27,73.82,85.6204,1.66,14,2,0,0,0,0,0,1,113138.47,0.0866,low,0.0
CUST012201,827,excellent,94.35,89.35,85.63,66.46,85.88,87.9057,10.99,14,1,0,0,0,0,1,1,264783.71,0.5414,low,0.5
CUST012202,855,excellent,97.44,97.13,93.94,58.34,93.71,92.5381,3.17,11,0,0,0,0,0,1,0,339433.48,0.6951,low,0.5
CUST012203,771,excellent,95.0,64.48,68.02,62.93,94.24,78.5145,38.87,5,0,0,0,0,0,0,7,21898.46,0.0362,low,0.0
CUST012204,780,excellent,96.27,89.27,50.16,46.57,73.73,80.0302,4.54,3,2,0,0,0,0,0,4,250189.18,0.1126,low,0.0
CUST012205,761,excellent,69.96,91.05,72.4,48.32,92.88,76.7795,9.23,5,0,1,0,0,0,1,0,150579.17,0.9967,low,0.5
CUST012206,783,excellent,70.59,88.84,95.69,68.09,80.03,80.5262,12.42,11,1,1,0,0,0,1,7,90445.67,0.6538,low,0.125
CUST012207,720,good,43.79,96.07,95.84,73.93,50.64,69.9836,2.43,19,3,3,0,0,0,1,7,24996.53,1.3655,low,0.125
CUST012208,822,excellent,92.96,92.85,88.02,40.86,93.2,87.0009,5.32,10,0,0,0,0,0,0,7,243966.56,0.002,low,0.0
CUST012209,800,excellent,88.82,98.44,57.69,44.15,96.69,83.3574,4.26,2,0,0,0,0,0,0,6,145077.2,0.0012,low,0.0
CUST012210,610,high_risk,22.91,91.03,33.87,48.14,64.04,51.6271,9.76,0,4,8,0,0,0,0,7,65699.4,0.1694,low,0.0
CUST012211,773,excellent,66.91,93.6,82.43,62.46,87.69,78.8763,0.43,5,1,1,0,0,0,1,2,75812.7,0.4535,low,0.3333
CUST012212,821,excellent,97.24,88.1,76.0,56.93,92.68,86.8233,0.85,5,0,0,0,0,0,1,1,38401.23,0.4316,low,0.5
CUST012213,822,excellent,93.04,89.81,80.41,69.27,84.83,86.9797,0.46,8,1,0,0,0,0,1,6,67382.03,0.3895,low,0.1429
CUST012214,836,excellent,98.47,93.49,94.49,35.65,90.73,89.3229,5.5,11,1,0,0,0,0,0,7,115424.42,0.0792,low,0.0
CUST012215,817,excellent,92.97,95.4,61.12,66.38,91.89,86.1522,2.72,3,0,0,0,0,0,1,2,47113.83,0.7032,low,0.3333
CUST012216,846,excellent,99.13,96.28,71.69,67.11,99.97,91.0445,3.57,9,0,0,0,0,0,1,2,270154.43,0.4063,low,0.3333
CUST012217,747,good,64.35,97.36,72.43,34.24,84.63,74.4815,0.21,5,1,1,0,0,0,0,2,161561.93,0.1179,low,0.0
CUST012218,790,excellent,89.46,90.7,45.51,75.95,87.07,81.6525,0.91,2,1,0,0,0,0,1,4,8292.86,0.6923,low,0.2
CUST012219,856,excellent,95.45,98.02,86.01,70.48,99.62,92.7232,1.58,14,0,0,0,0,0,1,0,31434.7,0.3761,low,0.5
CUST012220,661,risky,22.7,85.04,92.65,37.97,90.49,60.2015,10.91,14,1,8,0,0,1,0,6,152185.16,0.5965,low,0.0
CUST012221,800,excellent,94.97,78.58,60.75,74.19,99.22,83.2687,25.24,3,0,0,0,0,0,1,0,91791.79,0.479,low,0.5
CUST012222,735,good,63.87,95.81,67.12,43.49,69.96,72.5086,6.74,5,2,4,0,0,0,0,7,36563.25,0.1542,low,0.0
CUST012223,809,excellent,91.66,91.4,61.52,62.34,99.38,84.9011,0.39,3,0,0,0,0,0,1,0,46983.0,0.9198,low,0.5
CUST012224,559,high_risk,30.67,38.59,59.56,64.68,53.69,43.0847,67.84,2,4,4,0,0,0,0,0,17636.41,0.1183,low,0.0
CUST012225,808,excellent,92.43,84.56,98.72,30.88,90.21,84.6375,12.71,16,0,0,0,0,0,0,4,111963.45,0.0132,low,0.0
CUST012226,821,excellent,94.23,91.72,69.66,68.52,90.17,86.8123,2.42,6,0,0,0,0,0,1,1,124687.57,0.7027,low,0.5
CUST012227,803,excellent,98.8,97.56,37.02,44.41,99.27,83.7699,1.51,1,0,0,0,0,0,0,6,51059.83,0.1361,low,0.0
CUST012228,824,excellent,97.32,86.6,74.06,66.71,95.51,87.3736,28.22,7,0,0,0,0,0,1,0,6782.62,0.3809,low,0.5
CUST012229,765,excellent,90.87,75.9,69.48,49.45,75.43,77.4833,11.64,7,2,0,0,0,0,1,4,191452.27,0.9989,low,0.2
CUST012230,791,excellent,88.39,77.02,95.57,44.15,90.79,81.873,13.89,17,0,0,0,0,0,0,2,234462.4,0.0703,low,0.0
CUST012231,773,excellent,88.51,94.84,48.67,36.58,85.0,78.8915,0.03,1,1,0,0,0,0,0,7,54478.64,0.1247,low,0.0
CUST012232,793,excellent,88.93,80.73,98.77,30.3,88.98,82.0879,13.13,10,1,0,0,0,0,0,3,774794.66,0.1074,low,0.0
CUST012233,803,excellent,88.97,89.62,96.77,33.46,80.18,83.905,2.36,20,1,0,0,0,0,0,3,53300.57,0.0987,low,0.0
CUST012234,793,excellent,87.76,90.67,54.47,70.2,90.66,82.174,3.17,3,0,0,0,0,0,1,4,129060.84,0.9117,low,0.2
CUST012235,797,excellent,89.17,83.93,83.58,45.36,94.29,82.8911,14.73,7,0,0,0,0,0,0,4,212132.36,0.0184,low,0.0
CUST012236,815,excellent,91.11,89.59,94.06,42.29,87.75,85.8773,3.6,20,1,0,0,0,0,0,6,48981.26,0.1345,low,0.0
CUST012237,679,risky,39.86,80.51,70.58,47.17,98.18,63.2248,11.61,9,0,2,0,0,0,0,5,211838.51,0.1058,low,0.0
CUST012238,821,excellent,98.65,93.88,49.87,68.96,98.34,86.9023,3.66,3,0,0,0,0,0,1,7,113208.14,0.85,low,0.125
CUST012239,812,excellent,92.29,86.08,93.73,39.08,91.93,85.2859,11.47,10,0,0,0,0,0,0,1,338185.45,0.0013,low,0.0
CUST012240,693,risky,47.3,93.49,74.31,47.86,49.88,65.5203,8.52,7,4,3,0,0,0,0,3,87833.93,0.2246,low,0.0
CUST012241,790,excellent,68.57,97.57,93.37,49.41,93.81,81.5948,0.64,12,0,0,0,0,0,0,7,260320.88,0.0769,low,0.0
CUST012242,635,high_risk,11.43,92.59,98.81,62.0,39.69,55.7661,2.85,11,6,3,0,0,0,1,1,90398.1,2.3053,moderate,0.5
CUST012243,823,excellent,94.15,98.73,69.6,64.49,76.89,87.1475,8.77,7,2,0,0,0,0,1,7,423077.21,0.7372,low,0.125
CUST012244,829,excellent,90.39,94.82,95.09,42.88,94.96,88.132,8.12,19,0,0,0,0,0,0,2,34338.49,0.0784,low,0.0
CUST012245,808,excellent,92.43,99.83,66.01,43.74,80.58,84.6348,1.46,8,1,0,0,0,0,0,2,44765.5,0.0894,low,0.0
CUST012246,846,excellent,98.73,89.33,90.02,64.65,97.25,91.0478,1.27,10,0,0,0,0,0,1,7,85149.57,0.6862,low,0.125
CUST012247,786,excellent,93.53,78.27,76.87,43.37,89.81,81.0657,14.94,5,1,0,0,0,0,0,0,25571.64,0.1089,low,0.0
CUST012248,773,excellent,86.51,93.88,40.74,44.25,98.45,78.824,7.22,1,0,0,0,0,0,0,0,278571.41,0.0003,low,0.0
CUST012249,724,good,67.48,66.93,80.15,56.47,92.71,70.6374,36.89,5,0,1,0,0,0,2,6,30938.11,0.3467,low,0.25
CUST012250,701,good,60.23,91.66,63.85,30.58,55.52,66.7684,0.11,3,4,4,0,0,0,0,6,215855.0,0.2186,low,0.0
CUST012251,773,excellent,94.3,98.66,21.8,36.59,93.81,78.911,6.98,0,0,0,0,0,0,0,6,319075.95,0.1561,low,0.0
CUST012252,685,risky,40.19,82.25,94.31,44.9,67.96,64.1763,13.11,20,2,2,0,0,0,0,5,130429.65,0.0061,low,0.0
CUST012253,823,excellent,88.35,91.32,90.06,59.33,94.05,87.1644,9.77,17,0,0,0,0,0,1,4,53789.89,0.4844,low,0.2
CUST012254,649,high_risk,46.57,92.32,30.74,47.34,47.96,58.1347,1.63,0,3,4,0,0,0,0,0,147503.32,0.1782,low,0.0
CUST012255,818,excellent,92.4,90.23,91.09,46.13,85.67,86.2518,4.97,13,1,0,0,0,0,0,1,298461.59,0.0707,low,0.0
CUST012256,740,good,90.05,68.04,48.41,69.33,72.71,73.3958,34.72,1,2,0,0,0,0,1,1,19892.37,0.7787,low,0.5
CUST012257,657,risky,19.26,93.69,76.61,68.37,73.39,59.5182,3.21,6,2,5,0,0,0,1,0,816901.59,1.1694,low,0.5
CUST012258,844,excellent,94.5,94.21,88.02,61.7,98.99,90.6116,0.96,13,0,0,0,0,0,1,7,105094.06,0.3808,low,0.125
CUST012259,793,excellent,90.31,86.63,69.17,46.78,95.45,82.1954,10.15,6,0,0,0,0,0,1,7,254675.66,0.4761,low,0.125
CUST012260,804,excellent,94.18,89.13,76.89,33.93,94.15,84.0441,4.3,5,0,0,0,0,0,0,3,30683.03,0.1081,low,0.0
CUST012261,842,excellent,86.66,97.53,91.77,70.4,98.74,90.2684,1.3,14,0,0,0,0,0,1,4,98674.64,0.9029,low,0.2
CUST012262,824,excellent,94.16,92.35,86.21,43.65,94.0,87.3559,3.8,10,0,0,0,0,0,0,6,154813.15,0.1438,low,0.0
CUST012263,790,excellent,85.01,99.92,54.3,46.51,90.96,81.6223,4.31,2,0,0,0,0,0,0,3,108697.84,0.0642,low,0.0
CUST012264,824,excellent,95.41,87.88,88.63,44.8,97.39,87.27,13.76,20,0,0,0,0,0,0,1,42100.68,0.1645,low,0.0
CUST012265,805,excellent,99.68,77.93,86.64,40.13,88.46,84.123,11.28,16,1,0,0,0,0,0,7,61093.11,0.1436,low,0.0
CUST012266,859,excellent,93.36,96.43,98.72,69.88,98.31,93.2302,8.15,12,0,0,0,0,0,1,1,84328.22,0.9055,low,0.5
CUST012267,846,excellent,96.05,97.34,82.74,63.26,94.54,91.0096,1.26,9,0,0,0,0,0,1,3,35955.62,0.6145,low,0.25
CUST012268,789,excellent,86.38,74.14,80.27,73.12,96.44,81.4709,36.01,6,0,0,0,0,0,1,7,28465.44,0.7052,low,0.125
CUST012269,768,excellent,60.37,99.57,98.24,32.56,90.79,78.0719,1.54,16,1,4,0,0,0,0,4,172153.35,0.2226,low,0.0
CUST012270,850,excellent,97.85,93.4,93.3,60.77,93.74,91.7138,0.68,20,0,0,0,0,0,1,6,338486.79,0.9166,low,0.1429
CUST012271,802,excellent,90.68,90.13,73.85,47.91,90.97,83.7416,7.88,9,0,0,0,0,0,0,7,203570.39,0.0614,low,0.0
CUST012272,642,high_risk,40.4,94.36,25.09,31.06,76.74,56.991,0.8,0,2,3,0,0,0,0,2,27082.92,0.1778,low,0.0
CUST012273,747,good,89.86,94.25,15.47,31.73,93.01,74.5197,7.94,0,0,0,0,0,0,0,0,45648.54,0.0218,low,0.0
CUST012274,712,good,62.23,95.55,73.54,32.55,38.78,68.6108,6.3,6,6,2,0,0,0,0,5,157389.95,0.1182,low,0.0
CUST012275,683,risky,56.87,97.53,28.95,40.78,62.31,63.8142,8.98,0,4,2,0,0,0,0,4,104813.52,0.0465,low,0.0
CUST012276,794,excellent,88.25,92.29,43.15,90.04,82.08,82.2585,8.47,1,1,0,0,0,0,2,1,221610.63,0.6344,low,0.6667
CUST012277,773,excellent,92.67,80.29,58.67,43.23,91.63,78.8067,13.28,3,0,0,0,0,0,0,2,32138.85,0.0195,low,0.0
CUST012278,791,excellent,89.05,91.34,59.63,49.65,93.68,81.8475,6.14,4,0,0,0,0,0,0,0,55101.11,0.1579,low,0.0
CUST012279,772,excellent,87.7,91.24,38.2,64.15,84.51,78.6605,9.55,1,1,0,0,0,0,1,0,175565.21,0.9934,low,0.5
CUST012280,631,high_risk,16.26,96.87,84.92,33.87,43.0,55.1769,6.9,9,4,3,0,0,0,0,4,182742.9,0.2473,low,0.0
CUST012281,792,excellent,92.04,77.29,83.05,60.54,81.31,82.0434,14.91,9,1,0,0,0,0,1,0,227244.08,0.9005,low,0.5
CUST012282,794,excellent,94.28,77.32,85.37,39.39,93.65,82.3045,11.32,12,0,0,0,0,0,0,6,91777.48,0.0581,low,0.0
CUST012283,790,excellent,91.6,81.71,90.16,30.33,85.76,81.7075,11.55,15,1,0,0,0,0,0,7,68840.98,0.1124,low,0.0
CUST012284,786,excellent,91.75,79.15,73.37,45.2,96.01,80.9825,11.73,8,0,0,0,0,0,1,1,39349.79,0.6584,low,0.5
CUST012285,642,high_risk,32.98,88.16,45.59,38.81,83.6,57.0704,1.35,1,1,3,0,0,0,0,5,35235.38,0.0557,low,0.0
CUST012286,787,excellent,92.47,88.58,56.28,40.54,96.82,81.1165,2.31,2,0,0,0,0,0,0,5,94951.85,0.1483,low,0.0
CUST012287,766,excellent,57.87,92.95,98.65,65.04,91.81,77.6188,3.45,11,1,1,0,0,0,1,4,125298.33,1.3559,low,0.2
CUST012288,813,excellent,94.42,98.79,48.75,61.89,92.92,85.4799,5.07,2,0,0,0,0,0,1,2,78462.93,0.5704,low,0.3333
CUST012289,825,excellent,87.93,97.65,90.8,46.57,91.89,87.5394,3.69,10,0,0,0,0,0,0,5,65865.15,0.027,low,0.0
CUST012290,770,excellent,93.65,78.49,64.02,30.28,93.36,78.2887,11.98,2,0,0,0,0,0,0,3,20691.42,0.1171,low,0.0
CUST012291,775,excellent,92.23,98.34,30.59,39.09,88.31,79.113,5.89,0,1,0,0,0,0,0,7,335797.18,0.0324,low,0.0
CUST012292,819,excellent,90.26,93.15,79.31,58.02,92.68,86.4998,8.6,5,0,0,0,0,0,1,7,124564.87,0.743,low,0.125
CUST012293,571,high_risk,14.15,92.55,25.27,41.78,44.9,45.1753,8.56,0,4,3,0,1,1,0,0,416501.83,0.6427,low,0.0
CUST012294,747,good,71.2,89.22,53.21,49.83,97.9,74.4421,9.18,2,0,0,0,0,0,0,0,254619.33,0.0235,low,0.0
CUST012295,804,excellent,94.79,81.31,72.6,73.51,82.32,84.0419,10.08,5,1,0,0,0,0,1,7,154951.41,0.9565,low,0.125
CUST012296,605,high_risk,7.66,89.37,73.26,69.22,44.87,50.8896,8.24,6,5,8,1,0,0,1,4,14489.52,2.2314,moderate,0.2
CUST012297,839,excellent,97.58,97.56,100.0,33.11,81.5,89.8833,4.0,17,1,0,0,0,0,0,6,19656.28,0.0483,low,0.0
CUST012298,813,excellent,86.6,91.56,89.93,48.25,94.28,85.5171,0.14,14,0,0,0,0,0,0,4,43195.08,0.0005,low,0.0
CUST012299,785,excellent,89.6,81.24,74.68,40.81,98.2,80.8332,14.05,9,0,0,0,0,0,0,4,147582.01,0.0951,low,0.0
CUST012300,833,excellent,98.51,88.81,92.69,47.29,91.6,88.9136,0.3,13,1,0,0,0,0,0,6,86381.87,0.0318,low,0.0
CUST012301,807,excellent,76.5,89.91,91.33,78.42,91.99,84.4897,12.09,15,1,0,0,0,0,2,1,98664.41,0.7409,low,0.6667
CUST012302,768,excellent,96.43,86.73,45.66,45.28,68.6,78.0053,13.13,1,2,0,0,0,0,0,6,59830.64,0.1501,low,0.0
CUST012303,760,excellent,87.87,87.27,48.94,33.06,91.36,76.7165,11.36,2,1,0,0,0,0,0,7,137551.94,0.0201,low,0.0
CUST012304,816,excellent,92.0,91.63,81.43,46.98,93.95,85.9955,0.68,7,0,0,0,0,0,0,5,176058.68,0.021,low,0.0
CUST012305,800,excellent,90.45,89.84,81.27,43.44,82.0,83.3446,12.83,5,1,0,0,0,0,0,5,102650.52,0.0554,low,0.0
CUST012306,791,excellent,85.49,79.48,99.6,62.05,69.11,81.8211,14.6,10,2,0,0,0,0,1,4,29676.94,0.9367,low,0.2
CUST012307,809,excellent,99.33,94.37,30.97,73.07,98.43,84.8732,2.64,1,0,0,0,0,0,1,0,68179.31,0.9023,low,0.5
CUST012308,647,high_risk,13.47,98.33,84.84,35.84,72.54,57.7779,4.43,8,2,6,0,1,1,0,5,60727.14,0.393,low,0.0
CUST012309,824,excellent,98.92,85.3,82.51,48.08,99.77,87.3716,12.76,7,0,0,0,0,0,0,6,160393.85,0.1655,low,0.0
CUST012310,820,excellent,97.55,83.59,95.65,32.2,98.36,86.6217,12.56,13,0,0,0,0,0,0,4,670514.77,0.1127,low,0.0
CUST012311,815,excellent,98.56,90.62,70.36,54.62,81.5,85.8468,4.4,9,1,0,0,0,0,1,3,77606.89,0.9725,low,0.25
CUST012312,792,excellent,85.95,91.87,77.45,32.17,94.81,81.9577,8.91,7,0,0,0,0,0,0,2,204754.53,0.0785,low,0.0
CUST012313,737,good,52.74,96.17,86.99,49.71,74.54,72.7846,9.01,15,2,2,0,0,0,0,3,381198.37,0.2439,low,0.0
CUST012314,731,good,61.07,95.7,64.85,44.53,75.02,71.7663,1.41,4,2,1,0,0,0,0,6,164598.74,0.1218,low,0.0
CUST012315,799,excellent,90.29,98.41,49.38,52.12,94.24,83.1671,7.22,4,0,0,0,0,0,1,1,36607.79,0.4725,low,0.5
CUST012316,789,excellent,92.27,88.96,69.08,37.61,84.63,81.5686,6.96,6,1,0,0,0,0,0,7,278728.78,0.1499,low,0.0
CUST012317,772,excellent,85.0,75.02,75.12,59.47,92.24,78.6936,10.67,7,0,0,0,0,0,1,4,226818.19,0.4167,low,0.2
CUST012318,785,excellent,87.75,85.01,58.57,66.44,92.26,80.8692,10.58,2,0,0,0,0,0,1,4,122957.64,0.6317,low,0.2
CUST012319,646,high_risk,24.9,95.67,71.28,33.66,61.66,57.6424,2.67,7,4,4,0,0,1,0,5,73539.55,0.2734,low,0.0
CUST012320,815,excellent,89.09,82.66,96.66,54.89,98.15,85.7814,10.22,15,0,0,0,0,0,1,3,217950.01,0.4505,low,0.25
CUST012321,792,excellent,85.7,94.28,46.68,74.01,92.81,81.9605,6.81,3,0,0,0,0,0,1,4,209346.63,0.7832,low,0.2
CUST012322,802,excellent,86.02,89.43,97.29,30.44,90.5,83.6244,2.46,19,0,0,0,0,0,0,6,172605.63,0.0752,low,0.0
CUST012323,798,excellent,94.85,99.9,43.89,35.16,97.9,83.0554,1.13,1,0,0,0,0,0,0,7,17871.28,0.0836,low,0.0
CUST012324,670,risky,55.01,72.74,59.14,59.88,57.05,61.6399,37.47,2,4,3,0,0,0,0,6,76078.99,0.1523,low,0.0
CUST012325,758,excellent,88.46,52.79,95.65,60.28,91.85,76.3591,54.19,14,0,0,0,0,0,1,6,297337.05,0.9716,low,0.1429
CUST012326,705,good,40.46,83.2,94.12,62.03,81.33,67.5725,10.41,11,1,4,0,0,0,1,6,53703.55,0.9495,low,0.1429
CUST012327,812,excellent,91.51,97.42,70.59,48.09,86.5,85.3046,5.52,6,1,0,0,0,0,0,5,92472.43,0.021,low,0.0
CUST012328,811,excellent,97.03,91.05,74.66,48.2,78.75,85.1686,2.16,8,2,0,0,0,0,1,3,66322.88,0.955,low,0.25
CUST012329,828,excellent,91.43,91.17,98.23,65.68,73.45,88.002,2.29,15,2,0,0,0,0,1,1,76551.24,0.583,low,0.5
CUST012330,826,excellent,98.44,84.71,93.71,42.76,93.83,87.5838,14.97,14,0,0,0,0,0,0,5,67128.58,0.0434,low,0.0
CUST012331,844,excellent,99.88,99.12,78.77,49.08,93.19,90.735,6.54,5,0,0,0,0,0,1,0,113328.8,0.7379,low,0.5
CUST012332,738,good,94.34,78.02,31.35,37.15,81.35,72.9789,12.44,0,1,0,0,0,0,0,2,185662.06,0.0627,low,0.0
CUST012333,702,good,43.99,89.85,98.62,43.45,55.54,67.0437,4.59,14,4,1,0,0,0,0,4,77280.27,0.1844,low,0.0
CUST012334,795,excellent,97.95,99.29,33.07,35.07,99.93,82.5299,1.21,0,0,0,0,0,0,0,7,180535.7,0.0482,low,0.0
CUST012335,785,excellent,89.24,94.55,37.87,68.81,86.35,80.7959,2.33,1,1,0,0,0,0,1,7,81377.77,0.5246,low,0.125
CUST012336,601,high_risk,10.1,89.52,91.14,30.71,30.3,50.1626,5.78,18,5,1,0,1,1,0,1,22465.0,0.2695,low,0.0
CUST012337,843,excellent,97.02,91.99,86.07,71.48,88.72,90.4853,7.44,15,1,0,0,0,0,1,6,96361.15,0.5039,low,0.1429
CUST012338,605,high_risk,12.26,86.96,88.79,49.59,22.41,50.8988,10.59,13,6,7,0,1,1,0,3,102379.57,0.6222,low,0.0
CUST012339,814,excellent,99.05,97.24,51.83,41.31,98.75,85.6216,9.92,2,0,0,0,0,0,0,1,149244.56,0.0744,low,0.0
CUST012340,795,excellent,90.8,88.36,64.29,49.92,95.44,82.4672,1.54,2,0,0,0,0,0,0,0,56569.94,0.1019,low,0.0
CUST012341,813,excellent,93.64,87.02,80.7,49.17,95.52,85.4534,14.17,6,0,0,0,0,0,0,6,618112.16,0.035,low,0.0
CUST012342,792,excellent,73.7,93.62,83.23,64.49,92.55,82.0715,1.1,6,0,0,0,0,0,1,4,42995.2,0.3997,low,0.2
CUST012343,779,excellent,71.51,89.69,94.69,45.14,92.31,79.8843,0.39,10,0,1,0,0,0,0,3,120069.17,0.1296,low,0.0
CUST012344,795,excellent,99.45,93.22,33.47,56.15,91.25,82.534,7.2,1,0,0,0,0,0,1,6,90947.43,0.5625,low,0.1429
CUST012345,815,excellent,90.74,89.57,81.91,55.22,93.43,85.7834,3.59,6,0,0,0,0,0,1,1,67792.94,0.7585,low,0.5
CUST012346,837,excellent,98.84,75.07,90.87,90.07,98.29,89.5803,10.88,20,0,0,0,0,0,2,3,117422.74,0.4888,low,0.4
CUST012347,843,excellent,98.59,86.67,99.02,57.62,94.41,90.564,12.14,16,0,0,0,0,0,1,4,46330.85,0.8321,low,0.2
CUST012348,821,excellent,91.05,99.42,75.09,47.6,91.34,86.8487,9.62,5,0,0,0,0,0,0,4,230116.13,0.1511,low,0.0
CUST012349,703,good,43.58,75.23,89.75,78.32,80.78,67.1937,14.69,12,1,4,0,0,0,1,6,392705.36,0.6801,low,0.1429
CUST012350,798,excellent,85.48,93.06,78.59,50.22,83.39,82.9847,5.49,7,1,0,0,0,0,1,3,30010.75,0.4174,low,0.25
CUST012351,782,excellent,89.39,91.63,34.94,75.94,87.05,80.3146,2.46,0,1,0,0,0,0,2,1,55264.24,0.6706,low,0.6667
CUST012352,618,high_risk,9.6,89.39,86.76,45.48,52.87,53.0248,11.92,15,4,8,0,1,1,0,2,316684.3,0.2019,low,0.0
CUST012353,806,excellent,97.55,96.66,48.19,48.85,90.89,84.3416,0.68,1,1,0,0,0,0,0,1,123532.3,0.0447,low,0.0
CUST012354,806,excellent,94.41,92.99,69.43,46.06,84.54,84.416,5.5,7,1,0,0,0,0,0,4,105559.58,0.1111,low,0.0
CUST012355,759,excellent,86.63,87.89,38.38,41.3,98.6,76.4331,14.31,1,0,0,0,0,0,0,4,42331.01,0.0433,low,0.0
CUST012356,812,excellent,70.49,97.44,91.22,78.12,98.96,85.297,7.55,12,0,0,0,0,0,1,5,159220.35,0.8356,low,0.1667
CUST012357,733,good,99.34,75.91,11.3,47.88,81.11,72.134,13.88,0,1,0,0,0,0,0,4,50753.23,0.149,low,0.0
CUST012358,837,excellent,97.11,96.86,83.97,42.34,97.08,89.5832,7.75,6,0,0,0,0,0,0,1,30015.5,0.1421,low,0.0
CUST012359,792,excellent,96.36,95.64,43.16,36.38,94.02,81.9317,2.89,1,0,0,0,0,0,0,3,230265.9,0.1523,low,0.0
CUST012360,770,excellent,89.16,99.49,25.91,37.01,97.42,78.3834,1.95,0,0,0,0,0,0,0,2,98708.9,0.0522,low,0.0
CUST012361,769,excellent,89.69,71.78,73.64,50.97,91.18,78.186,31.26,9,0,0,0,0,0,0,2,64902.39,0.0755,low,0.0
CUST012362,779,excellent,87.67,92.55,49.39,49.46,90.31,79.832,5.93,2,1,0,0,0,0,1,1,143655.45,0.4987,low,0.5
CUST012363,812,excellent,78.57,99.77,92.23,47.18,93.76,85.362,5.28,15,0,1,0,0,0,0,4,21287.25,0.1325,low,0.0
CUST012364,612,high_risk,6.47,88.34,80.0,35.36,76.44,51.9479,8.54,7,2,6,1,1,1,0,0,148989.96,0.6068,low,0.0
CUST012365,790,excellent,99.97,90.93,50.75,34.0,84.21,81.7033,5.53,2,1,0,0,0,0,0,3,110658.62,0.0849,low,0.0
CUST012366,631,high_risk,24.81,94.05,79.53,34.41,29.31,55.1997,0.08,6,5,5,0,0,1,0,0,128705.66,0.6045,low,0.0
CUST012367,850,excellent,89.82,97.9,97.98,63.79,98.6,91.7436,5.53,19,0,0,0,0,0,1,3,59026.59,0.6969,low,0.25
CUST012368,857,excellent,93.0,96.14,97.35,71.3,96.68,92.791,2.0,17,0,0,0,0,0,1,2,197049.65,0.4104,low,0.3333
CUST012369,753,excellent,85.14,62.91,68.28,69.63,96.31,75.5082,44.48,5,0,0,0,0,0,1,4,204465.93,0.4532,low,0.2
CUST012370,802,excellent,96.33,92.13,59.01,40.48,93.81,83.6363,1.96,2,0,0,0,0,0,0,7,361414.16,0.075,low,0.0
CUST012371,737,good,85.54,81.48,32.73,37.94,97.89,72.8765,13.51,0,0,0,0,0,0,0,6,103179.4,0.0918,low,0.0
CUST012372,807,excellent,95.95,89.9,59.94,60.76,88.11,84.4298,12.56,3,1,0,0,0,0,1,0,380962.25,0.7418,low,0.5
CUST012373,824,excellent,85.35,99.12,88.26,59.05,86.08,87.3641,2.32,15,1,0,0,0,0,1,2,72704.01,0.9274,low,0.3333
CUST012374,793,excellent,97.21,91.57,45.43,43.33,96.04,82.2439,8.91,1,0,0,0,0,0,0,3,162371.52,0.1413,low,0.0
CUST012375,797,excellent,91.81,87.76,71.09,51.97,84.83,82.8048,25.73,5,1,0,0,0,0,0,6,32279.53,0.1068,low,0.0
CUST012376,804,excellent,89.49,83.95,65.48,78.48,97.5,83.9267,12.04,8,0,0,0,0,0,1,0,64449.73,0.9713,low,0.5
CUST012377,808,excellent,98.14,75.01,69.25,78.3,95.43,84.612,29.4,5,0,0,0,0,0,1,5,76822.18,0.4116,low,0.1667
CUST012378,799,excellent,92.85,89.22,77.35,30.66,93.14,83.2466,3.43,6,0,0,0,0,0,0,4,988102.72,0.0635,low,0.0
CUST012379,831,excellent,94.48,90.94,95.26,47.18,91.23,88.4828,0.83,19,0,0,0,0,0,0,6,8150.59,0.0928,low,0.0
CUST012380,786,excellent,91.49,95.02,49.02,40.0,91.76,81.0558,7.14,1,0,0,0,0,0,0,5,28279.56,0.0939,low,0.0
CUST012381,708,good,46.6,95.82,87.02,48.54,50.36,67.9988,9.19,12,3,1,0,0,0,0,5,26269.8,0.1131,low,0.0
CUST012382,762,excellent,62.95,93.84,95.09,47.69,78.11,77.0278,9.17,12,2,2,0,0,0,0,3,46459.2,0.1751,low,0.0
CUST012383,783,excellent,86.91,88.26,63.57,43.49,96.51,80.4322,2.43,4,0,0,0,0,0,0,0,69192.16,0.045,low,0.0
CUST012384,811,excellent,87.22,92.41,87.03,49.46,89.12,85.163,0.74,16,1,0,0,0,0,1,0,141801.81,0.6185,low,0.5
CUST012385,786,excellent,90.47,92.66,46.14,47.27,99.19,81.0286,3.48,1,0,0,0,0,0,0,6,77551.24,0.0989,low,0.0
CUST012386,749,good,85.96,60.07,84.23,45.41,94.9,74.7735,45.28,5,0,0,0,0,0,0,1,129656.4,0.1344,low,0.0
CUST012387,820,excellent,93.2,92.43,81.36,60.61,80.32,86.6456,9.37,5,1,0,0,0,0,1,1,229510.24,0.5544,low,0.5
CUST012388,798,excellent,88.86,92.17,61.42,72.46,77.69,82.9808,2.94,3,2,0,0,0,0,1,5,265144.64,0.6518,low,0.1667
CUST012389,751,excellent,88.51,87.58,37.41,30.36,92.56,75.1532,12.44,1,0,0,0,0,0,0,0,49220.94,0.1555,low,0.0
CUST012390,810,excellent,91.54,84.85,81.61,54.46,97.74,84.956,28.64,7,0,0,0,0,0,2,0,71084.4,0.4043,low,0.6667
CUST012391,810,excellent,87.52,87.79,79.26,64.35,96.7,84.9623,14.07,6,0,0,0,0,0,1,4,96990.9,0.3716,low,0.2
CUST012392,778,excellent,73.12,98.55,81.05,40.3,83.66,79.7106,2.41,5,1,1,0,0,0,0,7,82395.07,0.0939,low,0.0
CUST012393,808,excellent,89.21,86.08,94.28,42.96,91.1,84.5952,11.06,14,0,0,0,0,0,0,4,44824.01,0.0835,low,0.0
CUST012394,702,good,45.06,93.19,67.18,49.14,82.33,66.9496,3.89,9,1,4,0,0,0,0,5,46753.6,0.01,low,0.0
CUST012395,728,good,58.13,79.63,85.1,71.89,81.36,71.3268,13.83,17,1,1,0,0,0,1,4,85382.83,1.3944,low,0.2
CUST012396,784,excellent,95.34,89.32,40.12,46.46,98.36,80.6639,3.31,1,0,0,0,0,0,1,5,148976.92,0.7972,low,0.1667
CUST012397,783,excellent,92.0,89.13,31.42,87.47,80.29,80.4274,4.12,1,1,0,0,0,0,2,3,169724.4,0.5702,low,0.4
CUST012398,772,excellent,90.83,94.5,30.68,44.87,94.64,78.6964,5.59,0,0,0,0,0,0,0,7,202742.36,0.1392,low,0.0
CUST012399,815,excellent,94.87,93.2,50.37,78.59,92.31,85.8116,2.24,2,0,0,0,0,0,1,3,129288.54,0.8274,low,0.25
CUST012400,819,excellent,94.72,89.58,89.13,49.29,81.39,86.4642,8.38,12,1,0,0,0,0,1,7,77875.49,0.7296,low,0.125
CUST012401,756,excellent,88.39,95.08,17.72,39.82,98.61,75.9618,5.82,0,0,0,0,0,0,0,3,132292.44,0.1416,low,0.0
CUST012402,830,excellent,92.24,98.7,92.85,32.96,92.62,88.3794,1.71,12,0,0,0,0,0,0,7,87253.8,0.0447,low,0.0
CUST012403,759,excellent,60.08,91.5,88.32,61.17,85.88,76.4295,7.62,14,1,4,0,0,0,1,2,285605.01,0.8429,low,0.3333
CUST012404,687,risky,43.47,97.05,47.15,60.99,80.37,64.5381,7.11,3,1,1,0,0,0,1,3,63944.02,1.3725,low,0.25
CUST012405,758,excellent,85.01,97.96,37.67,32.11,84.07,76.4086,6.06,1,1,0,0,0,0,0,4,81500.67,0.1254,low,0.0
CUST012406,674,risky,58.98,93.03,32.15,32.0,57.31,62.3059,9.35,1,3,4,0,0,0,0,3,201109.86,0.0753,low,0.0
CUST012407,846,excellent,94.57,96.93,98.83,47.89,91.48,90.9409,7.37,19,0,0,0,0,0,0,6,29015.12,0.023,low,0.0
CUST012408,669,risky,39.79,88.05,47.67,61.38,89.16,61.5445,5.16,2,1,1,0,0,0,1,7,71279.78,1.4777,low,0.125
CUST012409,807,excellent,85.66,88.04,86.89,54.73,95.9,84.4891,8.48,10,0,0,0,0,0,1,4,127322.43,0.8941,low,0.2
CUST012410,663,risky,28.57,95.44,76.38,32.92,71.3,60.5118,7.61,6,2,2,0,0,0,0,4,23718.58,0.1747,low,0.0
CUST012411,786,excellent,91.29,91.61,60.51,33.88,91.27,81.0274,9.03,3,1,0,0,0,0,0,1,16907.45,0.0912,low,0.0
CUST012412,813,excellent,91.93,88.05,76.47,60.68,94.31,85.56,5.7,5,0,0,0,0,0,1,4,151882.31,0.54,low,0.2
CUST012413,832,excellent,91.77,95.96,91.31,59.49,81.57,88.7112,6.62,11,1,0,0,0,0,0,0,73812.05,0.0858,low,0.0
CUST012414,818,excellent,87.7,97.69,78.07,60.8,86.23,86.4148,7.12,7,1,0,0,0,0,1,0,186726.93,0.8845,low,0.5
CUST012415,811,excellent,88.5,99.82,69.15,42.26,95.86,85.1055,9.83,6,0,0,0,0,0,0,0,143485.89,0.0866,low,0.0
CUST012416,803,excellent,99.39,89.17,51.19,62.87,83.22,83.8269,12.39,2,1,0,0,0,0,1,6,52463.55,0.8084,low,0.1429
CUST012417,599,high_risk,16.79,77.21,53.73,75.71,62.05,49.8749,12.37,4,4,5,0,0,0,1,7,66154.49,2.0775,moderate,0.125
CUST012418,703,good,46.47,92.31,87.13,32.87,69.3,67.2429,6.52,15,2,3,0,0,0,0,3,144647.36,0.2043,low,0.0
CUST012419,819,excellent,97.1,84.86,84.94,60.87,82.31,86.5025,26.49,9,1,0,0,0,0,0,4,92437.14,0.0557,low,0.0
CUST012420,612,high_risk,12.03,98.94,71.03,68.4,16.36,52.0224,1.86,5,7,8,1,0,0,1,2,62302.46,2.2559,moderate,0.3333
CUST012421,834,excellent,98.57,90.63,94.13,35.12,97.1,89.0299,6.68,13,0,0,0,0,0,0,5,72156.6,0.1449,low,0.0
CUST012422,810,excellent,95.95,93.63,76.59,35.39,82.9,84.9856,4.44,7,1,0,0,0,0,0,4,103345.24,0.0334,low,0.0
CUST012423,662,risky,41.16,65.71,88.89,48.92,79.75,60.3179,49.88,12,2,1,0,0,0,0,2,377932.22,0.1005,low,0.0
CUST012424,813,excellent,88.18,91.51,89.89,38.92,98.06,85.4986,9.77,12,0,0,0,0,0,0,3,303289.43,0.1292,low,0.0
CUST012425,698,risky,35.97,95.63,89.55,38.64,76.98,66.2743,1.81,20,2,4,0,0,0,0,1,48309.97,0.1233,low,0.0
CUST012426,813,excellent,94.42,92.68,80.28,33.79,92.16,85.4888,8.11,9,0,0,0,0,0,0,6,16844.6,0.1363,low,0.0
CUST012427,750,excellent,57.55,88.71,89.51,64.38,83.81,75.001,4.7,12,1,3,0,0,0,1,1,15341.3,0.6934,low,0.5
CUST012428,667,risky,15.56,92.76,99.94,49.18,79.93,61.1789,5.1,15,2,7,0,0,1,0,4,48334.76,0.5423,low,0.0
CUST012429,808,excellent,89.99,93.62,45.01,86.09,96.84,84.63,2.98,3,0,0,0,0,0,2,3,636791.63,0.7208,low,0.4
CUST012430,632,high_risk,28.0,92.4,52.51,48.63,50.2,55.2793,8.09,3,4,5,0,0,1,0,4,69979.92,0.6627,low,0.0
CUST012431,760,excellent,94.91,81.82,47.19,32.41,85.57,76.6435,14.99,1,1,0,0,0,0,0,2,38865.36,0.0402,low,0.0
CUST012432,744,good,90.08,88.16,24.97,38.82,83.96,73.9986,4.14,0,1,0,0,0,0,0,7,313795.32,0.1137,low,0.0
CUST012433,805,excellent,99.14,96.18,34.12,57.82,96.54,84.105,2.38,1,0,0,0,0,0,1,6,180115.96,0.5459,low,0.1429
CUST012434,738,good,70.13,96.04,45.46,32.48,95.79,73.0005,9.83,2,0,0,0,0,0,0,4,162476.78,0.0226,low,0.0
CUST012435,664,risky,34.83,79.15,80.97,76.41,60.03,60.7253,14.5,9,3,1,0,0,0,1,1,263153.62,1.3318,low,0.5
CUST012436,804,excellent,98.72,88.4,43.26,77.84,86.22,83.9661,4.31,1,1,0,0,0,0,1,0,57248.0,0.9912,low,0.5
CUST012437,809,excellent,86.29,89.22,97.74,39.44,92.16,84.7915,13.5,14,0,0,0,0,0,0,7,137590.1,0.0709,low,0.0
CUST012438,805,excellent,95.24,91.18,70.62,41.33,86.96,84.1092,7.19,9,1,0,0,0,0,0,3,100288.13,0.1017,low,0.0
CUST012439,811,excellent,91.12,98.38,69.22,48.87,84.74,85.1487,5.24,7,1,0,0,0,0,0,2,51209.77,0.0548,low,0.0
CUST012440,800,excellent,91.13,88.74,76.52,47.64,85.61,83.3179,5.56,6,1,0,0,0,0,0,0,50748.52,0.1302,low,0.0
CUST012441,774,excellent,86.44,91.44,49.65,43.34,96.06,79.0717,1.33,2,0,0,0,0,0,0,1,349001.56,0.0706,low,0.0
CUST012442,820,excellent,94.87,88.48,88.22,38.74,98.07,86.6638,1.55,10,0,0,0,0,0,0,1,61299.44,0.0396,low,0.0
CUST012443,716,good,44.22,97.15,91.22,40.79,69.29,69.3115,5.96,16,2,4,0,0,0,0,5,111392.65,0.0546,low,0.0
CUST012444,833,excellent,87.59,93.55,99.84,57.92,93.82,88.8705,6.44,20,0,0,0,0,0,1,4,91206.59,0.7021,low,0.2
CUST012445,704,good,51.69,78.95,84.34,47.12,81.5,67.2896,27.06,6,1,2,0,0,0,0,5,49733.88,0.1093,low,0.0
CUST012446,767,excellent,76.49,83.21,97.09,38.55,76.44,77.7937,12.99,10,2,1,0,0,0,0,3,121745.66,0.1597,low,0.0
CUST012447,678,risky,28.54,90.79,89.09,31.03,92.61,62.9543,6.88,14,0,3,0,0,0,0,4,66013.38,0.1465,low,0.0
CUST012448,799,excellent,99.26,91.47,49.04,45.43,90.19,83.1012,6.14,1,0,0,0,0,0,0,6,261374.07,0.1499,low,0.0
CUST012449,629,high_risk,7.22,97.54,64.29,41.71,93.11,54.9137,8.51,2,0,3,0,1,1,0,6,117941.9,0.4755,low,0.0
CUST012450,826,excellent,99.15,80.45,96.25,49.15,94.87,87.678,15.95,11,0,0,0,0,0,0,3,438395.48,0.0928,low,0.0
CUST012451,831,excellent,95.61,95.79,99.82,30.23,82.9,88.4863,6.52,16,1,0,0,0,0,0,6,639140.71,0.045,low,0.0
CUST012452,830,excellent,97.45,90.97,88.74,45.8,90.51,88.3412,1.66,15,1,0,0,0,0,0,3,150122.44,0.1041,low,0.0
CUST012453,837,excellent,95.41,93.11,91.94,44.33,99.51,89.5,6.89,19,0,0,0,0,0,0,1,17892.61,0.1117,low,0.0
CUST012454,820,excellent,96.69,84.64,83.2,57.7,92.0,86.6818,12.9,9,1,0,0,0,0,1,7,361413.72,0.8135,low,0.125
CUST012455,814,excellent,93.28,96.31,74.5,34.31,95.72,85.7167,2.21,5,0,0,0,0,0,0,0,114751.69,0.0347,low,0.0
CUST012456,823,excellent,85.3,89.75,87.8,77.56,94.42,87.148,9.52,16,0,0,0,0,0,1,7,394409.5,0.401,low,0.125
CUST012457,753,excellent,95.34,91.18,15.76,30.08,93.33,75.4298,1.52,0,0,0,0,0,0,0,4,65761.86,0.1265,low,0.0
CUST012458,776,excellent,90.39,89.33,52.4,37.96,92.62,79.3539,5.36,2,0,0,0,0,0,0,7,150661.85,0.0545,low,0.0
CUST012459,787,excellent,90.8,81.67,77.64,36.57,96.68,81.249,11.81,6,0,0,0,0,0,0,5,119710.72,0.0455,low,0.0
CUST012460,839,excellent,94.08,96.71,88.63,49.31,96.86,89.853,3.17,20,0,0,0,0,0,0,6,23039.48,0.0335,low,0.0
CUST012461,771,excellent,85.27,87.11,53.06,46.45,98.93,78.4723,12.2,2,0,0,0,0,0,1,3,41148.86,0.7964,low,0.25
CUST012462,843,excellent,91.09,96.12,93.77,64.84,92.21,90.4902,8.11,20,0,0,0,0,0,1,1,55267.67,0.8536,low,0.5
CUST012463,627,high_risk,21.0,92.26,45.92,78.01,57.34,54.4504,9.96,1,4,7,0,0,0,1,2,45007.78,2.1064,moderate,0.3333
CUST012464,768,excellent,87.54,83.03,52.63,47.18,98.77,78.0348,12.6,2,0,0,0,0,0,0,1,264250.6,0.1024,low,0.0
CUST012465,644,high_risk,38.66,95.22,21.95,48.66,70.6,57.3146,3.48,0,2,2,0,0,0,0,4,98391.09,0.237,low,0.0
CUST012466,613,high_risk,30.91,78.0,62.76,61.9,34.06,52.2295,12.09,3,5,3,0,0,0,1,6,28375.58,1.1419,low,0.1429
CUST012467,811,excellent,99.22,93.59,60.13,33.68,99.09,85.1008,1.07,2,0,0,0,0,0,0,2,19167.81,0.1268,low,0.0
CUST012468,791,excellent,85.78,99.23,58.15,38.32,95.68,81.9155,4.81,2,0,0,0,0,0,0,6,61285.74,0.1074,low,0.0
CUST012469,697,risky,43.12,88.73,80.87,67.1,66.8,66.2329,4.28,8,2,3,0,0,0,2,0,101488.24,1.0332,low,0.6667
CUST012470,639,high_risk,29.95,76.82,79.63,66.63,54.04,56.539,13.38,5,3,5,0,0,0,1,5,16937.98,1.4696,low,0.1667
CUST012471,684,risky,49.82,93.06,41.21,49.98,74.77,64.0126,6.44,1,2,2,0,0,0,0,1,33814.69,0.1065,low,0.0
CUST012472,736,good,61.28,93.04,88.61,48.36,51.64,72.6499,0.71,16,3,3,0,0,0,0,6,33791.49,0.154,low,0.0
CUST012473,789,excellent,98.05,98.16,35.67,30.96,93.48,81.559,6.99,1,0,0,0,0,0,0,4,59553.57,0.0042,low,0.0
CUST012474,781,excellent,89.48,90.08,49.15,49.49,94.41,80.1048,6.47,2,0,0,0,0,0,0,7,51939.33,0.1523,low,0.0
CUST012475,837,excellent,94.93,85.63,99.14,71.58,85.05,89.4455,13.85,13,1,0,0,0,0,2,6,849436.83,0.3899,low,0.25
CUST012476,763,excellent,87.84,85.33,39.8,49.22,98.84,77.1208,14.1,1,0,0,0,0,0,0,5,246860.38,0.075,low,0.0
CUST012477,736,good,63.97,92.47,97.61,38.4,40.07,72.6193,9.63,14,3,1,0,0,0,0,6,42681.44,0.0239,low,0.0
CUST012478,651,risky,16.56,95.33,80.48,42.01,77.95,58.4626,0.37,8,2,4,0,0,1,0,6,29949.24,0.4313,low,0.0
CUST012479,601,high_risk,15.45,81.54,73.0,32.3,61.25,50.1752,10.55,5,4,7,0,0,1,0,6,178340.77,0.2779,low,0.0
CUST012480,737,good,62.41,95.31,66.51,44.69,79.93,72.8767,7.09,7,2,3,0,0,0,0,7,17007.57,0.1343,low,0.0
CUST012481,700,good,57.53,89.12,56.75,64.4,57.59,66.5841,12.25,4,3,3,0,0,0,1,3,13450.95,1.3159,low,0.25
CUST012482,833,excellent,90.61,89.99,91.83,78.87,84.24,88.7958,7.76,16,1,0,0,0,0,1,6,90621.65,0.6349,low,0.1429
CUST012483,719,good,71.24,60.04,79.59,56.51,92.36,69.7693,32.48,6,0,0,0,0,0,0,6,366306.82,0.1021,low,0.0
CUST012484,717,good,47.79,90.16,95.33,39.11,75.32,69.515,9.0,16,2,1,0,0,0,0,4,79379.07,0.1604,low,0.0
CUST012485,853,excellent,98.36,98.84,97.47,42.22,92.54,92.176,7.43,11,0,0,0,0,0,0,5,75460.63,0.1549,low,0.0
CUST012486,821,excellent,95.58,88.29,95.65,31.69,94.58,86.9156,6.88,11,0,0,0,0,0,0,1,106669.98,0.0948,low,0.0
CUST012487,806,excellent,95.25,92.11,71.99,37.33,88.82,84.3834,4.64,6,1,0,0,0,0,0,4,845552.55,0.0883,low,0.0
CUST012488,737,good,55.19,95.88,95.42,43.78,61.27,72.8961,5.06,19,4,4,0,0,0,0,1,154019.02,0.1619,low,0.0
CUST012489,727,good,60.12,87.72,94.07,33.24,63.75,71.1679,14.7,17,4,4,0,0,0,0,0,120247.1,0.1982,low,0.0
CUST012490,715,good,40.44,88.62,98.6,49.42,86.84,69.1573,4.14,11,1,1,0,0,0,0,0,94990.54,0.1648,low,0.0
CUST012491,786,excellent,77.7,88.25,76.0,78.3,81.21,81.0183,11.87,5,1,1,0,0,0,1,7,118974.66,0.3584,low,0.125
CUST012492,851,excellent,96.31,94.51,91.65,79.12,81.57,91.8779,2.63,13,1,0,0,0,0,1,7,46155.9,0.5005,low,0.125
CUST012493,813,excellent,93.09,97.08,59.88,56.48,91.97,85.5312,3.53,3,1,0,0,0,0,1,6,103557.45,0.3526,low,0.1429
CUST012494,792,excellent,85.2,88.03,54.33,94.47,82.57,82.0825,13.91,3,1,0,0,0,0,2,5,12415.58,0.8639,low,0.2857
CUST012495,811,excellent,86.55,94.42,73.35,60.2,94.48,85.0893,4.24,7,0,0,0,0,0,1,1,82483.54,0.419,low,0.5
CUST012496,594,high_risk,12.65,77.85,73.56,42.86,58.55,48.9574,14.22,7,4,5,0,0,1,0,2,184145.35,0.6457,low,0.0
CUST012497,686,risky,48.14,78.79,65.25,67.72,82.87,64.3298,14.78,5,1,4,0,0,0,1,0,37723.33,1.3612,low,0.5
CUST012498,790,excellent,97.87,91.89,39.43,48.52,90.11,81.6014,7.13,1,0,0,0,0,0,0,6,192606.31,0.1368,low,0.0
CUST012499,677,risky,66.1,78.73,29.88,35.35,80.68,62.8391,10.63,0,1,1,0,0,0,0,3,167953.28,0.0652,low,0.0
CUST012500,786,excellent,87.18,92.61,66.75,35.49,91.3,80.9862,5.33,9,0,0,0,0,0,0,5,95751.54,0.006,low,0.0
CUST012501,806,excellent,97.21,81.25,88.42,37.19,90.33,84.4127,10.62,15,0,0,0,0,0,0,4,87683.46,0.0742,low,0.0
CUST012502,688,risky,39.43,87.19,74.91,46.93,88.35,64.7207,12.35,5,1,2,0,0,0,0,2,86080.96,0.0437,low,0.0
CUST012503,823,excellent,88.45,89.23,99.68,54.22,90.73,87.174,5.59,13,1,0,0,0,0,1,4,95459.04,0.7365,low,0.2
CUST012504,697,risky,60.49,93.64,47.28,42.65,55.47,66.1693,7.51,3,3,3,0,0,0,0,5,37208.8,0.1561,low,0.0
CUST012505,799,excellent,92.12,99.76,50.24,38.04,97.15,83.2242,8.45,2,0,0,0,0,0,0,3,376949.91,0.1202,low,0.0
CUST012506,822,excellent,98.71,96.86,71.36,48.04,79.58,87.0706,6.3,7,2,0,0,0,0,0,2,111282.0,0.0307,low,0.0
CUST012507,626,high_risk,22.48,92.29,67.67,44.97,41.81,54.3848,1.25,8,3,6,1,0,1,0,0,154112.62,0.3465,low,0.0
CUST012508,807,excellent,88.27,86.16,91.72,40.18,99.83,84.5022,11.55,14,0,0,0,0,0,0,6,204984.9,0.0569,low,0.0
CUST012509,730,good,72.18,62.14,70.11,75.23,97.34,71.6815,35.16,6,0,0,0,0,0,1,7,70926.85,0.9315,low,0.125
CUST012510,805,excellent,99.17,80.81,81.33,37.45,91.98,84.0931,11.11,5,0,0,0,0,0,0,1,179603.59,0.0868,low,0.0
CUST012511,797,excellent,75.19,96.59,96.06,47.89,83.34,82.8268,5.15,17,1,0,0,0,0,0,2,292888.82,0.005,low,0.0
CUST012512,639,high_risk,27.32,88.76,71.15,35.69,60.7,56.5017,5.12,5,4,1,0,0,0,0,2,193096.38,0.091,low,0.0
CUST012513,817,excellent,89.19,91.89,70.53,75.24,92.01,86.088,9.09,8,0,0,0,0,0,1,7,44462.81,0.7035,low,0.125
CUST012514,646,high_risk,41.66,94.42,35.5,42.53,52.06,57.6923,2.68,1,3,4,0,0,0,0,1,182280.3,0.0708,low,0.0
CUST012515,818,excellent,93.29,90.52,88.36,45.2,86.95,86.2773,1.1,12,1,0,0,0,0,0,4,64167.96,0.0348,low,0.0
CUST012516,820,excellent,86.73,95.16,99.57,39.37,88.83,86.6576,4.52,18,1,0,0,0,0,0,7,87112.8,0.1075,low,0.0
CUST012517,854,excellent,93.61,96.58,94.42,68.8,95.74,92.3541,2.98,14,0,0,0,0,0,1,2,101100.51,0.8596,low,0.3333
CUST012518,801,excellent,87.02,83.99,86.46,69.49,79.44,83.5154,13.76,16,2,0,0,0,0,1,4,13650.89,0.3413,low,0.2
CUST012519,761,excellent,99.26,80.3,30.18,48.16,86.98,76.8714,10.6,1,1,0,0,0,0,0,3,117281.12,0.051,low,0.0
CUST012520,740,good,62.18,84.75,88.28,37.32,91.34,73.2944,12.22,19,1,2,0,0,0,0,1,86139.26,0.2165,low,0.0
CUST012521,653,risky,48.83,80.87,48.24,40.99,62.07,58.8938,13.85,1,3,2,0,0,0,0,1,67823.01,0.0922,low,0.0
CUST012522,-1,no_history,99.14,92.74,24.65,42.9,80.78,78.5862,7.04,0,1,0,0,0,0,0,2,63909.99,0.126,low,0.0
CUST012523,734,good,87.04,91.4,12.8,32.58,92.41,72.3033,8.18,0,0,0,0,0,0,0,5,192681.52,0.0896,low,0.0
CUST012524,654,risky,49.46,76.73,62.58,41.64,50.38,58.9192,13.07,2,3,1,0,0,0,0,3,103323.64,0.0056,low,0.0
CUST012525,850,excellent,95.51,96.76,97.13,58.03,88.13,91.6395,1.85,14,1,0,0,0,0,1,2,519549.04,0.8782,low,0.3333
CUST012526,808,excellent,90.42,94.91,71.21,39.48,99.67,84.7179,1.12,9,0,0,0,0,0,0,3,209934.25,0.1105,low,0.0
CUST012527,689,risky,32.62,88.32,94.8,44.41,81.85,64.758,1.95,10,1,1,0,0,0,0,5,235929.06,0.1541,low,0.0
CUST012528,699,risky,40.84,95.97,77.74,77.98,49.49,66.4911,9.55,6,3,4,0,0,0,1,6,160878.87,1.2984,low,0.1429
CUST012529,737,good,52.03,99.79,93.84,40.13,66.39,72.8765,9.03,15,2,2,0,0,0,0,7,131656.42,0.0803,low,0.0
CUST012530,842,excellent,99.55,98.19,87.31,36.6,93.5,90.404,8.13,15,0,0,0,0,0,0,3,29579.2,0.1352,low,0.0
CUST012531,792,excellent,91.24,91.01,84.31,32.03,69.29,82.0141,3.47,5,2,0,0,0,0,0,4,448934.94,0.0882,low,0.0
CUST012532,799,excellent,87.06,86.15,77.91,61.43,91.02,83.2473,11.46,7,0,0,0,0,0,1,0,113589.02,0.3709,low,0.5
CUST012533,837,excellent,99.1,99.1,66.05,62.13,90.44,89.5795,8.64,7,0,0,0,0,0,1,4,106678.79,0.9291,low,0.2
CUST012534,695,risky,44.99,92.91,66.8,30.56,91.51,65.8494,3.28,5,1,4,0,0,0,0,7,67391.67,0.0387,low,0.0
CUST012535,799,excellent,93.13,88.09,83.14,31.76,84.73,83.1456,0.86,8,1,0,0,0,0,0,6,146816.71,0.0128,low,0.0
CUST012536,792,excellent,96.16,81.16,52.78,72.93,87.24,81.9372,12.88,3,1,0,0,0,0,1,2,205684.7,0.8036,low,0.3333
CUST012537,795,excellent,96.45,90.63,50.53,44.07,96.41,82.5746,3.64,2,0,0,0,0,0,0,0,129528.86,0.1592,low,0.0
CUST012538,732,good,85.63,80.79,48.35,36.25,69.05,71.9916,13.68,1,2,0,0,0,0,0,6,119409.51,0.0671,low,0.0
CUST012539,814,excellent,86.15,95.39,69.8,70.05,94.63,85.7081,3.0,7,0,0,0,0,0,1,1,110966.12,0.9254,low,0.5
CUST012540,627,high_risk,24.17,95.02,40.31,66.36,59.22,54.5684,2.19,1,4,5,0,0,0,1,3,138087.2,2.1118,moderate,0.25
CUST012541,743,good,87.29,80.04,43.86,37.02,90.32,73.8778,10.12,1,0,0,0,0,0,0,5,600460.73,0.079,low,0.0
CUST012542,781,excellent,88.66,97.86,40.01,45.81,91.87,80.1594,8.87,1,0,0,0,0,0,0,1,655934.72,0.0012,low,0.0
CUST012543,710,good,63.15,76.43,63.4,45.31,91.92,68.2648,10.94,3,1,3,0,0,0,0,7,473860.74,0.0986,low,0.0
CUST012544,793,excellent,86.4,93.69,70.0,39.64,94.05,82.2182,9.54,5,0,0,0,0,0,0,3,99039.41,0.1506,low,0.0
CUST012545,787,excellent,92.82,92.29,48.77,47.15,89.6,81.1668,9.89,4,1,0,0,0,0,0,1,279007.37,0.0363,low,0.0
CUST012546,787,excellent,90.61,81.0,80.96,37.0,93.39,81.1959,12.71,8,0,0,0,0,0,0,6,40663.9,0.1394,low,0.0
CUST012547,812,excellent,88.14,98.43,72.74,43.67,97.42,85.3992,0.82,6,0,0,0,0,0,0,1,25086.74,0.0498,low,0.0
CUST012548,813,excellent,97.41,76.57,74.13,79.29,93.52,85.465,14.25,5,0,0,0,0,0,1,6,110097.93,0.9552,low,0.1429
CUST012549,810,excellent,91.09,88.25,68.11,74.13,90.33,85.0199,4.28,7,1,0,0,0,0,1,1,35366.01,0.4444,low,0.5
CUST012550,846,excellent,98.12,98.77,73.78,75.52,84.12,91.0052,4.34,5,1,0,0,0,0,1,7,33971.71,0.9344,low,0.125
CUST012551,823,excellent,89.01,90.57,93.32,51.51,97.56,87.2287,3.79,16,0,0,0,0,0,1,6,173049.19,0.974,low,0.1429
CUST012552,873,excellent,98.13,95.27,98.89,85.77,91.54,95.4915,9.21,11,0,0,0,0,0,2,0,43330.43,0.8189,low,0.6667
CUST012553,853,excellent,89.47,94.77,99.02,77.21,98.57,92.1748,9.34,11,0,0,0,0,0,1,3,32814.11,0.4996,low,0.25
CUST012554,802,excellent,97.31,97.38,46.89,39.03,94.69,83.677,2.08,1,0,0,0,0,0,0,3,156123.11,0.038,low,0.0
CUST012555,782,excellent,97.9,76.65,72.19,41.63,81.3,80.3821,12.64,6,1,0,0,0,0,0,5,703743.64,0.1443,low,0.0
CUST012556,803,excellent,90.23,95.46,70.43,39.12,91.79,83.8777,6.41,5,0,0,0,0,0,0,1,68296.9,0.1647,low,0.0
CUST012557,728,good,64.95,85.64,74.48,41.55,76.26,71.3773,11.94,7,2,2,0,0,0,0,6,85912.13,0.0298,low,0.0
CUST012558,710,good,65.35,80.99,65.28,32.93,80.09,68.2654,14.82,5,1,1,0,0,0,0,7,60328.48,0.1453,low,0.0
CUST012559,807,excellent,87.42,97.28,83.88,30.01,91.8,84.5447,4.03,5,0,0,0,0,0,0,6,214122.1,0.0305,low,0.0
CUST012560,724,good,63.11,80.22,91.54,35.23,71.77,70.5848,11.33,10,2,1,0,0,0,0,3,316048.56,0.0957,low,0.0
CUST012561,729,good,87.73,78.61,37.39,34.05,81.34,71.4374,10.41,1,1,0,0,0,0,0,7,103219.05,0.0304,low,0.0
CUST012562,810,excellent,98.92,95.5,33.36,76.96,90.34,85.0082,6.08,1,1,0,0,0,0,2,4,104102.57,0.4412,low,0.3333
CUST012563,802,excellent,96.1,97.24,56.44,43.85,80.69,83.7258,7.43,2,1,0,0,0,0,0,0,40099.31,0.103,low,0.0
CUST012564,756,excellent,77.92,97.28,51.73,42.39,74.89,75.9427,2.69,3,2,0,0,0,0,0,5,65609.93,0.0115,low,0.0
CUST012565,792,excellent,87.58,82.61,81.05,45.1,98.36,81.9401,13.92,5,0,0,0,0,0,0,0,274687.2,0.1627,low,0.0
CUST012566,673,risky,45.44,90.14,63.62,31.77,65.61,62.2261,4.72,2,2,1,0,0,0,0,4,28782.61,0.0638,low,0.0
CUST012567,803,excellent,90.32,92.08,74.7,41.05,92.63,83.8123,7.97,8,0,0,0,0,0,0,6,197666.57,0.1077,low,0.0
CUST012568,621,high_risk,28.98,84.06,67.52,33.09,46.92,53.4939,12.63,6,4,4,0,0,1,0,0,295084.37,0.3106,low,0.0
CUST012569,696,risky,44.19,88.31,87.31,44.01,65.03,65.9609,7.19,15,2,4,0,0,0,0,4,101130.26,0.2031,low,0.0
CUST012570,707,good,48.06,90.58,84.17,47.68,64.37,67.8265,4.89,5,4,2,0,0,0,0,4,274713.47,0.1917,low,0.0
CUST012571,836,excellent,89.76,98.8,67.53,92.96,88.15,89.2959,6.84,7,1,0,0,0,0,2,2,120452.49,0.9632,low,0.5
CUST012572,609,high_risk,17.97,96.86,61.01,36.64,33.0,51.4601,7.72,4,5,7,0,0,1,0,4,226801.34,0.6499,low,0.0
CUST012573,742,good,67.21,75.57,99.08,39.87,86.62,73.707,10.15,20,1,1,0,0,0,0,5,491790.85,0.0587,low,0.0
CUST012574,564,high_risk,3.6,97.04,23.93,40.61,59.31,43.9525,2.67,0,4,8,0,1,1,0,6,27006.67,0.5804,low,0.0
CUST012575,720,good,47.94,95.25,93.83,65.77,49.64,69.9702,5.12,11,3,2,0,0,0,1,0,198184.67,1.1106,low,0.5
CUST012576,816,excellent,90.67,81.3,89.86,77.93,86.76,86.0727,10.75,15,1,0,0,0,0,1,0,167855.57,0.3999,low,0.5
CUST012577,726,good,57.24,99.65,52.5,46.41,85.2,70.9673,8.13,3,1,2,0,0,0,0,1,143334.38,0.163,low,0.0
CUST012578,776,excellent,86.06,79.31,90.44,36.39,81.99,79.3196,11.36,20,1,0,0,0,0,0,7,46650.82,0.0609,low,0.0
CUST012579,816,excellent,94.38,96.51,68.39,43.71,94.67,86.0816,3.41,6,0,0,0,0,0,0,3,114874.65,0.1319,low,0.0
CUST012580,813,excellent,92.6,90.59,62.69,79.29,85.84,85.5004,2.97,3,1,0,0,0,0,1,2,441096.2,0.6778,low,0.3333
CUST012581,777,excellent,87.9,97.08,41.15,44.81,89.41,79.4859,4.08,1,1,0,0,0,0,0,5,139755.38,0.132,low,0.0
CUST012582,816,excellent,98.57,92.86,54.7,61.56,93.09,86.0281,8.69,2,0,0,0,0,0,1,4,69157.53,0.5834,low,0.2
CUST012583,695,risky,53.18,82.48,75.48,39.1,73.26,65.9141,11.74,5,2,3,0,0,0,0,6,30815.53,0.1886,low,0.0
CUST012584,826,excellent,94.48,92.36,90.39,36.47,97.66,87.7448,7.36,16,0,0,0,0,0,0,5,19633.87,0.1094,low,0.0
CUST012585,844,excellent,97.15,93.5,84.41,91.94,67.71,90.6799,5.27,5,2,0,0,0,0,2,5,201559.37,0.8355,low,0.2857
CUST012586,672,risky,55.35,75.62,65.98,44.99,55.8,62.0348,13.7,9,3,4,0,0,0,0,2,72271.42,0.2128,low,0.0
CUST012587,772,excellent,95.34,90.64,35.89,31.96,95.91,78.7338,4.88,1,0,0,0,0,0,0,3,138404.36,0.0679,low,0.0
CUST012588,805,excellent,93.35,95.46,70.05,39.79,84.18,84.2157,6.79,8,1,0,0,0,0,0,6,118222.23,0.0753,low,0.0
CUST012589,734,good,70.27,86.27,68.02,44.2,72.73,72.3718,10.1,9,2,1,0,0,0,0,6,10548.91,0.0808,low,0.0
CUST012590,807,excellent,98.19,95.67,36.72,63.67,95.11,84.4549,0.92,1,0,0,0,0,0,1,2,51206.51,0.5708,low,0.3333
CUST012591,649,high_risk,43.88,77.35,67.19,30.74,65.3,58.2447,12.03,5,2,1,0,0,0,0,5,44187.05,0.1568,low,0.0
CUST012592,790,excellent,90.35,99.26,46.99,37.34,95.28,81.711,8.8,1,0,0,0,0,0,0,2,285959.8,0.072,low,0.0
CUST012593,736,good,54.19,80.02,97.49,79.83,70.53,72.6321,10.68,10,2,2,0,0,0,1,3,81755.08,0.8682,low,0.25
CUST012594,829,excellent,88.45,88.76,90.32,79.0,92.02,88.2368,6.25,19,0,0,0,0,0,1,6,190880.3,0.79,low,0.1429
CUST012595,790,excellent,90.0,94.79,68.36,30.07,85.49,81.7455,7.23,8,1,0,0,0,0,0,6,76379.11,0.0465,low,0.0
CUST012596,671,risky,61.62,77.81,47.64,31.93,65.55,61.8025,13.92,2,2,3,0,0,0,0,1,201386.83,0.1453,low,0.0
CUST012597,782,excellent,99.96,82.75,50.11,36.11,94.58,80.398,11.75,2,0,0,0,0,0,0,3,254657.33,0.065,low,0.0
CUST012598,781,excellent,78.31,76.16,95.88,56.71,98.75,80.1847,12.15,11,0,1,0,0,0,1,3,451162.47,0.5203,low,0.25
CUST012599,785,excellent,98.8,79.35,73.46,31.95,82.55,80.8559,12.79,5,1,0,0,0,0,0,3,114676.28,0.0999,low,0.0
CUST012600,818,excellent,96.6,78.32,92.72,51.32,99.62,86.3066,11.15,15,0,0,0,0,0,1,2,62567.19,0.8189,low,0.3333
CUST012601,675,risky,65.52,82.8,13.55,46.44,80.2,62.4667,14.39,0,1,1,0,0,0,0,4,91435.5,0.1499,low,0.0
CUST012602,777,excellent,87.26,88.92,36.33,74.5,93.25,79.4418,14.64,1,0,0,0,0,0,1,5,70655.48,0.9306,low,0.1667
CUST012603,716,good,76.66,89.14,16.15,41.01,92.87,69.385,6.53,0,0,1,0,0,0,0,0,440660.59,0.1414,low,0.0
CUST012604,782,excellent,76.04,90.94,85.72,49.87,85.41,80.2816,9.12,11,1,0,0,0,0,0,4,42418.13,0.0708,low,0.0
CUST012605,786,excellent,90.24,75.55,91.95,37.21,92.55,81.0202,14.47,13,0,0,0,0,0,0,4,21780.21,0.1438,low,0.0
CUST012606,721,good,64.96,90.29,68.21,34.52,67.08,70.217,5.2,5,2,1,0,0,0,0,2,201677.73,0.0602,low,0.0
CUST012607,732,good,53.74,91.44,96.12,36.45,77.02,72.0063,7.28,12,2,2,0,0,0,0,5,68307.44,0.1773,low,0.0
CUST012608,764,excellent,87.51,94.01,33.26,44.86,90.36,77.3419,8.34,1,0,0,0,0,0,0,2,43195.47,0.103,low,0.0
CUST012609,741,good,66.65,79.38,70.51,64.42,94.22,73.581,12.03,9,0,0,0,0,0,1,3,224613.32,0.4699,low,0.25
CUST012610,766,excellent,92.57,90.5,37.21,42.08,83.72,77.7109,8.73,1,1,0,0,0,0,0,3,85918.69,0.0945,low,0.0
CUST012611,825,excellent,92.4,95.55,64.95,71.19,96.28,87.493,4.68,2,0,0,0,0,0,1,2,224640.61,0.3395,low,0.3333
CUST012612,597,high_risk,23.23,88.35,42.98,31.72,52.07,49.4605,8.19,1,4,3,0,0,1,0,1,457317.6,0.2043,low,0.0
CUST012613,712,good,64.97,85.22,68.07,33.52,67.59,68.6271,10.26,5,2,4,0,0,0,0,6,46901.51,0.1917,low,0.0
CUST012614,729,good,61.22,76.4,88.46,48.94,90.41,71.5508,13.65,11,0,2,0,0,0,0,2,187422.08,0.1738,low,0.0
CUST012615,844,excellent,98.39,97.43,98.86,31.17,90.05,90.6154,3.03,16,1,0,0,0,0,0,6,209927.1,0.0439,low,0.0
CUST012616,719,good,66.85,90.29,47.86,30.18,91.68,69.8497,8.97,2,1,1,0,0,0,0,4,608200.35,0.0246,low,0.0
CUST012617,794,excellent,86.36,90.27,65.54,54.61,96.76,82.2758,5.08,8,0,0,0,0,0,1,3,110131.73,0.8975,low,0.25
CUST012618,850,excellent,98.04,90.0,85.22,78.41,97.42,91.6797,8.59,11,0,0,0,0,0,2,2,75556.25,0.6899,low,0.5
CUST012619,814,excellent,93.17,89.92,85.74,36.21,95.16,85.5848,6.99,13,0,0,0,0,0,0,5,56046.47,0.1266,low,0.0
CUST012620,865,excellent,99.68,99.34,90.46,77.16,81.99,94.1721,5.05,15,1,0,0,0,0,1,4,55415.01,0.5009,low,0.2
CUST012621,690,risky,48.68,77.36,94.37,39.34,66.53,64.9873,14.78,20,2,3,0,0,0,0,6,40592.97,0.0649,low,0.0
CUST012622,723,good,95.96,39.01,79.59,50.68,82.17,70.5139,59.19,7,1,0,0,0,0,0,2,24009.91,0.1118,low,0.0
CUST012623,790,excellent,89.88,84.91,74.26,46.01,90.43,81.7131,10.9,7,1,0,0,0,0,1,7,36715.07,0.6304,low,0.125
CUST012624,818,excellent,94.17,89.63,90.23,35.43,93.73,86.3023,1.1,12,0,0,0,0,0,0,7,29268.86,0.0285,low,0.0
CUST012625,795,excellent,88.39,89.26,83.97,32.21,89.21,82.4536,8.39,7,1,0,0,0,0,0,6,19161.18,0.0111,low,0.0
CUST012626,715,good,44.21,90.88,85.04,49.28,87.87,69.2077,2.86,19,1,2,0,0,0,0,7,207302.19,0.1015,low,0.0
CUST012627,684,risky,40.1,95.33,51.83,45.02,90.16,63.9236,4.26,2,1,1,0,0,0,0,4,127811.57,0.0369,low,0.0
CUST012628,825,excellent,95.36,94.66,90.42,32.88,89.56,87.5829,0.3,13,1,0,0,0,0,0,7,48566.29,0.1122,low,0.0
CUST012629,656,risky,27.83,89.17,96.78,42.54,40.1,59.2711,10.63,19,5,3,0,0,1,0,6,194581.84,0.4254,low,0.0
CUST012630,753,excellent,67.85,83.12,94.0,34.14,93.0,75.4986,11.38,12,0,1,0,0,0,0,6,116995.56,0.1414,low,0.0
CUST012631,752,excellent,92.23,97.73,14.17,30.59,85.18,75.3035,6.34,0,1,0,0,0,0,0,3,121500.04,0.1525,low,0.0
CUST012632,767,excellent,86.15,93.97,44.24,44.3,84.0,77.8079,0.15,1,1,0,0,0,0,0,7,124231.61,0.1542,low,0.0
CUST012633,648,high_risk,22.52,92.72,85.42,60.29,45.06,58.0463,3.36,14,3,6,0,0,0,1,3,63633.62,1.2625,low,0.25
CUST012634,814,excellent,99.55,87.78,75.71,34.29,97.84,85.7483,14.76,7,0,0,0,0,0,0,2,343863.17,0.027,low,0.0
CUST012635,-1,no_history,90.33,96.82,19.88,58.13,89.81,78.4368,7.86,0,1,0,0,0,0,1,1,51235.09,0.342,low,0.5
CUST012636,703,good,58.68,76.34,81.04,37.98,77.1,67.1008,12.48,9,2,1,0,0,0,0,6,90388.98,0.1399,low,0.0
CUST012637,816,excellent,96.86,99.89,73.53,34.04,76.41,85.9412,9.55,7,2,0,0,0,0,0,7,160054.12,0.0457,low,0.0
CUST012638,817,excellent,90.07,91.53,71.2,68.88,96.64,86.2145,0.78,7,0,0,0,0,0,1,6,38227.07,0.6958,low,0.1429
CUST012639,834,excellent,95.38,99.56,87.54,39.47,87.28,89.0577,3.75,13,1,0,0,0,0,0,4,16425.74,0.1031,low,0.0
CUST012640,833,excellent,93.6,95.46,90.35,46.82,92.18,88.8482,0.96,17,0,0,0,0,0,0,1,183860.68,0.106,low,0.0
CUST012641,757,excellent,86.59,88.02,36.64,46.03,94.25,76.2378,0.61,1,0,0,0,0,0,0,2,40849.98,0.1454,low,0.0
CUST012642,759,excellent,68.61,91.22,52.52,73.98,98.47,76.5042,2.1,3,0,0,0,0,0,1,7,204584.44,0.409,low,0.125
CUST012643,787,excellent,88.76,98.36,52.61,35.57,91.12,81.1351,1.38,2,0,0,0,0,0,0,5,50099.89,0.0035,low,0.0
CUST012644,782,excellent,91.89,89.35,54.52,35.04,97.34,80.3823,8.51,2,0,0,0,0,0,0,7,99523.46,0.0366,low,0.0
CUST012645,-1,no_history,93.69,99.76,19.75,36.95,99.14,79.2918,2.11,0,0,0,0,0,0,0,2,18118.92,0.0031,low,0.0
CUST012646,724,good,92.89,49.88,57.67,55.03,90.58,70.69,57.16,3,1,0,0,0,0,0,1,101937.16,0.0951,low,0.0
CUST012647,785,excellent,98.26,58.66,86.41,58.85,99.89,80.8247,34.79,18,0,0,0,0,0,1,5,59943.87,0.6314,low,0.1667
CUST012648,722,good,93.92,32.79,86.61,64.51,81.99,70.3506,53.95,18,1,0,0,0,0,1,2,29516.6,0.6512,low,0.3333
CUST012649,764,excellent,97.21,95.7,15.28,38.98,84.47,77.3678,1.2,0,1,0,0,0,0,0,2,81300.84,0.0119,low,0.0
CUST012650,780,excellent,96.49,75.06,75.02,38.49,85.36,79.9285,14.84,7,1,0,0,0,0,0,7,221997.22,0.1064,low,0.0
CUST012651,760,excellent,89.25,78.27,49.99,49.25,95.65,76.7075,10.59,3,0,0,0,0,0,0,6,455731.78,0.073,low,0.0
CUST012652,769,excellent,89.82,99.43,28.89,32.98,93.13,78.2113,6.32,0,0,0,0,0,0,0,4,19345.72,0.1338,low,0.0
CUST012653,819,excellent,98.7,97.39,63.56,39.02,92.44,86.4415,2.06,2,0,0,0,0,0,0,5,784548.26,0.006,low,0.0
CUST012654,801,excellent,96.57,88.14,62.45,44.14,94.13,83.4347,6.47,2,0,0,0,0,0,0,1,195903.27,0.0299,low,0.0
CUST012655,680,risky,25.32,97.56,95.16,48.78,60.34,63.3132,9.8,19,4,6,0,0,1,0,2,119419.76,0.3714,low,0.0
CUST012656,821,excellent,85.95,93.6,95.09,53.67,90.33,86.8268,7.15,17,1,0,0,0,0,1,3,63612.34,0.7514,low,0.25
CUST012657,762,excellent,97.05,75.58,46.65,33.52,99.62,76.9533,12.79,3,0,0,0,0,0,0,1,75966.9,0.0339,low,0.0
CUST012658,720,good,53.77,85.76,94.52,32.63,79.8,69.9692,12.64,14,2,3,0,0,0,0,5,101434.85,0.1471,low,0.0
CUST012659,686,risky,61.99,76.21,76.91,36.12,45.88,64.2965,13.04,8,3,2,0,0,0,0,5,572148.25,0.0224,low,0.0
CUST012660,791,excellent,91.27,76.06,94.48,39.67,89.48,81.8479,11.29,14,1,0,0,0,0,0,6,72045.45,0.1401,low,0.0
CUST012661,735,good,53.52,91.88,93.69,30.39,91.29,72.5167,7.43,15,1,2,0,0,0,0,5,54782.82,0.0866,low,0.0
CUST012662,761,excellent,86.76,84.46,49.26,55.41,81.82,76.8151,10.73,4,1,0,0,0,0,1,5,60109.58,0.5777,low,0.1667
CUST012663,780,excellent,96.48,90.76,36.25,43.26,91.68,79.9287,8.41,1,0,0,0,0,0,0,4,91827.08,0.0441,low,0.0
CUST012664,800,excellent,87.49,97.5,72.93,46.02,78.39,83.2507,3.72,7,2,0,0,0,0,0,0,725674.97,0.1183,low,0.0
CUST012665,812,excellent,87.84,93.73,90.23,31.64,97.86,85.3479,1.92,10,0,0,0,0,0,0,7,86960.99,0.1434,low,0.0
CUST012666,771,excellent,85.2,77.97,85.36,36.2,89.32,78.5689,13.68,18,1,0,0,0,0,0,1,384915.62,0.16,low,0.0
CUST012667,834,excellent,98.61,94.46,89.05,34.04,93.58,88.9683,3.27,12,0,0,0,0,0,0,4,211745.96,0.1244,low,0.0
CUST012668,763,excellent,86.1,98.51,31.56,36.36,90.88,77.145,6.13,0,0,0,0,0,0,0,0,182217.39,0.1608,low,0.0
CUST012669,700,good,55.45,99.37,30.87,46.38,82.61,66.7463,1.7,1,1,4,0,0,0,0,1,109853.41,0.1761,low,0.0
CUST012670,823,excellent,99.43,86.12,87.11,42.58,91.67,87.1281,14.16,15,0,0,0,0,0,0,1,421401.59,0.0935,low,0.0
CUST012671,781,excellent,88.58,76.47,79.64,63.89,78.98,80.1781,10.87,7,2,0,0,0,0,1,5,39747.15,0.6063,low,0.1667
CUST012672,841,excellent,95.83,92.64,78.81,77.94,92.24,90.1727,9.41,5,0,0,0,0,0,2,0,843492.65,0.6762,low,0.6667
CUST012673,832,excellent,97.75,88.42,93.61,62.66,75.49,88.5962,23.49,15,2,0,0,0,0,0,1,213772.79,0.0468,low,0.0
CUST012674,800,excellent,98.81,99.88,33.22,46.25,92.41,83.3969,3.49,1,0,0,0,0,0,0,2,156572.78,0.1175,low,0.0
CUST012675,791,excellent,86.49,93.79,61.63,50.74,90.65,81.7916,7.69,2,0,0,0,0,0,1,1,172371.65,0.9756,low,0.5
CUST012676,804,excellent,91.35,87.85,63.3,70.17,91.07,83.9464,14.1,3,0,0,0,0,0,1,1,319966.78,0.683,low,0.5
CUST012677,794,excellent,74.35,99.36,88.58,33.11,99.82,82.4107,1.36,16,0,0,0,0,0,0,4,105030.27,0.1038,low,0.0
CUST012678,780,excellent,71.05,98.08,88.39,30.23,93.47,79.9193,1.82,13,0,0,0,0,0,0,7,27734.87,0.1414,low,0.0
CUST012679,787,excellent,93.45,77.79,85.93,30.52,91.65,81.1503,14.17,15,0,0,0,0,0,0,1,406756.14,0.0829,low,0.0
CUST012680,789,excellent,95.04,88.84,61.86,31.48,91.39,81.4841,3.6,2,0,0,0,0,0,0,4,85628.95,0.1066,low,0.0
CUST012681,833,excellent,99.76,89.55,88.04,43.29,95.57,88.8723,14.76,18,0,0,0,0,0,0,4,26492.04,0.0291,low,0.0
CUST012682,787,excellent,79.9,95.52,85.53,30.18,86.77,81.1447,8.26,11,1,1,0,0,0,0,7,248205.35,0.0357,low,0.0
CUST012683,845,excellent,90.21,97.63,93.24,66.24,94.21,90.8907,2.81,11,0,0,0,0,0,1,7,453891.24,0.7666,low,0.125
CUST012684,799,excellent,85.68,98.46,68.85,36.88,96.66,83.2065,6.54,8,0,0,0,0,0,0,3,76946.29,0.0711,low,0.0
CUST012685,820,excellent,97.76,98.21,67.09,38.44,90.72,86.6567,7.13,5,0,0,0,0,0,0,3,123849.03,0.1389,low,0.0
CUST012686,789,excellent,86.0,82.77,81.79,72.21,71.57,81.5761,14.81,5,2,0,0,0,0,1,6,110260.21,0.8763,low,0.1429
CUST012687,710,good,94.66,47.2,54.81,46.05,82.56,68.3717,52.1,4,1,0,0,0,0,0,7,145038.54,0.0991,low,0.0
CUST012688,806,excellent,99.82,89.22,60.76,40.4,94.23,84.2818,6.75,2,0,0,0,0,0,0,1,92389.94,0.0603,low,0.0
CUST012689,758,excellent,87.11,88.11,50.65,33.35,85.03,76.3572,3.6,2,1,0,0,0,0,0,5,47497.49,0.051,low,0.0
CUST012690,817,excellent,91.16,91.04,73.43,60.15,99.78,86.2234,5.97,5,0,0,0,0,0,1,3,112440.47,0.9533,low,0.25
CUST012691,840,excellent,95.23,88.35,96.53,67.46,89.18,89.9811,11.05,19,1,0,0,0,0,1,2,189873.97,0.8307,low,0.3333
CUST012692,832,excellent,95.02,86.42,95.03,60.86,91.71,88.6936,21.89,10,0,0,0,0,0,1,0,41274.56,0.8014,low,0.5
CUST012693,801,excellent,87.15,78.41,88.06,75.38,88.05,83.5783,10.46,12,1,0,0,0,0,2,2,130126.5,0.953,low,0.5
CUST012694,828,excellent,92.04,95.39,91.32,42.2,92.76,88.0265,7.25,15,0,0,0,0,0,0,4,400230.82,0.1043,low,0.0
CUST012695,763,excellent,90.09,98.61,18.59,35.22,97.94,77.2196,8.44,0,0,0,0,0,0,0,6,78275.99,0.0423,low,0.0
CUST012696,766,excellent,96.29,97.58,10.98,39.17,91.96,77.7359,7.78,0,0,0,0,0,0,0,6,78678.19,0.0507,low,0.0
CUST012697,798,excellent,85.79,95.21,74.77,34.66,97.15,82.9846,0.13,5,0,0,0,0,0,0,3,146535.99,0.1321,low,0.0
CUST012698,856,excellent,96.87,87.76,95.48,83.42,98.24,92.7193,13.33,10,0,0,0,0,0,2,0,63172.18,0.8314,low,0.6667
CUST012699,769,excellent,96.34,77.07,48.93,50.83,89.02,78.1658,10.23,1,1,0,0,0,0,1,6,83682.14,0.6868,low,0.1429
CUST012700,813,excellent,89.26,97.15,70.86,48.33,96.7,85.5188,4.63,6,0,0,0,0,0,1,5,152692.94,0.5806,low,0.1667
CUST012701,801,excellent,87.94,95.75,68.01,44.8,92.81,83.4685,7.0,6,0,0,0,0,0,0,0,399480.22,0.052,low,0.0
CUST012702,802,excellent,97.74,76.64,74.41,71.86,80.41,83.5876,14.77,7,1,0,0,0,0,1,1,78503.72,0.4649,low,0.5
CUST012703,741,good,85.68,80.38,45.31,45.02,80.69,73.4708,13.67,1,1,0,0,0,0,0,7,105546.28,0.0422,low,0.0
CUST012704,824,excellent,99.87,94.06,69.51,50.69,86.81,87.3488,7.27,5,1,0,0,0,0,1,3,73459.31,0.6783,low,0.25
CUST012705,637,high_risk,11.19,88.72,93.87,47.36,68.89,56.2383,10.62,10,2,7,1,1,1,0,1,184350.12,0.1795,low,0.0
CUST012706,686,risky,42.83,96.5,81.78,37.31,43.46,64.2857,2.7,8,3,3,0,0,0,0,2,44961.25,0.0624,low,0.0
CUST012707,835,excellent,89.37,96.66,85.98,69.11,90.01,89.0898,9.48,14,0,0,0,0,0,1,1,187384.38,0.4749,low,0.5
CUST012708,823,excellent,99.62,96.75,75.56,47.31,71.55,87.1128,7.75,7,2,0,0,0,0,0,0,56456.45,0.0348,low,0.0
CUST012709,732,good,96.38,76.28,15.46,37.52,92.72,71.9578,11.58,0,0,0,0,0,0,0,4,7590.22,0.0337,low,0.0
CUST012710,837,excellent,97.07,88.33,80.53,74.44,94.57,89.4545,8.9,7,0,0,0,0,0,1,6,122409.55,0.444,low,0.1429
CUST012711,809,excellent,98.42,77.75,85.47,51.13,90.95,84.8037,11.64,12,1,0,0,0,0,0,5,81333.2,0.0703,low,0.0
CUST012712,621,high_risk,22.47,89.94,63.19,31.23,60.84,53.5335,13.7,3,3,6,0,0,1,0,3,68757.46,0.2454,low,0.0
CUST012713,703,good,57.52,89.83,35.61,67.72,80.48,67.2438,14.28,1,1,4,0,0,0,1,3,63482.01,0.6735,low,0.25
CUST012714,750,excellent,58.64,88.39,87.02,67.4,90.98,74.9333,12.57,15,0,4,0,0,0,1,2,77437.55,1.4339,low,0.3333
CUST012715,828,excellent,94.32,85.48,97.77,49.01,97.95,88.0181,13.78,10,0,0,0,0,0,1,2,51482.51,0.8849,low,0.3333
CUST012716,684,risky,52.5,75.84,79.9,40.33,67.81,63.9262,10.46,5,2,3,0,0,0,0,7,1534634.74,0.0997,low,0.0
CUST012717,826,excellent,93.78,99.23,84.89,31.95,91.37,87.6593,0.06,8,1,0,0,0,0,0,3,41103.3,0.0332,low,0.0
CUST012718,831,excellent,86.96,97.89,66.44,92.41,94.7,88.48,7.6,5,0,0,0,0,0,2,0,44835.17,0.8059,low,0.6667
CUST012719,810,excellent,86.55,93.68,87.37,40.67,94.61,85.0288,8.51,13,0,0,0,0,0,0,5,53588.75,0.1624,low,0.0
CUST012720,841,excellent,93.91,96.31,80.13,77.59,86.89,90.2269,9.42,9,1,0,0,0,0,1,7,39139.9,0.9533,low,0.125
CUST012721,789,excellent,85.15,99.32,54.94,43.67,93.07,81.5117,0.89,3,0,0,0,0,0,0,5,145075.37,0.041,low,0.0
CUST012722,714,good,53.62,92.68,55.99,45.86,94.48,69.0027,6.92,2,0,4,0,0,0,0,1,56228.46,0.1379,low,0.0
CUST012723,813,excellent,98.76,82.66,71.72,79.35,74.04,85.462,11.49,9,2,0,0,0,0,1,3,23826.85,0.726,low,0.25
CUST012724,588,high_risk,23.35,94.9,28.44,46.03,24.61,47.9715,8.93,0,6,5,1,0,1,0,3,16213.0,0.4789,low,0.0
CUST012725,851,excellent,92.47,93.27,98.2,78.45,89.07,91.8284,1.04,12,1,0,0,0,0,1,2,150613.43,0.8407,low,0.3333
CUST012726,807,excellent,88.37,84.71,97.4,45.24,90.17,84.4946,14.86,17,0,0,0,0,0,0,5,107655.93,0.1638,low,0.0
CUST012727,801,excellent,79.11,89.51,71.98,86.01,95.0,83.4391,11.46,8,0,1,0,0,0,2,1,77347.59,0.9771,low,0.6667
CUST012728,829,excellent,94.04,84.53,98.78,51.48,99.04,88.1404,11.45,18,0,0,0,0,0,1,3,55192.72,0.6681,low,0.25
CUST012729,614,high_risk,16.9,91.79,71.82,40.11,41.27,52.3614,5.36,6,5,3,1,0,1,0,7,118921.95,0.4985,low,0.0
CUST012730,804,excellent,95.89,98.1,49.09,39.02,97.26,83.9845,7.9,1,0,0,0,0,0,0,3,17537.34,0.0422,low,0.0
CUST012731,853,excellent,87.83,95.02,98.98,89.68,91.07,92.166,3.26,16,0,0,0,0,0,2,2,319123.88,0.3833,low,0.5
CUST012732,793,excellent,95.96,83.51,70.63,37.57,91.73,82.1651,14.57,9,1,0,0,0,0,0,6,43178.15,0.044,low,0.0
CUST012733,746,good,57.96,92.42,77.38,76.69,70.05,74.2956,5.37,6,2,3,0,0,0,1,5,56432.35,0.8607,low,0.1667
CUST012734,700,good,53.3,88.96,55.71,67.25,71.88,66.6128,3.91,3,2,2,0,0,0,1,2,175990.38,1.0937,low,0.3333
CUST012735,816,excellent,92.02,91.24,86.76,39.78,94.56,86.0278,4.69,12,0,0,0,0,0,0,6,56093.34,0.0136,low,0.0
CUST012736,839,excellent,95.47,97.08,77.6,63.7,92.46,89.7944,6.11,8,0,0,0,0,0,1,6,360804.67,0.6837,low,0.1429
CUST012737,763,excellent,91.94,78.96,53.83,36.56,95.93,77.1916,10.33,2,0,0,0,0,0,0,7,98429.12,0.0055,low,0.0
CUST012738,827,excellent,87.06,91.96,81.18,79.13,96.14,87.7641,5.04,5,0,0,0,0,0,1,6,131494.22,0.5372,low,0.1429
CUST012739,830,excellent,88.6,98.67,96.08,41.25,91.24,88.2714,2.25,11,1,0,0,0,0,0,6,102907.14,0.0631,low,0.0
CUST012740,802,excellent,90.61,92.61,63.27,47.11,99.2,83.6184,0.22,2,0,0,0,0,0,0,2,23607.96,0.073,low,0.0
CUST012741,843,excellent,90.69,92.69,98.79,64.45,96.63,90.4776,2.72,13,0,0,0,0,0,1,0,57145.15,0.492,low,0.5
CUST012742,799,excellent,99.6,99.49,34.93,37.16,94.31,83.0947,1.55,0,0,0,0,0,0,0,0,121723.52,0.1329,low,0.0
CUST012743,806,excellent,92.77,91.51,77.27,30.38,97.09,84.2608,1.55,5,0,0,0,0,0,0,5,273141.58,0.032,low,0.0
CUST012744,721,good,94.36,76.08,10.26,34.45,93.32,70.1643,14.54,0,0,0,0,0,0,0,3,53817.92,0.1249,low,0.0
CUST012745,715,good,59.46,89.43,62.52,48.63,72.39,69.1193,3.22,2,2,1,0,0,0,0,1,261766.66,0.0384,low,0.0
CUST012746,705,good,60.36,89.48,55.2,43.57,68.86,67.4914,10.19,4,2,1,0,0,0,0,4,50128.85,0.231,low,0.0
CUST012747,790,excellent,92.55,98.8,50.67,30.18,90.23,81.6736,9.62,2,0,0,0,0,0,0,6,205344.09,0.0632,low,0.0
CUST012748,788,excellent,92.67,99.89,29.69,49.3,95.77,81.3625,2.63,0,0,0,0,0,0,0,0,105592.24,0.1174,low,0.0
CUST012749,669,risky,29.08,84.2,96.35,41.1,75.62,61.5622,14.37,20,2,2,0,0,0,0,3,93112.47,0.034,low,0.0
CUST012750,743,good,70.06,73.36,93.22,55.27,77.41,73.7806,44.62,17,2,1,0,0,0,0,0,37345.09,0.083,low,0.0
CUST012751,817,excellent,70.39,99.33,99.91,79.79,87.69,86.1691,6.2,11,1,1,0,0,0,2,2,51170.27,0.9239,low,0.5
CUST012752,817,excellent,97.14,86.76,94.75,34.33,84.13,86.0859,11.89,15,1,0,0,0,0,0,0,143930.08,0.0568,low,0.0
CUST012753,814,excellent,91.37,80.75,79.39,82.01,92.93,85.6059,12.29,6,0,0,0,0,0,2,3,21945.84,0.7383,low,0.4
CUST012754,754,excellent,85.22,96.32,18.72,42.66,99.44,75.7416,1.44,0,0,0,0,0,0,0,1,91219.71,0.1443,low,0.0
CUST012755,776,excellent,92.6,81.21,72.11,34.67,82.38,79.2937,10.97,6,1,0,0,0,0,0,1,49408.58,0.0139,low,0.0
CUST012756,716,good,58.73,67.73,92.63,63.25,82.1,69.3024,42.88,13,1,4,0,0,0,1,1,193840.15,0.7955,low,0.5
CUST012757,698,risky,61.42,99.27,30.41,43.38,61.64,66.3404,6.12,0,3,2,0,0,0,0,3,226180.15,0.1562,low,0.0
CUST012758,702,good,68.02,80.49,22.81,60.74,95.5,67.0012,13.51,0,0,1,0,0,0,1,1,102472.7,0.6477,low,0.5
CUST012759,776,excellent,90.35,95.46,25.2,62.18,90.92,79.3472,1.74,0,0,0,0,0,0,1,4,118441.19,0.5062,low,0.2
CUST012760,832,excellent,92.72,97.35,99.55,35.83,84.95,88.668,2.03,20,1,0,0,0,0,0,5,354607.99,0.0769,low,0.0
CUST012761,717,good,44.21,91.07,93.13,35.33,92.81,69.5804,8.36,20,0,3,0,0,0,0,5,166516.2,0.1353,low,0.0
CUST012762,821,excellent,92.75,91.46,96.6,42.52,82.36,86.8786,6.57,14,1,0,0,0,0,0,0,112688.81,0.0137,low,0.0
CUST012763,777,excellent,85.19,84.72,85.04,30.65,84.91,79.5451,12.08,11,1,0,0,0,0,0,3,43679.19,0.005,low,0.0
CUST012764,768,excellent,94.79,90.79,35.26,41.85,80.57,77.9453,3.61,1,1,0,0,0,0,0,6,201762.55,0.0072,low,0.0
CUST012765,720,good,91.77,78.68,26.15,31.04,71.9,69.9399,10.99,0,2,0,0,0,0,0,7,181042.64,0.1122,low,0.0
CUST012766,789,excellent,91.45,78.53,79.5,71.87,69.0,81.5796,10.12,5,2,0,0,0,0,1,7,80210.02,0.3804,low,0.125
CUST012767,690,risky,45.65,92.69,82.23,35.75,53.15,65.009,3.26,8,4,3,0,0,0,0,5,110696.49,0.0779,low,0.0
CUST012768,764,excellent,86.22,85.41,41.19,63.85,90.04,77.3669,12.73,1,1,0,0,0,0,1,0,134792.9,0.3746,low,0.5
CUST012769,740,good,91.91,53.19,89.34,51.27,67.36,73.3893,57.31,15,2,0,0,0,0,0,0,36613.15,0.0437,low,0.0
CUST012770,643,high_risk,56.78,81.28,12.25,49.36,61.53,57.1807,14.35,0,3,4,0,0,0,0,7,98188.81,0.0007,low,0.0
CUST012771,784,excellent,91.79,92.3,54.64,31.45,94.86,80.644,0.38,2,0,0,0,0,0,0,6,237206.94,0.087,low,0.0
CUST012772,773,excellent,72.97,96.38,68.83,60.25,80.14,78.817,8.25,5,1,1,0,0,0,1,0,83455.11,0.4676,low,0.5
CUST012773,646,high_risk,52.8,85.14,24.73,36.89,62.31,57.6507,12.38,0,3,1,0,0,0,0,3,102211.96,0.2403,low,0.0
CUST012774,777,excellent,99.22,89.97,31.71,41.43,89.41,79.5585,7.6,0,1,0,0,0,0,0,7,261477.27,0.063,low,0.0
CUST012775,680,risky,47.13,99.5,35.14,44.01,73.89,63.4074,7.01,1,2,2,0,0,0,0,5,57931.68,0.0782,low,0.0
CUST012776,699,risky,51.28,87.42,69.68,33.13,86.03,66.5409,10.85,7,1,1,0,0,0,0,6,74841.72,0.072,low,0.0
CUST012777,745,good,72.16,82.03,64.98,48.39,97.14,74.1646,10.72,2,0,0,0,0,0,1,2,81839.13,0.4887,low,0.3333
CUST012778,617,high_risk,12.96,88.91,79.22,37.11,59.83,52.7891,15.0,7,4,5,0,1,1,0,1,645991.6,0.2814,low,0.0
CUST012779,667,risky,44.12,91.6,43.61,47.01,69.9,61.1526,6.21,1,2,4,0,0,0,0,7,161878.88,0.1476,low,0.0
CUST012780,802,excellent,91.43,99.25,69.0,33.15,81.93,83.635,6.46,5,1,0,0,0,0,0,7,151228.9,0.1316,low,0.0
CUST012781,821,excellent,86.91,88.13,90.85,71.7,91.2,86.7778,8.79,10,1,0,0,0,0,1,7,119249.92,0.6687,low,0.125
CUST012782,760,excellent,87.81,78.03,63.72,36.3,93.8,76.7086,13.68,2,0,0,0,0,0,0,1,26034.54,0.034,low,0.0
CUST012783,781,excellent,93.97,93.44,43.16,36.82,91.3,80.2057,8.86,1,0,0,0,0,0,0,5,38292.46,0.0379,low,0.0
CUST012784,837,excellent,93.66,89.44,94.72,60.57,96.97,89.5769,9.26,12,0,0,0,0,0,1,0,312188.41,0.7549,low,0.5
CUST012785,824,excellent,97.37,95.31,75.28,43.9,89.99,87.351,1.84,5,1,0,0,0,0,0,6,70062.72,0.0945,low,0.0
CUST012786,724,good,63.56,91.05,68.64,49.65,58.69,70.6905,8.6,6,3,4,0,0,0,0,5,65833.34,0.0852,low,0.0
CUST012787,793,excellent,74.01,97.82,95.4,48.02,78.0,82.1601,8.45,19,2,1,0,0,0,0,4,54903.92,0.1586,low,0.0
CUST012788,633,high_risk,24.58,95.52,53.44,68.65,43.68,55.5088,6.3,4,4,3,0,0,0,1,2,135506.37,2.1966,moderate,0.3333
CUST012789,682,risky,51.36,72.05,68.97,64.37,73.0,63.671,41.8,7,2,3,0,0,0,0,6,44176.62,0.0521,low,0.0
CUST012790,783,excellent,95.19,89.87,35.97,58.43,90.38,80.5538,7.83,1,1,0,0,0,0,1,0,167347.26,0.4298,low,0.5
CUST012791,722,good,66.34,82.66,72.91,35.19,78.31,70.3006,14.3,8,2,1,0,0,0,0,4,215108.85,0.0423,low,0.0
CUST012792,743,good,92.77,80.47,23.22,56.48,80.12,73.7542,11.71,0,1,0,0,0,0,1,4,99432.36,0.5522,low,0.2
CUST012793,781,excellent,89.93,98.33,36.8,41.23,96.29,80.2442,1.77,1,0,0,0,0,0,0,6,73303.83,0.043,low,0.0
CUST012794,778,excellent,85.02,76.37,79.09,56.83,95.31,79.743,11.85,8,0,0,0,0,0,1,0,182201.55,0.6163,low,0.5
CUST012795,791,excellent,89.62,88.64,71.02,62.25,70.59,81.8948,9.04,9,2,0,0,0,0,1,2,99025.6,0.605,low,0.3333
CUST012796,822,excellent,91.83,92.74,80.26,60.04,90.56,87.0647,7.38,8,1,0,0,0,0,1,5,118751.58,0.7289,low,0.1667
CUST012797,652,risky,27.71,89.2,73.33,42.28,69.06,58.5928,14.62,5,2,6,0,0,1,0,7,114656.73,0.3463,low,0.0
CUST012798,811,excellent,96.36,93.0,57.56,65.36,82.94,85.0896,1.22,2,1,0,0,0,0,1,7,20196.86,0.7385,low,0.125
CUST012799,675,risky,53.22,84.1,55.17,49.27,53.97,62.4578,10.87,4,3,2,0,0,0,0,2,24563.78,0.1361,low,0.0
CUST012800,821,excellent,87.96,89.14,85.58,65.52,99.73,86.8898,5.94,15,0,0,0,0,0,1,7,115411.44,0.9461,low,0.125
CUST012801,511,high_risk,0.55,85.79,17.16,32.6,34.57,35.2186,11.28,0,5,1,0,1,1,0,6,81239.39,0.2353,low,0.0
CUST012802,819,excellent,90.77,92.42,68.26,77.51,90.46,86.5312,8.37,6,0,0,0,0,0,2,0,61247.66,0.4338,low,0.6667
CUST012803,729,good,64.15,91.21,86.89,41.02,46.16,71.5684,6.86,11,4,2,0,0,0,0,2,61091.71,0.0484,low,0.0
CUST012804,627,high_risk,20.65,94.12,65.27,48.1,44.7,54.5332,3.14,6,5,3,0,0,0,0,4,112108.85,0.1979,low,0.0
CUST012805,776,excellent,90.42,88.52,58.15,32.24,91.66,79.313,5.39,2,0,0,0,0,0,0,0,613529.08,0.0306,low,0.0
CUST012806,764,excellent,89.99,94.45,30.21,34.92,94.94,77.3494,0.69,0,0,0,0,0,0,0,6,109761.5,0.1232,low,0.0
CUST012807,777,excellent,94.53,96.12,16.4,58.71,93.31,79.5823,0.29,0,0,0,0,0,0,1,6,229054.21,0.7816,low,0.1429
CUST012808,743,good,49.57,98.01,95.91,36.63,89.73,73.7749,0.06,11,1,1,0,0,0,0,5,94783.48,0.2486,low,0.0
CUST012809,832,excellent,98.54,86.08,99.47,36.98,98.16,88.7489,10.56,13,0,0,0,0,0,0,4,102401.92,0.1103,low,0.0
CUST012810,803,excellent,90.89,89.71,86.1,54.7,67.65,83.8747,2.6,11,2,0,0,0,0,1,2,131716.9,0.8009,low,0.3333
CUST012811,775,excellent,65.51,95.96,85.22,62.74,84.66,79.2413,1.7,11,1,0,0,0,0,1,5,290937.04,0.4278,low,0.1667
CUST012812,781,excellent,88.96,84.21,62.42,52.35,91.8,80.1772,10.91,3,1,0,0,0,0,1,0,54441.89,0.6873,low,0.5
CUST012813,798,excellent,85.72,96.36,70.42,39.51,95.74,82.998,4.99,7,0,0,0,0,0,0,3,192236.29,0.1224,low,0.0
CUST012814,707,good,48.55,92.49,68.21,41.65,86.24,67.7631,8.76,6,1,4,0,0,0,0,3,53468.77,0.1918,low,0.0
CUST012815,656,risky,26.72,98.46,82.05,70.1,21.75,59.3832,9.52,8,5,7,0,0,0,1,4,252041.61,1.7916,moderate,0.2
CUST012816,824,excellent,99.05,85.41,88.8,44.32,93.2,87.3623,10.95,11,0,0,0,0,0,0,1,41120.47,0.0365,low,0.0
CUST012817,812,excellent,92.62,95.79,74.05,37.04,93.11,85.2768,3.75,5,0,0,0,0,0,0,5,107935.97,0.1147,low,0.0
CUST012818,717,good,59.26,98.72,57.82,48.55,56.65,69.5511,5.16,2,3,2,0,0,0,0,2,48161.99,0.1925,low,0.0
CUST012819,576,high_risk,12.97,76.8,29.28,61.02,90.1,46.0824,11.16,0,1,7,0,0,0,1,4,229805.21,1.6318,moderate,0.2
CUST012820,598,high_risk,9.18,98.76,50.84,76.64,24.97,49.6258,7.99,2,5,8,1,0,0,1,5,318685.87,2.1075,moderate,0.1667
CUST012821,790,excellent,98.75,94.56,37.16,35.13,96.4,81.6564,6.45,1,0,0,0,0,0,0,0,58612.26,0.0187,low,0.0
CUST012822,827,excellent,98.92,90.29,72.61,68.82,83.7,87.8523,8.64,9,1,0,0,0,0,1,7,227169.6,0.7659,low,0.125
CUST012823,799,excellent,69.77,98.19,96.62,55.55,93.18,83.2419,1.36,10,0,0,0,0,0,1,4,62514.54,0.6732,low,0.2
CUST012824,740,good,90.03,75.51,45.42,30.47,92.68,73.2899,12.55,1,0,0,0,0,0,0,4,39166.57,0.1356,low,0.0
CUST012825,595,high_risk,13.45,89.14,80.67,33.94,22.28,49.1752,8.11,5,5,2,0,1,1,0,1,164267.47,0.2238,low,0.0
CUST012826,806,excellent,92.85,98.63,59.88,39.42,92.97,84.307,9.94,4,0,0,0,0,0,0,7,154928.88,0.0637,low,0.0
CUST012827,724,good,86.15,88.55,11.81,30.36,92.04,70.7311,0.41,0,0,0,0,0,0,0,4,64483.62,0.0039,low,0.0
CUST012828,768,excellent,78.73,85.39,75.14,49.18,87.09,78.0714,28.66,7,1,0,0,0,0,0,1,265363.78,0.1328,low,0.0
CUST012829,819,excellent,87.11,95.89,97.32,46.03,80.17,86.4762,7.07,10,1,0,0,0,0,0,6,121312.38,0.0232,low,0.0
CUST012830,812,excellent,97.18,90.93,67.45,43.24,96.26,85.3599,2.74,6,0,0,0,0,0,0,5,31879.76,0.1141,low,0.0
CUST012831,598,high_risk,1.72,97.13,86.35,32.25,37.04,49.6223,0.53,18,6,4,0,1,1,0,5,44824.75,0.5852,low,0.0
CUST012832,699,risky,44.08,94.19,61.6,37.07,98.67,66.4992,6.03,4,0,4,0,0,0,0,5,157435.8,0.1732,low,0.0
CUST012833,784,excellent,96.03,96.81,33.25,46.17,83.69,80.6246,7.88,0,1,0,0,0,0,0,3,390244.35,0.0471,low,0.0
CUST012834,776,excellent,85.04,86.39,75.62,35.13,88.44,79.3797,11.19,7,1,0,0,0,0,0,1,29754.0,0.0966,low,0.0
CUST012835,626,high_risk,12.63,96.26,71.09,75.66,38.78,54.4072,0.94,6,6,6,0,0,0,1,3,38363.49,2.2476,moderate,0.25
CUST012836,677,risky,44.12,88.32,70.05,66.61,46.49,62.7551,14.62,8,4,2,0,0,0,1,7,35175.31,1.1499,low,0.125
CUST012837,704,good,51.93,94.21,47.48,39.91,98.49,67.4004,6.95,2,0,2,0,0,0,0,5,66713.63,0.2411,low,0.0
CUST012838,828,excellent,87.93,89.16,99.72,63.08,92.28,88.0153,12.93,16,0,0,0,0,0,1,5,814792.89,0.8761,low,0.1667
CUST012839,782,excellent,89.79,68.05,95.58,46.6,94.47,80.2837,40.25,12,0,0,0,0,0,0,0,15350.83,0.1529,low,0.0
CUST012840,808,excellent,98.74,81.43,82.32,40.06,93.63,84.7053,11.68,9,0,0,0,0,0,0,2,415309.92,0.0075,low,0.0
CUST012841,752,excellent,70.97,75.38,86.18,57.08,93.2,75.4094,12.39,16,0,0,0,0,0,1,1,27056.46,0.9153,low,0.5
CUST012842,735,good,50.81,97.35,85.74,63.26,64.08,72.5818,1.64,16,3,4,0,0,0,1,3,14133.1,0.7976,low,0.25
CUST012843,799,excellent,85.75,79.41,90.95,65.74,90.49,83.1015,15.37,14,0,0,0,0,0,1,0,203784.02,0.3609,low,0.5
CUST012844,833,excellent,96.48,88.23,80.87,66.19,99.25,88.9122,5.95,7,0,0,0,0,0,1,4,219607.78,0.9958,low,0.2
CUST012845,768,excellent,85.5,93.36,50.42,33.08,92.56,78.058,4.37,3,0,0,0,0,0,0,1,185804.97,0.1021,low,0.0
CUST012846,800,excellent,97.67,75.17,79.75,47.53,99.27,83.3763,12.3,6,0,0,0,0,0,0,4,62057.44,0.0374,low,0.0
CUST012847,685,risky,40.08,89.03,80.33,30.09,83.81,64.1758,8.35,6,1,1,0,0,0,0,7,36696.36,0.2481,low,0.0
CUST012848,736,good,95.07,79.17,30.42,30.86,80.42,72.716,10.1,1,1,0,0,0,0,0,5,75224.3,0.0001,low,0.0
CUST012849,674,risky,43.86,89.58,77.12,40.81,44.91,62.3649,14.2,8,3,1,0,0,0,0,6,16763.75,0.114,low,0.0
CUST012850,816,excellent,88.08,77.56,97.32,78.92,94.92,86.0794,14.34,17,0,0,0,0,0,1,1,97707.29,0.7826,low,0.5
CUST012851,784,excellent,72.13,83.12,94.11,79.82,84.68,80.7493,13.22,12,1,0,0,0,0,1,7,494191.56,0.4058,low,0.125
CUST012852,795,excellent,90.98,98.82,68.9,33.86,73.42,82.5534,7.85,5,2,0,0,0,0,0,4,67763.22,0.036,low,0.0
CUST012853,836,excellent,93.09,97.32,76.31,72.89,88.37,89.3508,0.09,8,1,0,0,0,0,1,6,86991.75,0.8107,low,0.1429
CUST012854,797,excellent,76.76,99.3,87.48,42.87,88.05,82.8685,1.55,14,1,1,0,0,0,0,6,65456.24,0.04,low,0.0
CUST012855,822,excellent,96.37,91.38,65.84,79.33,80.01,86.9537,6.13,7,1,0,0,0,0,1,6,155811.45,0.7565,low,0.1429
CUST012856,804,excellent,85.91,89.09,73.39,78.23,83.02,83.9274,10.13,5,1,0,0,0,0,2,2,41262.14,0.3505,low,0.5
CUST012857,768,excellent,90.52,88.49,49.61,34.01,89.87,78.0587,7.79,1,1,0,0,0,0,0,2,61201.72,0.0519,low,0.0
CUST012858,802,excellent,86.25,75.32,99.0,61.82,97.69,83.5866,10.03,12,0,0,0,0,0,1,3,121871.59,0.9155,low,0.25
CUST012859,798,excellent,88.48,96.51,71.69,32.77,90.14,82.9661,6.9,8,0,0,0,0,0,0,5,194141.3,0.1341,low,0.0
CUST012860,835,excellent,90.09,94.46,70.51,87.9,99.53,89.1878,0.56,7,0,0,0,0,0,3,1,38999.75,0.4235,low,0.75
CUST012861,810,excellent,76.45,95.77,80.85,79.68,94.29,85.0113,5.91,5,0,0,0,0,0,1,4,407189.39,0.475,low,0.2
CUST012862,830,excellent,98.5,95.39,84.62,36.06,88.72,88.2644,6.64,5,1,0,0,0,0,0,4,90396.22,0.1571,low,0.0
CUST012863,815,excellent,90.16,92.72,99.71,34.93,80.87,85.9092,4.48,10,1,0,0,0,0,0,3,297584.24,0.088,low,0.0
CUST012864,827,excellent,95.84,92.62,87.17,36.34,97.23,87.7644,5.23,14,0,0,0,0,0,0,3,121254.48,0.0323,low,0.0
CUST012865,810,excellent,91.14,85.43,71.82,72.38,94.41,84.9795,12.18,6,0,0,0,0,0,1,0,40260.18,0.901,low,0.5
CUST012866,840,excellent,93.28,95.96,97.94,46.98,91.72,89.9983,0.47,19,0,0,0,0,0,0,2,49212.25,0.0855,low,0.0
CUST012867,761,excellent,92.65,94.03,25.26,30.48,92.96,76.7702,6.79,0,0,0,0,0,0,0,4,13333.98,0.0585,low,0.0
CUST012868,749,good,89.63,75.67,51.7,37.33,92.44,74.8021,13.51,2,0,0,0,0,0,0,3,24438.17,0.0215,low,0.0
CUST012869,831,excellent,89.94,98.4,93.69,49.22,85.72,88.5455,1.61,11,1,0,0,0,0,1,0,186416.35,0.7867,low,0.5
CUST012870,815,excellent,87.01,98.62,84.87,32.99,97.73,85.8445,6.52,6,0,0,0,0,0,0,6,37408.09,0.1176,low,0.0
CUST012871,808,excellent,96.58,88.67,79.55,41.76,81.38,84.6494,6.85,5,1,0,0,0,0,0,4,60892.71,0.1631,low,0.0
CUST012872,705,good,53.94,82.12,65.72,44.81,95.65,67.4201,11.74,8,0,2,0,0,0,0,5,138413.68,0.0939,low,0.0
CUST012873,833,excellent,93.14,91.36,97.02,46.71,95.24,88.7564,8.23,19,0,0,0,0,0,1,1,19454.44,0.8457,low,0.5
CUST012874,860,excellent,96.06,98.07,95.55,62.03,98.07,93.3827,4.4,13,0,0,0,0,0,1,7,85156.98,0.955,low,0.125
CUST012875,809,excellent,88.47,93.91,70.08,61.0,91.2,84.87,1.93,8,0,0,0,0,0,1,6,321758.89,0.7755,low,0.1429
CUST012876,784,excellent,97.07,84.19,51.93,44.06,92.17,80.6454,14.07,3,0,0,0,0,0,0,4,78867.91,0.0424,low,0.0
CUST012877,762,excellent,90.86,80.7,49.34,39.08,96.15,76.935,14.05,3,0,0,0,0,0,0,6,348566.66,0.0014,low,0.0
CUST012878,823,excellent,99.2,80.97,82.74,59.58,97.95,87.1749,10.86,5,0,0,0,0,0,1,6,74218.21,0.6863,low,0.1429
CUST012879,763,excellent,91.74,82.07,49.09,44.17,85.86,77.0953,13.06,4,1,0,0,0,0,0,7,350817.5,0.0285,low,0.0
CUST012880,700,good,44.59,76.86,90.31,63.42,91.91,66.7432,10.75,20,1,2,0,0,0,1,0,93241.4,1.4891,low,0.5
CUST012881,813,excellent,89.89,97.28,89.66,31.34,83.45,85.5743,3.66,20,1,0,0,0,0,0,7,216965.34,0.0148,low,0.0
CUST012882,794,excellent,96.04,93.42,49.6,41.25,90.7,82.2752,8.59,2,0,0,0,0,0,0,7,72978.19,0.0535,low,0.0
CUST012883,772,excellent,76.92,90.33,86.34,35.61,82.17,78.7492,1.14,15,1,1,0,0,0,0,0,753555.88,0.0409,low,0.0
CUST012884,810,excellent,88.88,98.1,80.12,44.12,80.19,84.9877,1.37,5,1,0,0,0,0,0,2,28680.65,0.0584,low,0.0
CUST012885,842,excellent,97.46,98.64,91.0,48.15,81.51,90.3195,4.2,15,1,0,0,0,0,0,4,82785.33,0.0506,low,0.0
CUST012886,806,excellent,92.86,76.82,99.99,42.66,94.62,84.2739,14.56,13,0,0,0,0,0,0,1,60035.74,0.0834,low,0.0
CUST012887,764,excellent,88.26,96.46,26.88,41.08,93.66,77.3364,4.83,0,0,0,0,0,0,0,6,63345.5,0.1338,low,0.0
CUST012888,762,excellent,87.66,88.57,42.22,38.64,95.31,76.9798,0.11,1,0,0,0,0,0,0,1,417162.75,0.0342,low,0.0
CUST012889,836,excellent,87.81,92.28,98.85,75.29,85.1,89.2855,3.39,12,1,0,0,0,0,1,5,88741.79,0.6946,low,0.1667
CUST012890,816,excellent,96.6,91.12,76.71,45.66,87.26,85.9455,7.56,7,1,0,0,0,0,0,1,194662.44,0.0523,low,0.0
CUST012891,839,excellent,89.4,97.39,96.97,62.96,85.35,89.8864,8.55,10,1,0,0,0,0,1,6,213432.78,0.7107,low,0.1429
CUST012892,821,excellent,89.52,94.28,88.8,47.91,91.21,86.846,2.4,13,1,0,0,0,0,0,5,159153.15,0.0263,low,0.0
CUST012893,826,excellent,96.52,95.51,84.92,31.17,93.76,87.665,4.95,5,0,0,0,0,0,0,0,195976.79,0.1256,low,0.0
CUST012894,717,good,64.63,86.95,46.23,61.13,87.09,69.4629,12.67,3,1,4,0,0,0,1,7,104712.02,1.1447,low,0.125
CUST012895,672,risky,27.85,83.01,93.7,65.1,77.4,61.9534,13.84,10,2,3,0,0,0,1,6,67067.29,1.4734,low,0.1429
CUST012896,823,excellent,97.36,82.24,93.31,51.98,92.82,87.2235,13.42,19,0,0,0,0,0,1,2,310108.13,0.7243,low,0.3333
CUST012897,858,excellent,98.12,96.91,90.19,77.8,83.46,93.0697,1.17,20,1,0,0,0,0,2,2,197584.28,0.9198,low,0.5
CUST012898,820,excellent,88.68,88.02,86.92,69.75,92.79,86.7357,0.17,10,0,0,0,0,0,1,7,90863.04,0.5809,low,0.125
CUST012899,792,excellent,91.93,78.07,80.8,48.15,93.91,81.9219,11.38,8,0,0,0,0,0,0,4,89920.4,0.0573,low,0.0
CUST012900,829,excellent,95.03,88.72,98.53,46.49,88.4,88.1457,4.29,13,1,0,0,0,0,0,1,737465.6,0.043,low,0.0
CUST012901,770,excellent,88.07,77.89,60.06,60.18,90.46,78.2663,11.71,3,0,0,0,0,0,1,2,52426.35,0.465,low,0.3333
CUST012902,775,excellent,91.13,92.14,46.99,43.11,83.14,79.2111,7.72,2,1,0,0,0,0,0,0,143639.02,0.0683,low,0.0
CUST012903,826,excellent,99.99,85.36,85.53,46.04,97.08,87.7462,14.32,11,0,0,0,0,0,0,1,92165.64,0.1023,low,0.0
CUST012904,825,excellent,85.46,97.38,72.82,74.15,99.97,87.4625,6.6,5,0,0,0,0,0,1,3,227930.48,0.5546,low,0.25
CUST012905,790,excellent,92.56,89.04,60.97,49.72,84.01,81.6267,4.35,3,1,0,0,0,0,0,0,80005.95,0.0527,low,0.0
CUST012906,830,excellent,90.29,96.46,92.2,47.68,92.52,88.3922,8.93,14,0,0,0,0,0,0,6,142578.55,0.1089,low,0.0
CUST012907,821,excellent,97.02,95.27,79.55,34.96,88.0,86.7656,1.47,9,1,0,0,0,0,0,3,43751.33,0.14,low,0.0
CUST012908,733,good,53.35,93.19,90.85,46.76,72.71,72.2007,0.12,11,2,3,0,0,0,0,6,72674.41,0.1587,low,0.0
CUST012909,836,excellent,97.87,88.37,98.95,43.5,93.37,89.2953,4.83,15,0,0,0,0,0,0,0,83443.74,0.0455,low,0.0
CUST012910,785,excellent,95.19,97.44,31.83,41.65,93.62,80.8502,9.31,1,0,0,0,0,0,0,0,62179.35,0.0304,low,0.0
CUST012911,682,risky,48.91,93.85,71.47,34.4,42.86,63.7203,2.6,9,3,2,0,0,0,0,2,67475.54,0.1685,low,0.0
CUST012912,814,excellent,88.46,81.84,97.36,65.23,90.61,85.7011,13.47,17,0,0,0,0,0,1,4,37760.75,0.8816,low,0.2
CUST012913,725,good,41.14,95.87,96.47,37.78,93.6,70.7673,6.17,15,0,4,0,0,0,0,3,141865.99,0.1084,low,0.0
CUST012914,829,excellent,94.57,89.1,80.14,68.62,95.03,88.2152,7.13,5,0,0,0,0,0,1,3,166659.45,0.9862,low,0.25
CUST012915,764,excellent,88.46,97.94,30.02,34.23,91.29,77.3963,7.48,1,0,0,0,0,0,0,4,49795.31,0.0365,low,0.0
CUST012916,845,excellent,97.93,98.12,91.72,43.42,90.95,90.9075,0.49,13,0,0,0,0,0,0,1,191924.12,0.1007,low,0.0
CUST012917,-1,no_history,76.25,97.41,20.11,48.15,98.84,73.6253,6.81,0,0,0,0,0,0,0,1,26418.4,0.0405,low,0.0
CUST012918,747,good,90.61,89.05,26.41,40.81,80.26,74.4967,7.78,0,1,0,0,0,0,0,6,105578.84,0.1479,low,0.0
CUST012919,699,risky,52.93,94.56,60.41,45.24,60.23,66.5029,6.55,3,3,4,0,0,0,0,7,48114.92,0.0225,low,0.0
CUST012920,833,excellent,98.14,88.9,99.08,35.03,94.91,88.8749,5.13,11,0,0,0,0,0,0,2,82823.11,0.0636,low,0.0
CUST012921,753,excellent,89.01,84.27,43.12,36.23,90.59,75.5828,10.38,1,0,0,0,0,0,0,4,12361.67,0.0236,low,0.0
CUST012922,839,excellent,96.3,93.75,85.39,59.6,92.55,89.8554,2.31,14,0,0,0,0,0,1,3,119528.96,0.4472,low,0.25
CUST012923,815,excellent,89.16,94.25,91.8,62.31,63.51,85.8319,4.9,12,3,0,0,0,0,1,2,184217.72,0.7471,low,0.3333
CUST012924,784,excellent,86.51,79.35,80.97,45.12,99.09,80.6491,13.63,9,0,0,0,0,0,0,1,179780.28,0.0256,low,0.0
CUST012925,788,excellent,96.67,94.45,42.81,39.59,87.65,81.3148,3.25,1,1,0,0,0,0,0,3,140856.1,0.0548,low,0.0
CUST012926,612,high_risk,14.4,80.6,92.05,37.89,51.6,51.9781,12.09,10,3,6,0,0,1,0,7,649233.62,0.4921,low,0.0
CUST012927,788,excellent,87.97,76.99,85.23,47.28,99.17,81.319,13.0,15,0,0,0,0,0,0,2,372997.07,0.157,low,0.0
CUST012928,764,excellent,75.66,93.73,66.94,34.94,91.24,77.2602,6.0,6,1,1,0,0,0,0,3,20140.13,0.1391,low,0.0
CUST012929,796,excellent,96.77,88.62,56.63,45.31,91.58,82.6401,9.09,2,1,0,0,0,0,0,2,182046.6,0.1055,low,0.0
CUST012930,778,excellent,91.45,77.37,95.57,34.23,66.38,79.6132,10.17,17,2,0,0,0,0,0,1,210427.19,0.0757,low,0.0
CUST012931,596,high_risk,12.1,90.03,72.46,43.76,28.17,49.308,6.38,8,5,5,0,0,1,0,4,23435.31,0.4354,low,0.0
CUST012932,855,excellent,98.9,95.71,83.21,76.5,89.76,92.4339,4.52,8,1,0,0,0,0,1,3,138288.73,0.6907,low,0.25
CUST012933,799,excellent,86.67,84.21,93.8,44.2,91.56,83.2453,11.62,11,0,0,0,0,0,0,0,69831.15,0.0336,low,0.0
CUST012934,752,excellent,87.81,89.38,22.02,49.95,95.51,75.398,3.78,0,0,0,0,0,0,0,2,66639.54,0.1611,low,0.0
CUST012935,818,excellent,98.86,94.71,69.89,44.32,83.51,86.2825,5.59,9,1,0,0,0,0,0,7,32299.49,0.1077,low,0.0
CUST012936,803,excellent,69.52,98.63,90.65,70.15,92.81,83.8133,0.01,15,0,1,0,0,0,1,6,68163.93,0.4335,low,0.1429
CUST012937,838,excellent,99.03,89.56,88.08,57.22,92.42,89.7037,9.57,11,0,0,0,0,0,1,0,27706.15,0.405,low,0.5
CUST012938,750,excellent,62.33,96.09,95.47,38.43,61.28,74.9356,4.29,12,3,4,0,0,0,0,0,64254.82,0.0766,low,0.0
CUST012939,850,excellent,99.11,92.93,90.21,57.03,97.87,91.5901,0.2,15,0,0,0,0,0,1,7,52091.6,0.6078,low,0.125
CUST012940,714,good,49.79,89.39,83.3,66.98,65.5,68.9843,8.27,6,2,2,0,0,0,1,6,302616.44,1.1272,low,0.1429
CUST012941,790,excellent,86.39,99.37,65.46,40.66,76.85,81.619,3.74,5,2,0,0,0,0,0,2,95125.12,0.0348,low,0.0
CUST012942,716,good,60.29,86.01,79.74,30.74,73.21,69.262,11.02,5,2,2,0,0,0,0,0,74982.83,0.19,low,0.0
CUST012943,805,excellent,96.39,91.46,57.15,45.59,97.87,84.0935,5.85,4,0,0,0,0,0,1,0,129402.81,0.4263,low,0.5
CUST012944,753,excellent,85.26,71.44,72.74,47.2,86.54,75.5567,38.22,8,1,0,0,0,0,0,1,47266.19,0.1472,low,0.0
CUST012945,734,good,48.48,95.08,99.92,41.64,76.54,72.2976,1.12,15,2,3,0,0,0,0,7,76313.09,0.155,low,0.0
CUST012946,784,excellent,85.07,75.19,97.42,39.73,97.89,80.707,12.59,16,0,0,0,0,0,0,1,156457.61,0.0546,low,0.0
CUST012947,781,excellent,85.1,96.45,45.51,49.59,96.01,80.1067,2.06,3,0,0,0,0,0,0,1,339021.49,0.1238,low,0.0
CUST012948,822,excellent,91.64,99.59,60.75,79.78,80.39,87.079,0.61,3,1,0,0,0,0,1,3,18014.86,0.5793,low,0.25
CUST012949,814,excellent,90.07,91.05,66.04,78.17,90.69,85.6336,9.76,6,0,0,0,0,0,1,1,42959.7,0.8064,low,0.5
CUST012950,786,excellent,86.09,76.9,98.57,36.21,94.33,81.0407,11.96,12,0,0,0,0,0,0,3,13722.74,0.0336,low,0.0
CUST012951,812,excellent,96.66,97.24,62.72,56.15,72.31,85.259,4.62,2,2,0,0,0,0,1,2,274817.91,0.9968,low,0.3333
CUST012952,810,excellent,86.24,97.35,53.34,85.75,90.59,85.0259,1.5,2,0,0,0,0,0,2,3,46638.45,0.3424,low,0.4
CUST012953,790,excellent,90.38,79.79,75.35,58.0,90.13,81.6866,14.18,7,0,0,0,0,0,0,1,105059.38,0.0372,low,0.0
CUST012954,578,high_risk,10.71,93.96,44.58,34.56,41.83,46.2633,0.16,1,4,5,0,0,1,0,5,276708.86,0.626,low,0.0
CUST012955,797,excellent,95.79,94.71,44.1,46.53,95.61,82.7706,3.92,1,0,0,0,0,0,0,5,208203.09,0.1009,low,0.0
CUST012956,695,risky,46.21,98.78,52.18,46.56,75.57,65.8485,8.08,2,2,4,0,0,0,0,3,27579.21,0.1513,low,0.0
CUST012957,830,excellent,99.2,97.26,68.11,55.22,87.18,88.3543,4.26,7,1,0,0,0,0,1,0,79503.5,0.4162,low,0.5
CUST012958,810,excellent,88.3,82.81,89.45,64.77,94.13,85.0559,12.44,15,0,0,0,0,0,1,1,57727.68,0.9382,low,0.5
CUST012959,648,high_risk,43.89,90.19,20.29,36.58,88.96,58.0168,7.85,0,1,1,0,0,0,0,6,21763.41,0.0997,low,0.0
CUST012960,816,excellent,95.67,81.03,96.52,40.61,95.96,85.9292,13.73,13,0,0,0,0,0,0,2,96541.54,0.0094,low,0.0
CUST012961,752,excellent,93.08,42.34,96.46,59.16,97.18,75.3844,53.97,10,0,0,0,0,0,0,6,85253.74,0.0811,low,0.0
CUST012962,835,excellent,93.99,95.07,95.59,37.32,96.83,89.1729,5.07,20,0,0,0,0,0,0,7,85018.6,0.0104,low,0.0
CUST012963,656,risky,24.26,98.15,84.7,49.08,38.31,59.3808,7.46,9,5,7,0,0,1,0,0,30235.84,0.3949,low,0.0
CUST012964,789,excellent,92.96,75.45,62.24,77.26,93.37,81.5719,10.83,3,0,0,0,0,0,1,7,231101.57,0.5823,low,0.125
CUST012965,839,excellent,95.07,93.75,95.7,44.28,96.19,89.8003,9.67,11,0,0,0,0,0,0,6,27858.75,0.0946,low,0.0
CUST012966,817,excellent,88.51,93.65,70.64,74.97,89.45,86.1132,5.78,8,1,0,0,0,0,1,1,55220.53,0.5309,low,0.5
CUST012967,759,excellent,85.1,78.62,65.58,39.25,93.18,76.4513,14.62,6,0,0,0,0,0,0,3,92435.24,0.1231,low,0.0
CUST012968,747,good,92.78,92.34,10.99,33.26,93.76,74.526,0.49,0,0,0,0,0,0,0,0,103669.89,0.1624,low,0.0
CUST012969,828,excellent,97.25,96.18,83.59,48.31,77.67,88.0302,7.91,8,2,0,0,0,0,1,2,56865.46,0.8529,low,0.3333
CUST012970,727,good,57.35,95.9,60.25,67.51,75.55,71.1854,5.51,3,2,3,0,0,0,1,7,28677.57,1.1649,low,0.125
CUST012971,760,excellent,95.54,79.93,52.04,38.69,76.17,76.7102,12.69,2,2,0,0,0,0,0,4,38790.01,0.0437,low,0.0
CUST012972,808,excellent,99.37,75.45,99.0,41.92,82.16,84.6763,13.34,12,1,0,0,0,0,0,1,99998.98,0.096,low,0.0
CUST012973,831,excellent,99.31,88.57,83.78,55.0,91.42,88.5385,3.53,6,0,0,0,0,0,1,2,134730.94,0.4617,low,0.3333
CUST012974,839,excellent,99.97,99.45,73.62,47.18,92.25,89.8082,8.16,6,0,0,0,0,0,0,7,31460.29,0.0834,low,0.0
CUST012975,799,excellent,92.88,99.77,46.58,39.65,98.12,83.2008,3.93,1,0,0,0,0,0,0,3,10320.43,0.0852,low,0.0
CUST012976,752,excellent,86.47,98.66,16.2,47.79,82.18,75.2889,5.17,0,1,0,0,0,0,0,5,156486.54,0.0107,low,0.0
CUST012977,824,excellent,99.75,99.45,70.78,33.3,86.89,87.3851,8.34,6,1,0,0,0,0,0,4,6126.76,0.0633,low,0.0
CUST012978,823,excellent,98.18,81.4,94.93,58.15,83.85,87.2214,25.04,11,1,0,0,0,0,1,0,376708.88,0.8477,low,0.5
CUST012979,827,excellent,98.75,96.79,90.4,34.18,72.92,87.8681,6.08,11,2,0,0,0,0,0,2,19890.2,0.0446,low,0.0
CUST012980,835,excellent,98.09,86.4,78.76,72.33,98.34,89.1344,18.43,8,0,0,0,0,0,1,0,55799.85,0.8816,low,0.5
CUST012981,749,good,86.08,80.44,46.59,37.34,99.09,74.8929,11.72,4,0,0,0,0,0,0,0,43553.44,0.1482,low,0.0
CUST012982,798,excellent,90.98,92.42,64.1,38.95,99.39,83.0196,6.89,2,0,0,0,0,0,0,2,93658.48,0.0449,low,0.0
CUST012983,662,risky,26.3,99.43,68.0,41.03,69.58,60.2925,8.78,6,2,5,0,0,1,0,6,22716.73,0.3336,low,0.0
CUST012984,841,excellent,98.05,99.58,79.62,48.48,92.11,90.1932,1.97,9,0,0,0,0,0,1,7,64402.08,0.6867,low,0.125
CUST012985,835,excellent,95.84,99.44,61.3,70.28,94.83,89.0835,1.98,3,0,0,0,0,0,1,5,35266.11,0.4424,low,0.1667
CUST012986,717,good,56.89,91.48,85.43,37.62,56.17,69.5502,0.1,12,4,3,0,0,0,0,0,116835.41,0.1282,low,0.0
CUST012987,808,excellent,91.56,86.01,90.58,50.41,81.24,84.6013,27.03,17,1,0,0,0,0,0,5,310895.71,0.035,low,0.0
CUST012988,798,excellent,97.12,91.44,53.64,44.88,90.92,83.0487,8.82,3,0,0,0,0,0,0,6,47752.02,0.048,low,0.0
CUST012989,853,excellent,94.11,96.27,98.51,62.96,91.97,92.0921,3.17,17,1,0,0,0,0,1,5,47597.26,0.3351,low,0.1667
CUST012990,760,excellent,69.61,75.07,82.0,82.31,92.38,76.652,11.31,5,0,1,0,0,0,2,5,61906.29,0.4158,low,0.2857
CUST012991,818,excellent,89.39,96.08,85.48,39.73,94.63,86.3661,8.04,11,0,0,0,0,0,0,3,205114.02,0.1406,low,0.0
CUST012992,601,high_risk,29.66,89.47,16.12,46.99,57.83,50.1229,2.81,0,3,3,0,0,0,0,3,134888.63,0.0775,low,0.0
CUST012993,812,excellent,88.94,90.95,77.79,54.81,98.31,85.3946,5.47,8,0,0,0,0,0,1,1,79296.83,0.3817,low,0.5
CUST012994,799,excellent,94.32,85.82,52.96,75.56,89.43,83.2033,11.45,2,1,0,0,0,0,1,4,31615.0,0.802,low,0.2
CUST012995,666,risky,20.25,98.65,95.94,31.44,67.03,60.9189,8.14,17,2,6,0,0,1,0,4,104360.24,0.2412,low,0.0
CUST012996,713,good,86.3,49.33,72.76,48.56,81.36,68.9096,53.66,7,1,0,0,0,0,0,4,109779.89,0.1054,low,0.0
CUST012997,599,high_risk,10.88,91.18,71.03,47.69,33.21,49.9056,0.3,5,6,4,0,0,1,0,3,44735.41,0.5892,low,0.0
CUST012998,762,excellent,87.41,83.37,50.78,57.55,80.61,77.0371,10.14,3,1,0,0,0,0,1,7,50314.55,0.3837,low,0.125
CUST012999,785,excellent,93.48,96.19,34.6,69.32,71.06,80.8031,3.36,1,2,0,0,0,0,1,5,101289.69,0.7618,low,0.1667
CUST013000,835,excellent,95.06,88.09,88.01,62.98,99.44,89.1389,8.53,10,0,0,0,0,0,1,1,26796.47,0.4034,low,0.5
CUST013001,759,excellent,72.48,84.57,70.6,55.32,96.16,76.4796,12.94,5,0,1,0,0,0,1,4,530783.16,0.7418,low,0.2
CUST013002,770,excellent,95.84,79.11,54.84,32.76,95.99,78.379,13.45,2,0,0,0,0,0,0,1,36478.98,0.0873,low,0.0
CUST013003,792,excellent,88.21,88.3,75.4,46.94,85.82,81.9494,8.04,6,1,0,0,0,0,0,4,250567.48,0.16,low,0.0
CUST013004,693,risky,63.58,91.02,34.64,43.01,65.16,65.5712,0.06,1,2,4,0,0,0,0,5,31689.11,0.1951,low,0.0
CUST013005,680,risky,28.56,88.99,91.06,45.55,85.01,63.4054,3.47,12,1,1,0,0,0,0,6,166774.22,0.1213,low,0.0
CUST013006,712,good,87.99,37.25,88.61,57.28,76.98,68.6899,51.41,14,2,0,0,0,0,0,4,145262.56,0.0498,low,0.0
CUST013007,812,excellent,85.19,95.84,87.88,42.29,93.28,85.3082,5.39,14,0,0,0,0,0,0,0,217137.13,0.1365,low,0.0
CUST013008,775,excellent,87.81,92.61,37.83,49.97,99.75,79.1635,4.43,1,0,0,0,0,0,0,4,94234.01,0.1599,low,0.0
CUST013009,837,excellent,91.96,98.93,94.97,38.12,96.27,89.549,2.48,15,0,0,0,0,0,0,6,60929.4,0.1161,low,0.0
CUST013010,804,excellent,96.89,77.48,75.53,64.92,90.17,83.9963,22.84,7,0,0,0,0,0,1,5,62770.09,0.4305,low,0.1667
CUST013011,714,good,77.56,76.79,40.16,33.8,93.89,68.9775,11.17,1,0,1,0,0,0,0,2,43838.6,0.1164,low,0.0
CUST013012,842,excellent,92.99,91.91,91.78,67.38,97.0,90.3231,9.58,12,0,0,0,0,0,1,2,416521.57,0.6388,low,0.3333
CUST013013,728,good,96.31,42.13,75.31,53.72,83.52,71.37,55.0,9,1,0,0,0,0,0,6,70639.89,0.1642,low,0.0
CUST013014,844,excellent,96.97,89.25,93.69,60.83,98.37,90.6882,3.84,12,0,0,0,0,0,1,7,30432.28,0.6651,low,0.125
CUST013015,752,excellent,71.68,89.13,68.03,44.68,88.81,75.3801,12.99,5,1,0,0,0,0,0,2,78608.28,0.0743,low,0.0
CUST013016,762,excellent,99.56,76.51,33.98,43.22,97.55,76.9742,12.03,0,0,0,0,0,0,0,2,97085.76,0.0865,low,0.0
CUST013017,795,excellent,97.65,86.81,65.99,34.59,88.58,82.4364,12.44,6,1,0,0,0,0,0,7,127497.54,0.0534,low,0.0
CUST013018,810,excellent,86.27,85.21,98.16,47.21,97.22,84.9246,13.22,10,0,0,0,0,0,0,4,149238.25,0.0427,low,0.0
CUST013019,-1,no_history,50.62,82.8,32.79,40.91,86.81,60.2482,11.67,0,1,2,0,0,0,0,0,783806.88,0.0306,low,0.0
CUST013020,654,risky,26.77,97.43,70.94,33.94,63.97,59.0307,9.91,7,4,7,0,0,1,0,5,50078.92,0.3433,low,0.0
CUST013021,643,high_risk,61.43,46.56,49.26,73.12,69.24,57.0906,56.76,1,2,1,0,0,0,1,7,41570.44,0.9917,low,0.125
CUST013022,780,excellent,68.13,89.88,97.53,45.0,99.99,79.9389,6.45,19,0,1,0,0,0,0,1,130562.67,0.1066,low,0.0
CUST013023,840,excellent,99.42,98.24,69.63,77.46,75.43,90.0022,1.34,6,2,0,0,0,0,1,7,844490.37,0.6318,low,0.125
CUST013024,786,excellent,86.68,76.19,91.93,48.72,91.45,81.0027,13.32,13,0,0,0,0,0,0,6,75486.77,0.1397,low,0.0
CUST013025,831,excellent,96.89,97.74,81.99,48.85,81.32,88.5498,2.73,5,1,0,0,0,0,0,2,129809.39,0.0509,low,0.0
CUST013026,792,excellent,87.99,92.44,69.07,40.51,90.31,81.9685,7.96,7,0,0,0,0,0,0,2,74633.55,0.0878,low,0.0
CUST013027,852,excellent,88.91,99.85,95.11,78.15,88.15,91.9692,7.28,17,1,0,0,0,0,2,5,145252.88,0.8984,low,0.2857
CUST013028,715,good,61.39,76.15,78.03,34.6,96.66,69.1613,13.33,5,0,4,0,0,0,0,4,155356.61,0.0066,low,0.0
CUST013029,645,high_risk,30.89,88.94,57.84,39.21,74.56,57.5473,3.62,3,2,1,0,0,0,0,7,36813.08,0.1102,low,0.0
CUST013030,582,high_risk,20.68,94.41,49.59,32.52,7.69,47.0211,6.9,1,7,6,0,0,1,0,3,31160.07,0.4545,low,0.0
CUST013031,694,risky,43.39,97.22,72.79,37.44,65.75,65.5895,8.65,7,2,1,0,0,0,0,1,316962.82,0.1301,low,0.0
CUST013032,732,good,59.33,95.92,62.82,47.85,81.8,71.9304,5.24,2,1,4,0,0,0,0,5,389289.24,0.1139,low,0.0
CUST013033,685,risky,36.7,83.31,92.8,43.85,79.94,64.1372,14.87,13,2,3,0,0,0,0,0,197231.89,0.1409,low,0.0
CUST013034,688,risky,43.58,95.43,52.21,37.77,92.16,64.7056,3.83,3,0,3,0,0,0,0,4,91805.12,0.0853,low,0.0
CUST013035,838,excellent,94.92,94.37,95.94,37.79,99.92,89.6944,9.67,11,0,0,0,0,0,0,0,43576.75,0.1195,low,0.0
CUST013036,796,excellent,88.04,89.16,80.62,39.92,90.04,82.6521,6.62,6,0,0,0,0,0,0,0,172795.59,0.0556,low,0.0
CUST013037,705,good,42.63,84.63,99.01,41.04,82.29,67.4925,11.33,10,1,3,0,0,0,0,7,116306.65,0.1529,low,0.0
CUST013038,822,excellent,98.09,96.11,72.85,40.66,88.5,87.008,4.63,6,1,0,0,0,0,0,5,339483.03,0.1505,low,0.0
CUST013039,719,good,61.61,81.49,70.75,43.49,89.34,69.9033,12.32,5,1,2,0,0,0,0,0,88351.5,0.1662,low,0.0
CUST013040,820,excellent,90.47,93.06,93.78,33.61,97.2,86.7317,4.98,10,0,0,0,0,0,0,2,14769.42,0.0045,low,0.0
CUST013041,803,excellent,97.8,95.36,34.49,74.32,84.43,83.8863,8.83,1,1,0,0,0,0,1,3,95537.98,0.9188,low,0.25
CUST013042,802,excellent,86.32,97.01,73.4,47.7,86.55,83.7483,0.7,6,1,0,0,0,0,1,0,46563.42,0.5336,low,0.5
CUST013043,822,excellent,92.07,95.88,96.61,39.63,75.3,86.9758,0.92,15,2,0,0,0,0,0,1,112295.63,0.0253,low,0.0
CUST013044,796,excellent,86.27,94.92,62.42,51.01,96.05,82.7402,6.73,2,0,0,0,0,0,0,0,112870.72,0.0152,low,0.0
CUST013045,740,good,66.36,75.09,90.34,53.8,86.62,73.347,28.72,12,1,0,0,0,0,0,1,30241.87,0.1268,low,0.0
CUST013046,819,excellent,86.61,97.73,93.52,36.71,91.45,86.4746,2.54,15,0,0,0,0,0,0,2,68258.6,0.0816,low,0.0
CUST013047,569,high_risk,8.32,76.99,85.4,36.81,23.48,44.8452,14.91,20,5,7,1,1,1,0,5,152040.26,0.1994,low,0.0
CUST013048,821,excellent,98.74,90.45,83.68,39.72,86.8,86.8998,8.1,6,1,0,0,0,0,0,4,19121.44,0.1265,low,0.0
CUST013049,829,excellent,94.9,89.92,97.22,47.8,85.68,88.1214,5.13,15,1,0,0,0,0,0,7,39040.91,0.0661,low,0.0
CUST013050,786,excellent,93.33,80.89,65.27,50.87,91.68,80.979,20.03,8,0,0,0,0,0,0,4,325133.69,0.0583,low,0.0
CUST013051,727,good,92.94,77.06,15.06,45.03,87.52,71.1584,10.39,0,1,0,0,0,0,0,4,67002.85,0.036,low,0.0
CUST013052,791,excellent,92.84,81.89,70.29,50.27,91.92,81.8239,11.77,8,1,0,0,0,0,1,7,36268.26,0.5008,low,0.125
CUST013053,820,excellent,86.5,97.8,73.69,61.99,97.49,86.6159,6.88,7,0,0,0,0,0,1,7,558268.81,0.8808,low,0.125
CUST013054,831,excellent,87.7,91.75,92.76,71.89,91.08,88.4308,5.44,13,0,0,0,0,0,1,7,137567.22,0.5144,low,0.125
CUST013055,713,good,41.77,97.65,85.5,45.76,74.41,68.7563,7.43,12,2,4,0,0,0,0,7,84185.82,0.2272,low,0.0
CUST013056,821,excellent,91.36,83.6,81.46,75.77,99.29,86.7816,11.97,5,0,0,0,0,0,1,4,108916.82,0.4249,low,0.2
CUST013057,716,good,70.78,89.74,24.55,47.38,91.41,69.2597,3.67,0,0,0,0,0,0,0,4,219522.51,0.0678,low,0.0
CUST013058,827,excellent,93.68,88.97,82.09,61.27,99.29,87.846,5.79,8,0,0,0,0,0,1,7,308965.36,0.8398,low,0.125
CUST013059,799,excellent,95.74,81.64,65.22,63.67,90.36,83.1859,14.11,7,1,0,0,0,0,1,3,43363.95,0.7165,low,0.25
CUST013060,825,excellent,98.04,90.9,85.03,32.28,99.31,87.4981,7.87,18,0,0,0,0,0,0,2,47133.0,0.1091,low,0.0
CUST013061,833,excellent,92.29,93.94,96.53,41.63,97.21,88.8462,7.24,10,0,0,0,0,0,0,4,78167.08,0.0964,low,0.0
CUST013062,799,excellent,88.57,92.61,47.82,73.7,98.84,83.2117,8.79,1,0,0,0,0,0,1,7,39500.14,0.7897,low,0.125
CUST013063,798,excellent,93.23,90.38,47.66,70.27,90.07,82.9269,8.77,2,0,0,0,0,0,1,4,505610.97,0.6373,low,0.2
CUST013064,822,excellent,97.92,97.97,73.17,32.3,91.01,86.9668,4.28,8,0,0,0,0,0,0,3,18227.69,0.0255,low,0.0
CUST013065,812,excellent,99.46,77.75,59.37,86.8,95.33,85.2518,21.67,3,0,0,0,0,0,2,3,23797.06,0.8152,low,0.4
CUST013066,755,excellent,66.88,94.6,78.54,31.52,91.19,75.8386,2.94,7,0,0,0,0,0,0,6,201847.88,0.0349,low,0.0
CUST013067,577,high_risk,29.86,79.33,19.04,72.63,28.22,46.192,14.71,0,5,5,0,0,0,1,4,377033.78,1.7368,moderate,0.2
CUST013068,703,good,49.69,83.19,93.04,30.51,78.67,67.2208,14.26,10,2,4,0,0,0,0,3,147736.94,0.1654,low,0.0
CUST013069,799,excellent,91.26,77.1,96.42,37.78,97.79,83.09,12.4,15,0,0,0,0,0,0,3,98053.8,0.0778,low,0.0
CUST013070,804,excellent,79.01,93.95,85.13,54.09,99.99,84.0152,2.71,12,0,0,0,0,0,1,3,220634.65,0.4629,low,0.25
CUST013071,807,excellent,94.04,94.99,77.98,47.3,65.94,84.4319,0.81,6,2,0,0,0,0,0,4,131175.91,0.0377,low,0.0
CUST013072,822,excellent,88.58,88.18,92.88,60.56,94.87,86.9327,6.31,11,0,0,0,0,0,1,1,91111.6,0.8672,low,0.5
CUST013073,775,excellent,72.48,98.24,76.43,39.14,90.29,79.2477,5.47,6,0,0,0,0,0,0,0,35664.79,0.0285,low,0.0
CUST013074,672,risky,28.27,89.48,80.71,33.8,96.93,61.917,12.71,5,0,3,0,0,0,0,3,125741.78,0.0875,low,0.0
CUST013075,839,excellent,98.16,84.74,86.57,70.32,99.94,89.7896,27.99,10,0,0,0,0,0,1,0,169292.29,0.487,low,0.5
CUST013076,696,risky,43.33,78.95,94.18,66.89,72.7,65.9394,12.97,14,2,2,0,0,0,1,0,232667.85,1.4467,low,0.5
CUST013077,823,excellent,93.47,91.45,73.49,67.05,92.96,87.1726,8.14,6,0,0,0,0,0,2,3,54152.19,0.889,low,0.4
CUST013078,801,excellent,92.59,98.06,49.14,44.44,99.04,83.5427,9.23,1,0,0,0,0,0,0,6,85170.89,0.0608,low,0.0
CUST013079,736,good,61.21,90.81,69.16,70.38,76.29,72.7074,2.8,8,2,3,0,0,0,1,6,32295.16,1.2909,low,0.1429
CUST013080,811,excellent,76.69,95.97,85.88,72.44,94.45,85.2056,7.92,13,0,1,0,0,0,1,0,54643.15,0.6931,low,0.5
CUST013081,753,excellent,95.85,89.09,12.14,43.13,90.47,75.4562,10.31,0,0,0,0,0,0,0,4,71369.11,0.0334,low,0.0
CUST013082,717,good,54.54,91.64,85.02,32.01,70.42,69.5762,7.01,20,2,3,0,0,0,0,4,24076.82,0.1802,low,0.0
CUST013083,587,high_risk,7.09,90.34,51.54,72.04,42.83,47.8002,2.88,2,4,6,1,0,0,1,0,55769.88,1.5254,moderate,0.5
CUST013084,810,excellent,89.0,94.51,89.27,30.51,90.58,85.0025,2.72,16,0,0,0,0,0,0,3,40084.05,0.0702,low,0.0
CUST013085,833,excellent,98.94,90.77,85.13,47.57,95.17,88.9023,5.76,13,0,0,0,0,0,0,4,45739.38,0.0759,low,0.0
CUST013086,838,excellent,89.78,96.2,77.71,90.27,86.72,89.6409,8.69,8,1,0,0,0,0,2,6,18605.65,0.9198,low,0.25
CUST013087,711,good,54.49,97.27,72.69,31.49,61.46,68.4523,0.66,5,3,1,0,0,0,0,3,45327.4,0.1541,low,0.0
CUST013088,628,high_risk,20.94,79.16,89.59,67.84,43.31,54.6326,11.78,10,4,4,0,0,0,1,1,60160.11,1.9144,moderate,0.5
CUST013089,592,high_risk,9.49,88.89,75.84,62.3,20.28,48.6229,7.0,7,5,3,1,0,0,1,0,57236.4,1.7129,moderate,0.5
CUST013090,814,excellent,95.28,75.54,92.9,60.87,96.92,85.7241,29.33,14,0,0,0,0,0,0,2,83730.94,0.1612,low,0.0
CUST013091,794,excellent,85.09,88.99,82.97,37.87,96.22,82.3306,7.86,5,0,0,0,0,0,0,6,36143.79,0.0976,low,0.0
CUST013092,667,risky,27.61,99.76,85.32,69.72,28.13,61.1729,3.19,14,6,3,0,0,0,1,2,69138.36,2.1643,moderate,0.3333
CUST013093,661,risky,28.43,98.85,61.68,74.26,48.91,60.1738,5.46,2,3,6,0,0,0,1,7,210003.22,1.9484,moderate,0.125
CUST013094,733,good,94.84,52.23,72.51,51.86,71.69,72.0953,52.69,5,2,0,0,0,0,0,7,86299.49,0.0329,low,0.0
CUST013095,709,good,49.96,78.24,93.37,46.3,86.54,68.2455,10.13,15,1,2,0,0,0,0,4,182144.17,0.2426,low,0.0
CUST013096,816,excellent,87.97,94.32,91.88,38.29,92.38,85.9326,5.27,11,0,0,0,0,0,0,2,52271.71,0.1563,low,0.0
CUST013097,564,high_risk,0.29,97.55,47.38,46.51,29.31,44.0561,0.45,1,5,3,1,1,1,0,2,28086.96,0.5147,low,0.0
CUST013098,773,excellent,97.0,88.26,46.12,33.54,81.74,78.8736,7.24,2,1,0,0,0,0,0,7,31901.23,0.1074,low,0.0
CUST013099,726,good,49.04,89.96,91.37,74.52,67.36,71.0438,5.34,17,2,4,0,0,0,1,0,150494.3,1.0996,low,0.5
CUST013100,800,excellent,95.29,78.52,83.59,48.14,90.94,83.3543,11.4,8,0,0,0,0,0,0,4,30137.77,0.0684,low,0.0
CUST013101,776,excellent,88.21,81.57,67.99,44.81,93.65,79.3898,13.38,5,0,0,0,0,0,0,6,54440.21,0.1494,low,0.0
CUST013102,842,excellent,89.3,96.32,91.98,73.01,90.73,90.3219,4.75,17,0,0,0,0,0,1,0,100612.84,0.9006,low,0.5
CUST013103,756,excellent,68.9,98.37,69.67,30.08,89.43,76.027,8.48,8,1,0,0,0,0,0,0,73714.63,0.085,low,0.0
CUST013104,813,excellent,91.08,92.49,80.02,52.31,87.15,85.5756,0.85,6,1,0,0,0,0,1,1,52397.83,0.5723,low,0.5
CUST013105,789,excellent,99.07,98.47,32.38,41.0,83.42,81.5156,5.31,1,1,0,0,0,0,0,4,75786.25,0.0686,low,0.0
CUST013106,693,risky,58.46,59.41,90.11,69.04,67.94,65.4993,37.36,14,2,1,0,0,0,1,4,122271.17,0.7183,low,0.2
CUST013107,825,excellent,94.32,90.45,73.34,68.67,94.21,87.4339,7.64,8,0,0,0,0,0,1,6,29165.1,0.8333,low,0.1429
CUST013108,794,excellent,74.53,91.26,96.56,77.74,66.24,82.3436,9.64,12,2,1,0,0,0,1,6,469532.98,0.8389,low,0.1429
CUST013109,621,high_risk,33.6,87.24,36.28,44.28,57.02,53.5056,12.02,1,4,2,0,0,0,0,3,162054.2,0.0978,low,0.0
CUST013110,738,good,61.33,89.03,72.41,79.48,70.33,73.0161,0.13,5,2,3,0,0,0,1,3,206864.22,1.0019,low,0.25
CUST013111,824,excellent,94.9,86.22,84.83,62.4,92.58,87.3043,14.69,7,0,0,0,0,0,1,4,79437.99,0.6537,low,0.2
CUST013112,782,excellent,95.44,94.72,31.06,47.12,90.98,80.2908,7.09,1,0,0,0,0,0,0,7,135131.28,0.1538,low,0.0
CUST013113,670,risky,47.55,74.3,60.76,54.15,81.44,61.6074,32.48,4,1,2,0,0,0,0,3,91792.4,0.054,low,0.0
CUST013114,838,excellent,98.09,91.56,99.57,30.35,98.33,89.6042,3.32,10,0,0,0,0,0,0,1,319701.4,0.0346,low,0.0
CUST013115,794,excellent,85.61,90.13,91.99,44.71,70.89,82.3609,4.23,20,2,0,0,0,0,0,3,181612.64,0.1281,low,0.0
CUST013116,752,excellent,60.04,97.69,97.76,34.45,69.6,75.3901,5.01,12,2,2,0,0,0,0,6,185827.07,0.0843,low,0.0
CUST013117,770,excellent,96.14,88.9,26.99,45.05,95.27,78.3981,10.28,0,0,0,0,0,0,0,7,162920.37,0.154,low,0.0
CUST013118,818,excellent,71.9,99.4,99.03,70.83,93.83,86.3073,8.72,14,0,1,0,0,0,1,4,71415.03,0.53,low,0.2
CUST013119,781,excellent,85.9,89.86,63.65,45.54,90.69,80.1958,3.99,3,1,0,0,0,0,0,5,421957.63,0.0403,low,0.0
CUST013120,752,excellent,77.53,93.02,41.27,45.19,95.6,75.3098,8.72,1,0,1,0,0,0,0,7,75657.55,0.0566,low,0.0
CUST013121,727,good,85.18,85.62,12.2,47.33,90.36,71.0996,12.09,0,0,0,0,0,0,0,4,528239.31,0.0801,low,0.0
CUST013122,778,excellent,89.1,84.03,69.14,30.22,98.33,79.6234,14.42,7,0,0,0,0,0,0,3,137012.51,0.0724,low,0.0
CUST013123,721,good,73.89,87.96,33.44,36.87,91.62,70.1162,13.96,0,1,1,0,0,0,0,6,69157.36,0.1201,low,0.0
CUST013124,802,excellent,97.82,80.06,76.15,47.7,92.61,83.7107,14.07,8,0,0,0,0,0,0,4,31874.67,0.0587,low,0.0
CUST013125,787,excellent,93.28,82.29,69.44,37.14,97.01,81.164,12.09,5,0,0,0,0,0,0,0,194982.47,0.0822,low,0.0
CUST013126,761,excellent,88.54,99.9,22.35,30.26,94.29,76.7639,2.62,0,0,0,0,0,0,0,6,52084.83,0.0678,low,0.0
CUST013127,632,high_risk,41.67,92.61,26.08,45.02,45.67,55.3479,6.79,0,3,4,0,0,0,0,6,25403.38,0.1505,low,0.0
CUST013128,814,excellent,87.36,91.12,89.07,49.55,94.38,85.665,9.65,18,0,0,0,0,0,1,3,49002.97,0.6514,low,0.25
CUST013129,668,risky,60.19,76.93,49.1,47.01,51.15,61.3286,12.68,2,3,3,0,0,0,0,4,44396.0,0.1845,low,0.0
CUST013130,782,excellent,65.72,99.03,94.12,39.12,96.7,80.4118,2.53,12,0,0,0,0,0,0,7,64182.85,0.1501,low,0.0
CUST013131,771,excellent,96.67,84.49,34.51,41.66,99.59,78.4836,13.9,0,0,0,0,0,0,0,1,42647.92,0.0658,low,0.0
CUST013132,753,excellent,89.67,97.01,16.46,32.4,93.05,75.5005,0.49,0,0,0,0,0,0,0,2,21050.76,0.134,low,0.0
CUST013133,721,good,53.15,98.67,60.82,67.0,70.64,70.0888,6.1,3,2,2,0,0,0,1,6,96120.25,1.0285,low,0.1429
CUST013134,780,excellent,86.75,83.48,66.98,53.89,90.94,79.9371,14.17,8,1,0,0,0,0,1,5,16094.41,0.6114,low,0.1667
CUST013135,772,excellent,62.14,94.16,99.36,43.96,93.0,78.5984,0.52,20,0,2,0,0,0,0,5,26263.17,0.1696,low,0.0
CUST013136,718,good,61.94,84.55,76.04,30.4,82.02,69.6908,14.52,8,1,1,0,0,0,0,0,265502.61,0.051,low,0.0
CUST013137,764,excellent,87.17,80.01,55.87,54.3,90.4,77.3613,22.16,4,0,0,0,0,0,0,5,98939.84,0.0175,low,0.0
CUST013138,812,excellent,94.59,75.83,87.25,76.75,87.15,85.3314,14.43,13,1,0,0,0,0,1,0,182774.89,0.8553,low,0.5
CUST013139,667,risky,40.3,95.29,66.02,44.36,41.68,61.1994,5.86,9,5,4,0,0,0,0,0,38437.18,0.1623,low,0.0
CUST013140,768,excellent,85.82,93.35,47.23,32.89,95.29,77.9458,6.41,1,0,0,0,0,0,0,7,118295.43,0.0772,low,0.0
CUST013141,816,excellent,99.29,78.75,76.31,62.64,98.68,85.9572,10.68,6,0,0,0,0,0,1,1,170517.76,0.5945,low,0.5
CUST013142,725,good,78.73,88.4,25.03,39.36,91.41,70.9078,1.82,0,0,1,0,0,0,0,2,436944.33,0.1648,low,0.0
CUST013143,762,excellent,92.47,76.93,46.15,48.65,97.04,76.9356,10.59,1,0,0,0,0,0,0,7,192812.84,0.1219,low,0.0
CUST013144,772,excellent,96.68,88.01,29.4,42.63,97.77,78.6883,1.62,0,0,0,0,0,0,0,1,162298.02,0.0906,low,0.0
CUST013145,673,risky,62.73,90.45,18.33,31.65,70.85,62.0907,0.6,0,2,1,0,0,0,0,0,121017.51,0.1119,low,0.0
CUST013146,704,good,50.66,95.22,88.68,35.08,42.61,67.3667,1.16,20,4,3,0,0,0,0,4,466459.57,0.2495,low,0.0
CUST013147,596,high_risk,17.88,96.42,29.73,31.89,65.37,49.3684,6.11,0,2,7,1,0,1,0,6,176167.21,0.4629,low,0.0
CUST013148,606,high_risk,16.43,93.66,37.32,44.26,71.79,51.0502,5.35,1,2,7,0,0,0,0,7,139017.27,0.6021,low,0.0
CUST013149,808,excellent,92.13,85.49,72.24,63.56,96.54,84.7387,22.81,8,0,0,0,0,0,0,3,115332.19,0.0489,low,0.0
CUST013150,715,good,55.2,99.4,85.4,47.92,23.62,69.1017,5.97,19,6,3,0,0,0,0,0,15739.36,0.2043,low,0.0
CUST013151,821,excellent,78.9,98.8,88.92,67.63,94.92,86.8486,0.38,14,0,0,0,0,0,1,0,574550.65,0.393,low,0.5
CUST013152,626,high_risk,40.55,86.18,10.73,42.87,83.46,54.289,13.71,0,1,3,0,0,0,0,1,67174.78,0.0888,low,0.0
CUST013153,743,good,85.54,88.7,17.99,49.95,95.13,73.7546,5.72,0,0,0,0,0,0,0,5,347511.1,0.0807,low,0.0
CUST013154,841,excellent,98.36,96.99,86.15,45.49,92.02,90.1981,8.02,13,0,0,0,0,0,0,2,75062.89,0.0848,low,0.0
CUST013155,826,excellent,90.22,94.94,73.77,70.84,94.86,87.6943,3.45,6,0,0,0,0,0,1,2,91773.1,0.7361,low,0.3333
CUST013156,723,good,56.25,99.1,74.63,34.05,65.15,70.5322,9.98,5,2,2,0,0,0,0,1,265402.96,0.2371,low,0.0
CUST013157,758,excellent,72.95,92.51,71.05,42.46,81.85,76.371,6.14,9,1,1,0,0,0,0,1,186906.77,0.0753,low,0.0
CUST013158,806,excellent,95.98,83.37,68.6,71.52,83.66,84.4122,14.77,8,1,0,0,0,0,1,2,549584.8,0.4551,low,0.3333
CUST013159,801,excellent,87.11,90.39,91.87,46.33,74.06,83.4257,8.49,17,2,0,0,0,0,1,3,44271.49,0.4854,low,0.25
CUST013160,735,good,59.51,88.41,94.84,30.82,79.01,72.5631,0.62,19,2,4,0,0,0,0,1,105933.87,0.2379,low,0.0
CUST013161,766,excellent,95.67,92.57,19.56,44.0,90.02,77.5931,4.55,0,0,0,0,0,0,0,1,30084.92,0.117,low,0.0
CUST013162,746,good,66.25,95.66,65.76,34.98,91.34,74.381,9.29,9,0,1,0,0,0,0,0,137776.93,0.0,low,0.0
CUST013163,796,excellent,86.18,89.68,94.29,32.36,82.17,82.6638,9.52,13,1,0,0,0,0,0,3,35243.59,0.0414,low,0.0
CUST013164,667,risky,44.63,87.13,43.67,43.12,85.8,61.2025,13.05,1,1,1,0,0,0,0,0,75711.99,0.181,low,0.0
CUST013165,843,excellent,97.07,94.67,74.13,77.9,91.66,90.4502,4.45,5,0,0,0,0,0,1,6,134042.08,0.8132,low,0.1429
CUST013166,804,excellent,96.88,95.78,46.69,45.64,98.07,84.0189,4.16,2,0,0,0,0,0,0,2,212916.33,0.0031,low,0.0
CUST013167,803,excellent,87.79,91.46,66.36,60.63,97.03,83.8845,1.63,9,0,0,0,0,0,1,3,402569.59,0.9489,low,0.25
CUST013168,800,excellent,87.74,99.4,57.22,45.44,96.59,83.3183,8.58,2,0,0,0,0,0,0,7,108851.97,0.1563,low,0.0
CUST013169,756,excellent,77.38,81.37,59.32,70.72,84.67,75.9313,12.2,4,1,0,0,0,0,1,0,73900.8,0.7048,low,0.5
CUST013170,786,excellent,88.57,91.36,70.04,32.75,87.49,80.9379,7.35,9,1,0,0,0,0,0,4,32229.39,0.153,low,0.0
CUST013171,630,high_risk,27.19,76.63,81.0,68.43,44.48,54.9443,11.88,5,6,7,0,0,0,1,0,23457.04,2.1451,moderate,0.5
CUST013172,774,excellent,89.05,76.57,66.2,66.15,83.98,79.0815,13.53,5,1,0,0,0,0,1,4,98118.49,0.9606,low,0.2
CUST013173,791,excellent,93.36,83.1,56.58,65.57,92.35,81.8858,10.66,3,0,0,0,0,0,1,7,48922.76,0.6507,low,0.125
CUST013174,615,high_risk,29.27,88.45,45.57,45.88,42.31,52.4338,3.57,1,5,7,0,0,1,0,3,488601.77,0.2065,low,0.0
CUST013175,579,high_risk,16.2,88.0,34.37,77.97,24.31,46.453,13.81,0,7,3,0,0,0,1,5,45166.52,1.9871,moderate,0.1667
CUST013176,655,risky,46.54,99.67,18.43,39.6,62.37,59.1516,6.65,0,3,2,0,0,0,0,6,85698.34,0.1723,low,0.0
CUST013177,782,excellent,71.89,93.48,75.93,57.43,99.46,80.2841,3.4,7,0,1,0,0,0,1,6,52005.64,0.3481,low,0.1429
CUST013178,641,high_risk,24.02,95.57,70.14,43.27,49.49,56.8741,3.24,6,4,6,0,0,1,0,1,322557.06,0.2352,low,0.0
CUST013179,835,excellent,94.67,88.46,87.4,68.4,95.12,89.1377,3.38,14,0,0,0,0,0,1,4,49156.39,0.996,low,0.2
CUST013180,748,good,56.74,96.08,65.3,70.92,90.66,74.6386,6.08,5,1,4,0,0,0,1,3,31852.58,0.8638,low,0.25
CUST013181,792,excellent,96.92,93.69,45.03,41.63,90.21,81.967,8.72,2,0,0,0,0,0,0,5,62012.24,0.0414,low,0.0
CUST013182,770,excellent,74.04,96.31,76.5,42.7,78.38,78.3904,1.41,8,2,0,0,0,0,0,6,136513.17,0.0316,low,0.0
CUST013183,767,excellent,85.1,76.87,92.25,34.46,76.85,77.8156,11.33,12,2,0,0,0,0,0,7,94392.91,0.0823,low,0.0
CUST013184,772,excellent,66.89,91.59,86.85,49.31,98.64,78.7105,6.82,18,0,0,0,0,0,0,7,128237.55,0.0642,low,0.0
CUST013185,837,excellent,86.54,95.51,92.93,68.92,96.77,89.4521,0.56,20,0,0,0,0,0,1,2,52515.07,0.4701,low,0.3333
CUST013186,824,excellent,86.73,88.91,85.09,77.75,98.4,87.4044,2.27,17,0,0,0,0,0,2,2,38335.14,0.3404,low,0.5
CUST013187,724,good,54.89,91.92,65.25,70.22,79.99,70.5949,6.14,7,2,4,0,0,0,1,5,143586.95,1.3241,low,0.1667
CUST013188,812,excellent,94.34,92.52,74.83,37.48,95.77,85.3223,5.61,9,0,0,0,0,0,0,4,198842.85,0.0479,low,0.0
CUST013189,824,excellent,97.62,83.24,91.46,44.33,99.71,87.263,14.16,18,0,0,0,0,0,0,4,217565.37,0.025,low,0.0
CUST013190,810,excellent,92.44,88.73,93.41,32.5,86.87,84.9239,8.93,12,1,0,0,0,0,0,4,87817.29,0.0479,low,0.0
CUST013191,786,excellent,75.79,84.22,72.51,90.32,92.57,80.9569,11.34,6,0,0,0,0,0,2,1,37688.69,0.5991,low,0.6667
CUST013192,832,excellent,93.95,98.56,88.87,40.27,88.74,88.682,1.45,12,1,0,0,0,0,0,7,72966.24,0.0004,low,0.0
CUST013193,774,excellent,86.23,90.69,61.73,32.08,91.52,79.0074,2.06,2,1,0,0,0,0,0,2,487221.37,0.0127,low,0.0
CUST013194,781,excellent,91.59,99.58,29.0,45.62,93.8,80.2231,1.23,0,0,0,0,0,0,0,5,100049.4,0.1311,low,0.0
CUST013195,767,excellent,99.51,90.09,13.19,41.23,98.75,77.831,5.89,0,0,0,0,0,0,0,3,41768.7,0.1459,low,0.0
CUST013196,620,high_risk,27.33,81.38,47.66,60.46,61.5,53.3262,27.35,4,4,4,0,0,0,1,0,42793.88,0.9804,low,0.5
CUST013197,795,excellent,97.6,88.78,46.0,49.0,99.56,82.5512,3.08,1,0,0,0,0,0,0,2,95747.28,0.049,low,0.0
CUST013198,768,excellent,64.6,96.23,71.59,73.86,94.12,78.016,9.19,8,0,2,0,0,0,1,5,30069.06,1.26,low,0.1667
CUST013199,781,excellent,98.1,82.42,52.88,33.4,97.64,80.0978,12.78,3,0,0,0,0,0,0,7,64729.18,0.0448,low,0.0
CUST013200,774,excellent,87.49,83.62,66.72,41.79,91.72,79.0648,11.54,5,0,0,0,0,0,0,3,361784.41,0.1225,low,0.0
CUST013201,700,good,59.44,94.21,26.67,44.86,90.62,66.6138,5.71,0,1,3,0,0,0,0,4,409473.91,0.2101,low,0.0
CUST013202,849,excellent,96.45,96.88,81.61,63.9,99.86,91.439,6.57,5,0,0,0,0,0,2,5,36883.86,0.5546,low,0.2857
CUST013203,777,excellent,97.72,94.7,23.74,44.0,88.76,79.4495,3.76,0,1,0,0,0,0,0,4,71416.8,0.0686,low,0.0
CUST013204,609,high_risk,15.07,96.57,72.14,37.24,27.61,51.5505,4.05,7,5,6,0,0,1,0,6,25262.34,0.2004,low,0.0
CUST013205,702,good,43.85,89.74,79.49,41.02,86.77,66.9706,7.8,7,1,2,0,0,0,0,2,186754.7,0.2053,low,0.0
CUST013206,832,excellent,92.06,93.88,93.01,43.96,99.44,88.6769,7.75,14,0,0,0,0,0,0,7,331057.64,0.163,low,0.0
CUST013207,775,excellent,98.67,92.24,19.55,41.22,98.39,79.1003,2.1,0,0,0,0,0,0,0,6,230083.28,0.146,low,0.0
CUST013208,769,excellent,69.33,89.48,88.66,43.09,94.82,78.1975,9.82,15,0,0,0,0,0,0,5,84833.22,0.1091,low,0.0
CUST013209,675,risky,28.83,92.68,79.91,43.09,82.71,62.4607,7.68,8,1,1,0,0,0,0,5,117049.78,0.1754,low,0.0
CUST013210,797,excellent,85.03,97.63,66.56,44.73,93.36,82.8411,3.47,8,0,0,0,0,0,0,2,20025.04,0.0271,low,0.0
CUST013211,790,excellent,88.09,89.26,70.25,45.92,89.11,81.6496,12.4,9,1,0,0,0,0,0,2,61523.44,0.0741,low,0.0
CUST013212,795,excellent,88.23,92.38,73.15,41.45,87.84,82.4965,8.14,9,1,0,0,0,0,0,2,181458.47,0.1642,low,0.0
CUST013213,665,risky,50.41,93.83,43.04,39.02,47.26,60.8788,6.3,1,3,4,0,0,0,0,5,228383.42,0.1265,low,0.0
CUST013214,786,excellent,90.42,89.34,75.54,41.98,69.66,80.9458,14.32,8,2,0,0,0,0,0,5,81206.82,0.0684,low,0.0
CUST013215,802,excellent,93.06,79.06,70.44,73.48,95.24,83.7281,10.48,9,0,0,0,0,0,1,4,73783.3,0.6468,low,0.2
CUST013216,742,good,77.97,80.85,57.13,44.66,91.39,73.7209,13.94,2,0,0,0,0,0,0,7,17834.09,0.0708,low,0.0
CUST013217,840,excellent,96.95,93.83,96.65,37.68,96.91,90.039,2.71,17,0,0,0,0,0,0,4,23259.85,0.0684,low,0.0
CUST013218,723,good,55.81,83.55,82.27,45.88,90.42,70.5687,10.38,8,1,4,0,0,0,0,3,551365.14,0.0583,low,0.0
CUST013219,632,high_risk,13.91,84.1,82.07,75.1,64.68,55.3898,14.1,7,4,3,0,0,0,1,4,106166.02,1.5458,moderate,0.2
CUST013220,796,excellent,92.07,76.04,91.25,47.11,93.16,82.7492,12.28,12,0,0,0,0,0,0,1,189058.05,0.0064,low,0.0
CUST013221,829,excellent,94.12,89.77,66.88,85.27,96.62,88.0904,0.5,5,0,0,0,0,0,2,4,44474.85,0.6276,low,0.3333
CUST013222,793,excellent,87.01,81.09,87.03,53.69,89.93,82.1964,12.98,12,1,0,0,0,0,1,0,67561.31,0.9973,low,0.5
CUST013223,698,risky,35.83,94.82,97.87,37.94,68.94,66.3558,1.96,18,2,4,0,0,0,0,7,522249.45,0.2397,low,0.0
CUST013224,776,excellent,87.97,95.18,30.7,63.27,90.32,79.308,6.83,0,0,0,0,0,0,1,3,148062.57,0.8872,low,0.25
CUST013225,756,excellent,86.4,81.72,49.85,39.17,99.3,76.0787,12.87,1,0,0,0,0,0,0,4,230285.57,0.0846,low,0.0
CUST013226,598,high_risk,24.07,89.07,40.98,43.7,39.61,49.6242,12.55,1,5,4,1,0,1,0,7,47857.45,0.3411,low,0.0
CUST013227,801,excellent,91.87,76.72,94.34,48.22,93.39,83.4806,27.99,17,0,0,0,0,0,0,2,16073.76,0.1523,low,0.0
CUST013228,651,risky,42.58,89.08,53.16,39.61,49.14,58.4772,8.22,2,3,1,0,0,0,0,2,52437.13,0.2294,low,0.0
CUST013229,797,excellent,88.29,99.39,67.91,34.95,84.39,82.8383,8.43,8,1,0,0,0,0,0,1,12534.65,0.095,low,0.0
CUST013230,832,excellent,96.62,90.96,87.86,49.78,94.09,88.6708,1.48,10,0,0,0,0,0,0,4,59037.4,0.1083,low,0.0
CUST013231,822,excellent,89.59,96.23,68.22,70.03,95.48,87.0099,8.91,6,0,0,0,0,0,1,7,167055.46,0.995,low,0.125
CUST013232,826,excellent,89.6,87.59,98.67,60.85,91.54,87.6737,13.06,20,0,0,0,0,0,1,0,129728.81,0.6714,low,0.5
CUST013233,718,good,56.88,88.88,92.55,33.81,58.09,69.6452,5.81,15,3,3,0,0,0,0,2,120202.98,0.2109,low,0.0
CUST013234,800,excellent,93.76,95.05,60.45,63.15,66.58,83.3736,3.59,3,2,0,0,0,0,1,3,57671.21,0.8623,low,0.25
CUST013235,789,excellent,86.27,88.63,84.45,35.17,85.06,81.4755,10.98,6,1,0,0,0,0,0,3,802715.95,0.1158,low,0.0
CUST013236,817,excellent,98.15,99.82,47.98,48.28,99.25,86.2495,5.64,1,0,0,0,0,0,0,1,92510.1,0.0227,low,0.0
CUST013237,796,excellent,93.08,88.0,72.74,39.32,88.71,82.6917,13.18,6,1,0,0,0,0,0,0,192191.15,0.1126,low,0.0
CUST013238,716,good,78.22,75.16,41.67,36.02,96.12,69.3883,12.57,1,0,0,0,0,0,0,3,74222.56,0.1239,low,0.0
CUST013239,686,risky,42.95,90.39,49.91,72.96,84.56,64.3871,5.52,3,1,2,0,0,0,1,4,237804.14,1.2226,low,0.2
CUST013240,770,excellent,68.31,89.21,85.89,61.47,86.16,78.3175,1.91,13,1,0,0,0,0,1,1,147044.3,0.8076,low,0.5
CUST013241,797,excellent,74.91,84.46,98.5,66.26,98.16,82.7735,12.35,15,0,1,0,0,0,1,3,127241.61,0.7506,low,0.25
CUST013242,831,excellent,95.72,92.31,91.98,46.1,89.37,88.541,7.3,17,1,0,0,0,0,1,4,15068.73,0.8798,low,0.2
CUST013243,772,excellent,75.63,92.66,80.27,30.87,92.84,78.6795,6.04,5,0,0,0,0,0,0,3,524885.54,0.1279,low,0.0
CUST013244,824,excellent,99.79,90.23,89.35,32.53,87.15,87.3676,9.43,11,1,0,0,0,0,0,3,146390.89,0.1226,low,0.0
CUST013245,841,excellent,98.26,95.24,94.43,37.47,92.23,90.0976,8.81,11,0,0,0,0,0,0,4,11460.12,0.1331,low,0.0
CUST013246,730,good,97.04,76.74,15.05,43.54,80.4,71.6362,11.83,0,1,0,0,0,0,0,7,27405.8,0.0923,low,0.0
CUST013247,767,excellent,96.18,93.34,20.08,32.49,99.64,77.8931,6.75,0,0,0,0,0,0,0,7,15035.82,0.1343,low,0.0
CUST013248,803,excellent,86.57,92.87,77.31,47.81,92.54,83.7899,1.08,8,0,0,0,0,0,0,7,48879.92,0.0536,low,0.0
CUST013249,813,excellent,99.3,90.74,56.62,61.82,88.72,85.5241,5.78,4,1,0,0,0,0,1,3,261248.89,0.4701,low,0.25
CUST013250,820,excellent,94.58,87.94,92.42,42.97,90.05,86.647,14.81,15,1,0,0,0,0,0,6,29827.78,0.1365,low,0.0
CUST013251,633,high_risk,41.99,60.92,48.05,74.0,90.02,55.582,49.64,1,1,4,0,0,0,1,7,53099.23,1.2553,low,0.125
CUST013252,805,excellent,99.53,99.9,30.63,49.97,96.95,84.0944,6.04,0,0,0,0,0,0,0,4,20439.47,0.0338,low,0.0
CUST013253,826,excellent,93.66,90.99,94.99,33.94,99.27,87.6474,4.37,10,0,0,0,0,0,0,5,55776.44,0.0142,low,0.0
CUST013254,751,excellent,91.84,61.18,70.61,49.6,90.58,75.1059,39.38,9,1,0,0,0,0,0,3,103319.97,0.0307,low,0.0
CUST013255,739,good,69.55,94.56,52.66,35.57,89.53,73.1175,1.42,4,1,0,0,0,0,0,3,177878.72,0.0826,low,0.0
CUST013256,821,excellent,93.57,94.98,88.38,41.83,81.92,86.8742,2.66,13,1,0,0,0,0,0,7,89493.03,0.0227,low,0.0
CUST013257,668,risky,25.26,93.79,83.32,79.01,49.41,61.3143,6.01,8,3,3,0,0,0,1,2,81266.71,1.3877,low,0.3333
CUST013258,833,excellent,89.91,99.41,88.02,45.99,97.91,88.8829,6.73,10,0,0,0,0,0,0,3,133988.52,0.062,low,0.0
CUST013259,791,excellent,87.65,89.38,76.34,41.13,87.64,81.819,9.7,7,1,0,0,0,0,0,5,427776.88,0.1478,low,0.0
CUST013260,802,excellent,98.49,89.1,56.79,49.55,89.41,83.6164,5.64,2,1,0,0,0,0,1,4,48523.48,0.5729,low,0.2
CUST013261,782,excellent,74.73,89.79,97.07,35.59,91.39,80.3516,6.88,18,1,0,0,0,0,0,6,80657.44,0.1384,low,0.0
CUST013262,803,excellent,85.73,92.39,85.59,40.09,92.64,83.8332,4.46,10,0,0,0,0,0,0,7,79805.14,0.0566,low,0.0
CUST013263,823,excellent,86.05,92.72,82.48,70.13,98.27,87.1445,5.24,7,0,0,0,0,0,1,2,34899.05,0.4811,low,0.3333
CUST013264,754,excellent,97.62,67.29,58.74,46.42,78.59,75.6651,38.15,4,2,0,0,0,0,1,2,68730.78,0.5086,low,0.3333
CUST013265,809,excellent,92.45,94.2,70.72,43.53,91.96,84.7748,5.14,8,0,0,0,0,0,0,7,1587298.78,0.1093,low,0.0
CUST013266,824,excellent,85.28,97.65,96.96,39.58,96.41,87.2858,3.32,15,0,0,0,0,0,0,3,34340.08,0.035,low,0.0
CUST013267,651,risky,22.29,86.94,74.41,75.68,69.19,58.5315,13.28,5,2,5,0,0,0,1,0,19313.02,1.8796,moderate,0.5
CUST013268,798,excellent,87.64,94.84,64.9,48.46,93.43,83.0503,9.51,4,0,0,0,0,0,0,5,177402.21,0.0307,low,0.0
CUST013269,812,excellent,86.62,95.94,92.28,32.31,90.8,85.2506,2.28,10,1,0,0,0,0,0,3,95427.22,0.0403,low,0.0
CUST013270,813,excellent,92.89,77.66,88.51,65.87,98.8,85.554,12.93,19,0,0,0,0,0,1,7,71687.33,0.78,low,0.125
CUST013271,706,good,45.49,97.27,69.44,41.9,80.16,67.7263,3.39,9,1,3,0,0,0,0,5,166799.48,0.0103,low,0.0
CUST013272,723,good,37.15,93.81,92.96,71.23,92.07,70.4205,9.04,16,0,4,0,0,0,1,2,101036.42,1.0905,low,0.3333
CUST013273,767,excellent,88.95,85.07,53.2,42.56,90.25,77.9156,14.06,2,0,0,0,0,0,0,2,113067.6,0.0688,low,0.0
CUST013274,819,excellent,94.7,88.54,82.66,67.29,77.2,86.5559,12.75,9,2,0,0,0,0,1,3,75153.03,0.5785,low,0.25
CUST013275,655,risky,45.48,89.73,36.12,39.46,70.46,59.2482,11.1,1,2,3,0,0,0,0,3,89967.52,0.2192,low,0.0
CUST013276,797,excellent,94.12,89.86,64.13,49.86,82.92,82.7989,8.68,4,1,0,0,0,0,1,4,34235.79,0.9059,low,0.2
CUST013277,689,risky,55.49,90.83,48.63,31.91,76.2,64.7741,5.7,2,2,3,0,0,0,0,1,135086.01,0.1226,low,0.0
CUST013278,750,excellent,71.73,94.39,45.98,51.38,94.82,74.9398,1.57,3,0,0,0,0,0,1,3,129378.86,0.9685,low,0.25
CUST013279,708,good,50.56,82.28,81.53,45.26,89.44,68.0783,22.71,8,1,1,0,0,0,0,6,74818.93,0.0503,low,0.0
CUST013280,772,excellent,98.74,89.82,21.64,45.63,92.84,78.5989,2.79,0,0,0,0,0,0,0,6,46705.89,0.1112,low,0.0
CUST013281,790,excellent,95.24,85.56,76.2,42.86,69.41,81.6595,12.19,8,2,0,0,0,0,0,6,73890.02,0.0866,low,0.0
CUST013282,694,risky,27.33,99.67,93.58,42.87,78.68,65.6596,6.24,10,2,4,0,0,0,0,3,598586.22,0.1915,low,0.0
CUST013283,812,excellent,67.21,99.28,95.8,79.93,96.1,85.28,1.3,15,0,1,0,0,0,1,7,212924.32,0.6296,low,0.125
CUST013284,845,excellent,94.39,99.29,75.24,75.84,90.98,90.7917,1.95,5,0,0,0,0,0,2,5,70104.76,0.9649,low,0.2857
CUST013285,789,excellent,91.16,94.65,70.67,39.12,66.78,81.4913,9.15,7,2,0,0,0,0,0,1,133445.1,0.028,low,0.0
CUST013286,802,excellent,91.28,76.12,77.73,74.88,96.86,83.6197,13.64,9,0,0,0,0,0,1,2,209659.69,0.7496,low,0.3333
CUST013287,809,excellent,77.59,99.62,93.7,38.46,99.65,84.9077,5.31,13,0,0,0,0,0,0,7,34953.69,0.1508,low,0.0
CUST013288,844,excellent,95.49,90.05,98.79,62.55,91.81,90.6898,6.09,19,1,0,0,0,0,1,5,97685.09,0.5776,low,0.1667
CUST013289,792,excellent,86.84,85.07,89.98,37.01,89.0,82.011,11.6,15,1,0,0,0,0,0,2,175344.61,0.1047,low,0.0
CUST013290,859,excellent,97.87,99.2,99.35,47.42,95.47,93.2051,2.49,17,0,0,0,0,0,0,7,105518.88,0.1059,low,0.0
CUST013291,763,excellent,91.16,91.19,39.02,40.65,79.05,77.0853,9.74,1,2,0,0,0,0,0,2,31868.26,0.0771,low,0.0
CUST013292,684,risky,52.14,67.4,77.16,48.31,91.63,64.0365,47.42,8,1,3,0,0,0,0,1,40734.68,0.0453,low,0.0
CUST013293,778,excellent,96.86,72.37,71.41,45.76,87.51,79.6476,44.27,6,1,0,0,0,0,1,2,260624.35,0.9771,low,0.3333
CUST013294,812,excellent,77.84,97.26,85.48,70.99,90.4,85.3805,0.64,10,0,0,0,0,0,1,5,137911.35,0.4113,low,0.1667
CUST013295,715,good,52.23,80.38,95.88,64.57,69.33,69.1674,13.64,16,2,1,0,0,0,1,2,215299.43,1.2185,low,0.3333
CUST013296,667,risky,39.68,60.67,92.66,78.33,72.85,61.1073,47.73,13,2,1,0,0,0,1,5,62209.65,0.8765,low,0.1667
CUST013297,728,good,58.99,88.96,65.64,78.1,62.76,71.2671,12.35,8,3,4,0,0,0,1,7,175641.49,0.6984,low,0.125
CUST013298,743,good,75.05,88.43,45.74,44.29,97.32,73.8183,11.8,1,0,1,0,0,0,0,4,123788.08,0.1141,low,0.0
CUST013299,796,excellent,89.05,76.28,85.2,76.38,81.82,82.6525,12.92,19,1,0,0,0,0,2,0,151734.44,0.6818,low,0.6667
CUST013300,820,excellent,93.14,91.48,91.43,39.74,88.77,86.6088,5.51,18,1,0,0,0,0,0,7,104714.87,0.04,low,0.0
CUST013301,819,excellent,86.48,93.66,79.88,66.9,93.98,86.4358,2.95,8,0,0,0,0,0,1,1,1206351.03,0.6588,low,0.5
CUST013302,798,excellent,85.24,87.75,87.62,45.99,91.78,83.0781,11.26,13,0,0,0,0,0,0,3,107042.19,0.0813,low,0.0
CUST013303,836,excellent,99.63,92.05,85.32,45.44,94.46,89.2709,9.8,15,0,0,0,0,0,0,2,56709.05,0.1477,low,0.0
CUST013304,794,excellent,91.04,90.8,67.45,40.56,91.24,82.4011,4.47,9,1,0,0,0,0,0,4,41239.84,0.0907,low,0.0
CUST013305,779,excellent,90.48,98.8,45.39,44.03,72.74,79.7924,4.77,2,2,0,0,0,0,0,3,159602.4,0.1223,low,0.0
CUST013306,765,excellent,98.33,91.35,12.55,38.72,99.54,77.5284,8.44,0,0,0,0,0,0,0,2,451871.28,0.0077,low,0.0
CUST013307,830,excellent,90.9,95.55,90.39,48.2,95.05,88.3621,8.29,12,0,0,0,0,0,0,3,152665.41,0.0452,low,0.0
CUST013308,744,good,87.85,75.6,51.3,48.45,79.86,73.9533,13.61,2,2,0,0,0,0,0,1,40292.45,0.0588,low,0.0
CUST013309,811,excellent,93.16,98.06,57.48,64.67,81.31,85.2467,6.41,3,1,0,0,0,0,1,6,14641.37,0.956,low,0.1429
CUST013310,794,excellent,99.64,88.19,63.21,34.18,80.27,82.2588,4.96,3,1,0,0,0,0,0,7,165587.23,0.0418,low,0.0
CUST013311,792,excellent,89.83,94.82,52.65,42.5,99.71,82.0049,5.06,3,0,0,0,0,0,0,1,65717.72,0.0087,low,0.0
CUST013312,824,excellent,99.7,84.03,89.22,43.18,95.27,87.3328,12.99,12,0,0,0,0,0,0,2,72808.41,0.0381,low,0.0
CUST013313,615,high_risk,15.78,80.58,96.95,34.03,48.41,52.4829,14.25,19,4,5,0,0,1,0,7,90639.17,0.3589,low,0.0
CUST013314,832,excellent,88.43,93.15,96.86,56.66,96.1,88.702,1.44,18,0,0,0,0,0,1,2,79001.22,0.7496,low,0.3333
CUST013315,712,good,41.34,98.72,72.84,69.98,77.34,68.743,6.5,5,2,1,0,0,0,1,7,96697.55,1.3578,low,0.125
CUST013316,696,risky,49.11,91.89,73.94,43.56,58.35,66.0372,8.43,9,3,3,0,0,0,0,6,123041.15,0.0659,low,0.0
CUST013317,752,excellent,99.37,80.98,20.6,33.51,98.07,75.3249,14.9,0,0,0,0,0,0,0,7,35559.63,0.0524,low,0.0
CUST013318,785,excellent,97.55,78.36,60.98,49.37,90.52,80.7877,12.35,2,1,0,0,0,0,0,0,57117.15,0.1485,low,0.0
CUST013319,676,risky,32.32,77.53,84.54,63.94,89.96,62.6423,28.08,8,1,2,0,0,0,0,1,90359.28,0.1304,low,0.0
CUST013320,805,excellent,98.62,84.42,73.19,47.73,85.61,84.1534,11.95,6,1,0,0,0,0,0,7,46748.56,0.1085,low,0.0
CUST013321,772,excellent,96.07,82.69,42.54,48.65,90.49,78.728,11.31,1,0,0,0,0,0,0,7,68056.08,0.1074,low,0.0
CUST013322,803,excellent,97.76,99.81,50.23,36.58,84.9,83.8438,1.74,2,1,0,0,0,0,0,4,193415.51,0.0846,low,0.0
CUST013323,778,excellent,87.12,70.2,99.77,46.42,85.79,79.7391,46.01,10,1,0,0,0,0,1,6,31181.69,0.8503,low,0.1429
CUST013324,733,good,87.27,52.09,72.26,59.31,91.54,72.0943,54.2,5,0,0,0,0,0,1,3,36785.01,0.8931,low,0.25
CUST013325,758,excellent,99.46,90.95,19.58,36.88,76.1,76.3329,4.32,0,2,0,0,0,0,0,4,19454.23,0.1627,low,0.0
CUST013326,843,excellent,98.84,96.15,86.57,44.43,95.86,90.4526,9.03,12,0,0,0,0,0,0,2,50055.28,0.0777,low,0.0
CUST013327,814,excellent,89.99,97.66,68.14,56.85,90.25,85.7227,3.06,9,1,0,0,0,0,1,5,398714.88,0.9198,low,0.1667
CUST013328,695,risky,51.49,85.15,87.2,45.07,47.54,65.91,10.39,18,4,3,0,0,0,0,6,65772.83,0.1906,low,0.0
CUST013329,799,excellent,95.45,81.22,94.33,36.17,75.5,83.0902,13.32,20,2,0,0,0,0,0,5,125824.72,0.1352,low,0.0
CUST013330,775,excellent,97.3,78.33,46.93,47.12,98.94,79.2007,14.39,1,0,0,0,0,0,0,0,124473.74,0.0959,low,0.0
CUST013331,808,excellent,96.34,99.75,46.87,47.6,92.89,84.724,6.36,4,0,0,0,0,0,1,0,183890.28,0.8603,low,0.5
CUST013332,808,excellent,88.09,90.43,90.82,30.94,99.74,84.6513,2.79,10,0,0,0,0,0,0,0,130850.72,0.0377,low,0.0
CUST013333,778,excellent,89.58,94.14,48.55,33.9,94.28,79.6937,8.36,1,0,0,0,0,0,0,6,54612.78,0.0077,low,0.0
CUST013334,822,excellent,91.02,89.82,86.5,56.7,95.42,86.9903,9.98,12,0,0,0,0,0,1,2,396253.48,0.4165,low,0.3333
CUST013335,641,high_risk,26.97,92.15,48.73,36.87,87.44,56.8271,2.09,2,1,4,0,0,0,0,2,211614.55,0.0441,low,0.0
CUST013336,806,excellent,96.09,95.09,62.4,38.39,90.06,84.3616,7.25,2,0,0,0,0,0,0,3,41404.13,0.0759,low,0.0
CUST013337,746,good,60.24,98.58,80.93,74.18,50.63,74.2785,4.85,7,4,1,0,0,0,1,0,51366.02,1.3104,low,0.5
CUST013338,791,excellent,89.41,96.6,36.98,62.19,98.64,81.9026,2.47,1,0,0,0,0,0,1,5,18803.56,0.4873,low,0.1667
CUST013339,798,excellent,94.41,99.12,45.28,49.4,85.06,83.0197,9.99,4,1,0,0,0,0,0,5,252702.15,0.0448,low,0.0
CUST013340,750,excellent,74.62,96.66,42.88,36.93,98.2,75.059,6.2,1,0,1,0,0,0,0,5,185219.04,0.0172,low,0.0
CUST013341,711,good,59.51,95.41,35.53,38.86,97.95,68.4594,2.42,1,0,1,0,0,0,0,1,138808.03,0.1836,low,0.0
CUST013342,576,high_risk,11.43,76.04,88.55,35.04,23.47,45.9459,13.01,16,6,4,0,0,1,0,7,233756.29,0.5613,low,0.0
CUST013343,822,excellent,99.74,86.53,77.36,48.76,96.51,86.9968,13.51,5,0,0,0,0,0,0,1,105895.49,0.021,low,0.0
CUST013344,816,excellent,91.82,90.67,88.04,34.86,99.86,86.0156,2.81,16,0,0,0,0,0,0,6,44731.04,0.0453,low,0.0
CUST013345,690,risky,37.1,88.63,99.58,33.51,71.11,64.976,11.83,12,2,4,0,0,0,0,0,101024.38,0.0631,low,0.0
CUST013346,831,excellent,98.62,90.78,79.48,48.59,99.72,88.5038,6.52,5,0,0,0,0,0,1,3,138719.32,0.5596,low,0.25
CUST013347,812,excellent,95.39,88.25,97.9,39.79,67.31,85.255,0.71,13,2,0,0,0,0,0,2,130820.71,0.0356,low,0.0
CUST013348,760,excellent,95.19,76.52,50.23,43.02,85.15,76.6235,10.98,4,1,0,0,0,0,0,1,34785.29,0.1479,low,0.0
CUST013349,617,high_risk,11.37,91.72,82.05,45.61,44.2,52.7873,5.97,9,5,6,0,1,1,0,6,67091.7,0.5206,low,0.0
CUST013350,598,high_risk,5.19,88.16,62.55,42.59,77.46,49.6541,6.95,2,2,1,0,1,1,0,3,16779.0,0.2078,low,0.0
CUST013351,781,excellent,97.83,76.32,62.8,45.74,90.29,80.1631,14.05,2,0,0,0,0,0,0,6,99064.7,0.0445,low,0.0
CUST013352,814,excellent,98.89,93.84,45.87,68.28,91.79,85.6505,9.93,3,0,0,0,0,0,1,4,84672.3,0.7649,low,0.2
CUST013353,816,excellent,89.88,93.14,84.55,49.48,90.33,86.0632,6.76,8,0,0,0,0,0,1,0,543476.98,0.8331,low,0.5
CUST013354,572,high_risk,5.19,82.69,76.16,30.7,42.89,45.4069,13.11,5,4,3,1,1,1,0,1,99015.65,0.3497,low,0.0
CUST013355,665,risky,31.8,80.16,94.52,32.99,82.58,60.9124,13.97,13,1,3,0,0,0,0,3,161165.87,0.1818,low,0.0
CUST013356,753,excellent,89.64,90.33,14.83,53.15,94.31,75.4465,4.58,0,0,0,0,0,0,1,1,120419.33,0.5566,low,0.5
CUST013357,712,good,40.29,97.48,81.21,35.78,94.96,68.6004,4.48,5,0,2,0,0,0,0,5,63951.88,0.1756,low,0.0
CUST013358,811,excellent,90.58,97.74,74.74,34.02,95.03,85.1421,4.68,8,0,0,0,0,0,0,1,43552.89,0.0786,low,0.0
CUST013359,818,excellent,96.08,94.99,74.53,31.28,98.72,86.3023,6.38,7,0,0,0,0,0,0,0,72571.21,0.1269,low,0.0
CUST013360,823,excellent,87.24,92.76,88.99,72.61,82.48,87.2191,0.32,19,1,0,0,0,0,1,2,167446.12,0.9729,low,0.3333
CUST013361,830,excellent,92.92,85.02,94.69,63.18,97.78,88.329,19.16,19,0,0,0,0,0,1,2,68797.41,0.5685,low,0.3333
CUST013362,807,excellent,89.44,93.49,88.43,35.83,83.65,84.5636,3.37,12,1,0,0,0,0,0,7,16127.07,0.006,low,0.0
CUST013363,749,good,86.29,75.01,63.79,32.87,92.59,74.8206,10.09,3,0,0,0,0,0,0,3,35704.1,0.162,low,0.0
CUST013364,811,excellent,89.38,90.66,85.45,44.89,93.55,85.1439,1.37,14,0,0,0,0,0,0,0,118868.33,0.0218,low,0.0
CUST013365,-1,no_history,92.78,98.92,21.25,34.96,90.49,77.8839,2.2,0,0,0,0,0,0,0,2,176633.35,0.0207,low,0.0
CUST013366,844,excellent,88.72,95.51,90.67,82.48,91.11,90.6624,4.03,20,0,0,0,0,0,2,3,38407.6,0.8997,low,0.4
CUST013367,754,excellent,99.56,80.75,25.88,34.46,92.89,75.6871,10.03,0,0,0,0,0,0,0,3,196188.58,0.1535,low,0.0
CUST013368,699,risky,41.47,91.04,80.31,48.97,77.16,66.486,3.55,6,2,2,0,0,0,0,3,37604.07,0.2041,low,0.0
CUST013369,609,high_risk,17.34,87.78,91.43,48.83,5.69,51.5684,12.03,15,7,7,1,0,1,0,1,63808.21,0.4597,low,0.0
CUST013370,807,excellent,91.0,87.02,85.3,37.76,99.76,84.5035,10.05,14,0,0,0,0,0,0,3,23053.14,0.0272,low,0.0
CUST013371,832,excellent,90.95,97.44,69.57,80.82,90.52,88.634,3.64,5,0,0,0,0,0,2,5,35448.37,0.335,low,0.2857
CUST013372,848,excellent,99.49,99.78,75.68,53.29,98.87,91.3228,7.27,6,0,0,0,0,0,1,4,101928.82,0.8445,low,0.2
CUST013373,732,good,92.02,81.34,19.79,34.9,88.82,71.9504,14.75,0,1,0,0,0,0,0,4,184529.37,0.0325,low,0.0
CUST013374,831,excellent,94.57,92.47,99.13,36.05,92.34,88.5497,0.2,16,0,0,0,0,0,0,5,97862.14,0.0321,low,0.0
CUST013375,727,good,65.23,83.06,49.81,78.65,80.9,71.1732,10.77,1,1,1,0,0,0,1,7,172946.29,0.6704,low,0.125
CUST013376,751,excellent,63.95,88.84,99.31,76.17,46.38,75.1855,1.52,13,4,2,0,0,0,1,4,55662.62,1.2198,low,0.2
CUST013377,822,excellent,88.13,94.27,96.71,39.17,95.09,87.0596,9.34,17,0,0,0,0,0,0,7,267357.14,0.1183,low,0.0
CUST013378,722,good,57.12,89.08,66.58,40.49,95.22,70.2734,3.52,9,0,2,0,0,0,0,4,57713.69,0.2432,low,0.0
CUST013379,822,excellent,91.08,89.34,89.8,58.25,90.56,87.0313,17.96,12,0,0,0,0,0,0,1,144940.43,0.1637,low,0.0
CUST013380,811,excellent,98.89,95.56,76.0,47.71,56.96,85.1483,3.75,7,3,0,0,0,0,0,4,341850.01,0.0021,low,0.0
CUST013381,681,risky,68.79,34.11,88.0,69.91,90.61,63.5649,56.77,13,0,0,0,0,0,2,0,71322.17,0.8263,low,0.6667
CUST013382,795,excellent,89.9,78.84,69.45,73.02,96.88,82.5236,29.49,5,0,0,0,0,0,1,3,166446.58,0.9464,low,0.25
CUST013383,812,excellent,97.69,99.22,46.82,47.75,95.39,85.2951,2.22,1,0,0,0,0,0,0,6,111356.58,0.1001,low,0.0
CUST013384,824,excellent,97.28,88.65,77.33,64.36,85.93,87.2713,9.49,7,1,0,0,0,0,1,3,37546.32,0.8056,low,0.25
CUST013385,840,excellent,89.55,96.59,88.48,68.24,96.38,90.0503,3.93,11,0,0,0,0,0,1,3,898859.54,0.5127,low,0.25
CUST013386,657,risky,55.13,80.36,45.64,48.57,43.26,59.4328,14.97,3,3,1,0,0,0,0,7,101489.12,0.041,low,0.0
CUST013387,823,excellent,90.96,85.19,79.96,78.9,99.01,87.1782,10.44,9,0,0,0,0,0,2,0,225738.39,0.8585,low,0.6667
CUST013388,694,risky,56.67,99.96,39.14,30.64,69.72,65.7285,7.06,1,2,2,0,0,0,0,6,167097.35,0.0949,low,0.0
CUST013389,797,excellent,93.75,76.04,95.89,46.4,81.37,82.7848,14.78,19,1,0,0,0,0,0,6,53151.83,0.0921,low,0.0
CUST013390,826,excellent,85.33,91.29,96.75,67.99,90.55,87.6214,3.19,14,0,0,0,0,0,1,6,203142.21,0.4561,low,0.1429
CUST013391,767,excellent,89.72,84.87,49.45,45.42,90.67,77.891,13.73,1,0,0,0,0,0,0,4,99659.03,0.0171,low,0.0
CUST013392,788,excellent,96.72,58.93,93.85,61.27,96.09,81.3473,43.67,17,0,0,0,0,0,1,4,169359.09,0.7041,low,0.2
CUST013393,795,excellent,94.97,91.15,57.23,37.76,94.71,82.4195,7.17,2,0,0,0,0,0,0,5,36687.57,0.1033,low,0.0
CUST013394,828,excellent,98.12,90.1,99.86,35.03,81.91,88.0437,8.0,14,1,0,0,0,0,0,7,365916.92,0.0043,low,0.0
CUST013395,798,excellent,90.66,92.6,72.63,36.01,90.26,83.0339,2.97,6,0,0,0,0,0,0,1,81616.96,0.1569,low,0.0
CUST013396,830,excellent,97.98,83.21,97.28,50.63,93.94,88.3074,11.12,12,0,0,0,0,0,1,6,144144.44,0.6354,low,0.1429
CUST013397,817,excellent,88.74,96.55,89.41,41.6,85.88,86.1847,8.78,18,1,0,0,0,0,0,1,151942.29,0.0152,low,0.0
CUST013398,780,excellent,98.56,92.43,31.29,37.92,93.24,80.0349,8.13,1,0,0,0,0,0,0,7,94999.69,0.0685,low,0.0
CUST013399,812,excellent,98.86,89.84,60.29,58.41,88.14,85.2504,14.43,3,1,0,0,0,0,1,1,82366.77,0.8702,low,0.5
CUST013400,847,excellent,97.04,77.99,97.38,93.82,98.14,91.1665,14.1,16,0,0,0,0,0,2,5,160622.8,0.703,low,0.2857
CUST013401,669,risky,42.67,76.96,72.65,65.35,71.02,61.557,13.48,9,2,2,0,0,0,1,2,107428.15,1.4705,low,0.3333
CUST013402,811,excellent,97.57,91.21,69.37,54.98,76.84,85.0999,4.22,7,2,0,0,0,0,1,1,463865.29,0.7754,low,0.5
CUST013403,781,excellent,96.4,88.77,37.61,42.79,98.39,80.1309,8.6,1,0,0,0,0,0,0,3,70736.88,0.1458,low,0.0
CUST013404,738,good,63.0,93.08,93.69,40.28,49.0,72.9543,5.97,20,3,1,0,0,0,0,4,192161.98,0.2383,low,0.0
CUST013405,702,good,37.14,99.49,74.9,39.01,89.58,66.9398,6.81,5,1,1,0,0,0,0,2,131331.05,0.1191,low,0.0
CUST013406,749,good,97.34,75.25,34.09,46.75,83.43,74.7757,10.96,1,1,0,0,0,0,0,7,83872.67,0.0672,low,0.0
CUST013407,829,excellent,90.39,96.78,98.35,37.91,88.86,88.1012,1.32,15,1,0,0,0,0,0,2,245277.84,0.1409,low,0.0
CUST013408,813,excellent,98.55,92.41,67.8,47.6,83.6,85.5033,1.42,7,1,0,0,0,0,0,2,397180.42,0.0279,low,0.0
CUST013409,817,excellent,93.52,75.63,99.33,67.58,90.95,86.1753,14.22,17,0,0,0,0,0,1,1,44599.39,0.9999,low,0.5
CUST013410,756,excellent,90.53,88.05,35.99,34.97,90.69,76.0653,0.02,1,1,0,0,0,0,0,0,150466.59,0.1279,low,0.0
CUST013411,731,good,68.78,88.51,48.74,45.31,93.11,71.778,1.58,1,0,1,0,0,0,0,2,70106.09,0.0844,low,0.0
CUST013412,838,excellent,91.76,90.29,86.88,74.9,99.14,89.6397,4.86,18,0,0,0,0,0,1,2,311601.15,0.5611,low,0.3333
CUST013413,688,risky,46.63,98.74,38.89,35.75,93.95,64.7456,2.3,1,0,3,0,0,0,0,7,56918.48,0.1259,low,0.0
CUST013414,808,excellent,96.51,95.74,54.5,41.48,99.13,84.7356,8.68,4,0,0,0,0,0,0,1,19774.36,0.1618,low,0.0
CUST013415,755,excellent,93.16,90.43,18.22,43.81,90.42,75.8922,5.31,0,0,0,0,0,0,0,4,47118.86,0.1276,low,0.0
CUST013416,813,excellent,71.04,97.14,99.4,69.04,97.45,85.566,0.23,13,0,0,0,0,0,1,3,165764.0,0.9111,low,0.25
CUST013417,838,excellent,89.44,97.58,92.14,65.59,86.4,89.5961,1.11,12,1,0,0,0,0,1,6,87762.4,0.5154,low,0.1429
CUST013418,783,excellent,96.84,74.88,82.67,46.22,71.75,80.5546,44.94,6,2,0,0,0,0,0,6,31994.84,0.123,low,0.0
CUST013419,692,risky,45.28,95.8,65.83,41.09,68.42,65.4145,6.45,5,2,1,0,0,0,0,4,72202.51,0.1636,low,0.0
CUST013420,754,excellent,59.13,90.88,99.93,33.48,93.52,75.649,4.55,14,0,4,0,0,0,0,5,607365.24,0.1763,low,0.0
CUST013421,767,excellent,71.07,88.53,85.23,37.71,99.11,77.8988,6.41,19,0,1,0,0,0,0,4,69152.18,0.1413,low,0.0
CUST013422,777,excellent,90.79,68.17,80.64,57.4,94.34,79.4991,38.52,5,0,0,0,0,0,1,5,312846.52,0.9631,low,0.1667
CUST013423,658,risky,48.15,89.43,16.81,45.75,89.08,59.6882,3.5,0,1,2,0,0,0,0,7,296383.82,0.0557,low,0.0
CUST013424,802,excellent,88.76,76.47,94.5,62.19,92.56,83.6571,11.27,13,0,0,0,0,0,1,6,179663.5,0.8585,low,0.1429
CUST013425,786,excellent,95.52,97.53,36.74,38.78,89.98,81.0775,6.44,1,1,0,0,0,0,0,2,720733.24,0.1302,low,0.0
CUST013426,786,excellent,74.46,95.03,68.77,63.86,97.24,80.9954,1.33,9,0,0,0,0,0,1,6,193077.0,0.6019,low,0.1429
CUST013427,802,excellent,96.72,87.84,76.21,54.15,66.18,83.6701,14.8,7,2,0,0,0,0,1,2,131987.88,0.7445,low,0.3333
CUST013428,856,excellent,97.59,98.78,69.37,85.55,99.31,92.6828,8.36,6,0,0,0,0,0,2,4,315523.71,0.7194,low,0.3333
CUST013429,808,excellent,94.96,89.94,71.18,38.83,99.43,84.7234,1.82,6,0,0,0,0,0,0,2,74665.81,0.1439,low,0.0
CUST013430,719,good,67.63,83.88,45.67,48.07,92.88,69.779,13.98,1,0,1,0,0,0,1,2,106774.48,0.8655,low,0.3333
CUST013431,667,risky,59.53,88.26,32.45,35.33,54.84,61.1986,2.93,0,3,2,0,0,0,0,3,35040.41,0.1298,low,0.0
CUST013432,836,excellent,87.13,96.39,96.05,63.92,91.75,89.3864,9.5,18,1,0,0,0,0,1,3,193381.69,0.7466,low,0.25
CUST013433,825,excellent,94.07,88.22,90.35,48.25,97.23,87.4899,9.81,14,0,0,0,0,0,1,5,360905.91,0.7796,low,0.1667
CUST013434,820,excellent,94.7,92.21,74.9,58.16,87.35,86.593,3.79,8,1,0,0,0,0,1,2,104178.74,0.7779,low,0.3333
CUST013435,771,excellent,71.1,99.33,70.47,35.66,97.59,78.581,6.96,9,0,1,0,0,0,0,5,77221.63,0.0172,low,0.0
CUST013436,811,excellent,93.16,90.68,85.85,35.48,89.79,85.2146,0.08,14,1,0,0,0,0,0,6,405813.42,0.0859,low,0.0
CUST013437,848,excellent,89.86,99.09,99.94,61.24,91.23,91.4165,1.85,20,0,0,0,0,0,1,4,80874.69,0.9354,low,0.2
CUST013438,596,high_risk,12.89,97.58,26.25,37.95,78.06,49.3244,4.58,0,2,4,1,1,1,0,2,126923.22,0.3267,low,0.0
CUST013439,776,excellent,88.55,97.84,46.23,36.17,83.6,79.2581,5.58,4,1,0,0,0,0,0,5,90859.76,0.1047,low,0.0
CUST013440,751,excellent,97.04,82.55,14.41,48.62,93.43,75.0965,10.21,0,0,0,0,0,0,1,6,48704.28,0.9224,low,0.1429
CUST013441,838,excellent,97.45,88.82,85.07,67.28,94.67,89.7086,13.46,15,0,0,0,0,0,1,0,247956.96,0.4625,low,0.5
CUST013442,650,risky,49.25,98.17,20.4,37.73,48.54,58.3764,3.95,0,3,2,0,0,0,0,3,53859.43,0.1924,low,0.0
CUST013443,778,excellent,87.02,99.53,48.15,32.0,89.82,79.7199,2.32,1,1,0,0,0,0,0,5,99524.92,0.0899,low,0.0
CUST013444,714,good,58.6,92.4,88.3,30.16,45.71,69.0637,3.5,17,3,2,0,0,0,0,0,119269.14,0.2436,low,0.0
CUST013445,787,excellent,95.5,76.86,85.95,34.48,82.78,81.1005,12.73,13,1,0,0,0,0,0,4,15371.28,0.0271,low,0.0
CUST013446,676,risky,45.24,89.07,66.84,48.04,52.42,62.6259,0.78,5,4,4,0,0,0,0,4,34208.29,0.0417,low,0.0
CUST013447,824,excellent,95.66,80.31,93.59,60.03,97.73,87.3893,11.28,14,0,0,0,0,0,1,5,157535.46,0.9542,low,0.1667
CUST013448,806,excellent,87.38,91.95,87.65,39.03,91.44,84.3618,2.6,12,0,0,0,0,0,0,7,130736.38,0.0382,low,0.0
CUST013449,785,excellent,99.69,95.75,18.87,46.46,97.33,80.826,3.09,0,0,0,0,0,0,0,4,51712.89,0.1325,low,0.0
CUST013450,821,excellent,94.8,89.17,74.39,64.15,92.98,86.8049,8.88,7,0,0,0,0,0,1,5,13166.75,0.684,low,0.1667
CUST013451,695,risky,73.72,38.02,95.98,45.98,96.69,65.8703,53.55,19,0,1,0,0,0,0,5,116861.81,0.1197,low,0.0
CUST013452,685,risky,50.82,75.06,75.69,42.82,82.67,64.2075,14.04,5,1,1,0,0,0,0,6,198429.01,0.247,low,0.0
CUST013453,763,excellent,67.64,94.71,83.89,34.09,90.55,77.1341,8.21,9,1,0,0,0,0,0,1,171468.02,0.074,low,0.0
CUST013454,818,excellent,92.8,90.22,90.67,38.9,92.45,86.281,0.71,18,0,0,0,0,0,0,0,66010.14,0.1097,low,0.0
CUST013455,577,high_risk,14.99,95.4,15.8,65.77,44.31,46.243,6.83,0,3,5,0,0,0,1,1,26249.54,1.965,moderate,0.5
CUST013456,679,risky,58.53,87.17,42.79,38.02,62.96,63.1526,12.6,1,3,4,0,0,0,0,2,135597.8,0.0191,low,0.0
CUST013457,774,excellent,99.74,80.94,42.29,42.82,91.22,78.9394,11.29,1,0,0,0,0,0,0,0,99742.06,0.0716,low,0.0
CUST013458,785,excellent,86.57,88.51,82.63,34.75,81.25,80.8475,3.54,8,1,0,0,0,0,0,3,34876.55,0.0255,low,0.0
CUST013459,794,excellent,87.52,84.08,89.85,35.74,95.05,82.4119,11.46,14,0,0,0,0,0,0,6,68976.01,0.0787,low,0.0
CUST013460,849,excellent,94.38,96.78,97.07,52.4,96.27,91.4945,3.39,13,0,0,0,0,0,1,1,61886.53,0.5801,low,0.5
CUST013461,686,risky,44.04,89.49,64.33,36.78,86.81,64.2661,7.4,3,1,4,0,0,0,0,0,91782.25,0.079,low,0.0
CUST013462,853,excellent,92.08,98.09,87.97,77.0,96.79,92.2307,7.87,10,0,0,0,0,0,1,0,156530.89,0.4651,low,0.5
CUST013463,835,excellent,95.32,98.4,76.15,56.16,92.62,89.1806,3.79,7,0,0,0,0,0,1,4,74770.25,0.881,low,0.2
CUST013464,773,excellent,95.07,92.41,28.35,43.62,92.97,78.9096,8.15,0,0,0,0,0,0,0,5,129149.31,0.164,low,0.0
CUST013465,725,good,40.6,98.67,93.54,33.46,97.24,70.914,3.64,13,0,2,0,0,0,0,5,46495.51,0.1987,low,0.0
CUST013466,824,excellent,85.46,85.63,98.93,72.13,96.22,87.2754,14.83,14,0,0,0,0,0,1,1,103824.04,0.6041,low,0.5
CUST013467,671,risky,56.93,93.49,16.12,39.11,75.24,61.8241,5.19,0,2,3,0,0,0,0,6,55421.09,0.1953,low,0.0
CUST013468,797,excellent,90.91,99.18,59.73,31.99,90.31,82.7611,0.12,2,0,0,0,0,0,0,2,63871.18,0.0066,low,0.0
CUST013469,702,good,55.45,89.44,63.11,71.42,51.1,66.9577,6.64,2,3,3,0,0,0,1,2,67918.75,1.2818,low,0.3333
CUST013470,840,excellent,96.71,93.1,90.82,62.7,83.63,90.0345,0.62,15,1,0,0,0,0,1,3,64393.32,0.9914,low,0.25
CUST013471,749,good,74.22,76.12,79.25,46.96,94.49,74.8478,12.14,8,0,0,0,0,0,0,6,51830.75,0.0155,low,0.0
CUST013472,823,excellent,85.72,94.81,75.57,79.02,95.13,87.1961,0.25,8,0,0,0,0,0,1,2,212200.2,0.9387,low,0.3333
CUST013473,815,excellent,97.98,89.61,69.57,49.44,92.21,85.7754,4.29,9,0,0,0,0,0,0,2,52887.89,0.116,low,0.0
CUST013474,816,excellent,87.16,95.22,96.59,37.73,86.14,85.9478,2.46,20,1,0,0,0,0,0,4,81228.43,0.1242,low,0.0
CUST013475,550,high_risk,14.59,90.56,13.23,65.06,19.67,41.732,6.92,0,7,5,0,0,0,1,4,295664.21,2.2456,moderate,0.2
CUST013476,807,excellent,73.37,95.68,96.1,58.77,97.97,84.4702,0.08,11,0,1,0,0,0,1,2,28223.27,0.4829,low,0.3333
CUST013477,735,good,86.54,91.89,11.37,31.15,98.62,72.5392,3.21,0,0,0,0,0,0,0,0,124162.85,0.1626,low,0.0
CUST013478,833,excellent,91.49,96.57,88.5,49.27,95.78,88.7709,6.33,12,0,0,0,0,0,1,4,314769.78,0.6607,low,0.2
CUST013479,652,risky,16.57,97.99,92.28,43.23,52.81,58.6404,9.92,12,4,4,0,0,1,0,3,169396.53,0.6499,low,0.0
CUST013480,701,good,56.95,91.75,61.52,74.81,26.98,66.8636,7.5,3,5,2,0,0,0,1,7,134289.41,0.9374,low,0.125
CUST013481,782,excellent,89.79,90.79,48.6,45.43,98.2,80.3171,3.64,3,0,0,0,0,0,0,0,248248.84,0.1232,low,0.0
CUST013482,836,excellent,87.23,98.45,89.74,76.14,81.34,89.2724,6.02,14,1,0,0,0,0,1,6,438982.22,0.7124,low,0.1429
CUST013483,781,excellent,96.42,62.66,87.0,50.56,95.04,80.156,48.7,11,0,0,0,0,0,0,0,38750.21,0.1612,low,0.0
CUST013484,766,excellent,87.77,98.2,34.5,38.41,84.62,77.6586,5.26,1,1,0,0,0,0,0,5,80504.05,0.0641,low,0.0
CUST013485,743,good,61.76,94.5,66.17,48.37,91.8,73.9098,5.04,9,0,2,0,0,0,0,1,405784.94,0.2079,low,0.0
CUST013486,821,excellent,94.21,91.67,79.18,55.31,90.01,86.8838,6.28,6,1,0,0,0,0,1,7,64968.74,0.8246,low,0.125
CUST013487,725,good,52.72,88.98,87.48,39.8,86.17,70.8646,14.43,10,1,4,0,0,0,0,7,183124.45,0.0964,low,0.0
CUST013488,838,excellent,99.34,91.25,88.71,47.82,93.83,89.6136,1.43,20,0,0,0,0,0,0,7,75496.23,0.0683,low,0.0
CUST013489,821,excellent,86.82,98.05,97.42,41.3,82.95,86.8416,5.31,20,1,0,0,0,0,0,4,183343.93,0.1024,low,0.0
CUST013490,770,excellent,88.88,75.25,69.71,44.62,97.98,78.3978,12.79,6,0,0,0,0,0,0,5,309261.0,0.0493,low,0.0
CUST013491,810,excellent,95.09,78.26,74.39,78.39,92.24,84.9803,28.38,6,0,0,0,0,0,1,5,316473.8,0.7271,low,0.1667
CUST013492,797,excellent,90.33,88.53,66.25,48.52,99.17,82.8831,14.04,7,0,0,0,0,0,1,7,75338.1,0.8206,low,0.125
CUST013493,833,excellent,99.02,95.9,76.34,43.69,96.05,88.8527,0.4,7,0,0,0,0,0,0,5,274882.89,0.0453,low,0.0
CUST013494,833,excellent,94.58,97.11,87.93,48.94,85.4,88.8575,1.16,15,1,0,0,0,0,0,7,93617.36,0.0053,low,0.0
CUST013495,839,excellent,93.84,92.96,99.72,49.65,91.95,89.8505,7.81,12,0,0,0,0,0,1,2,27531.77,0.4231,low,0.3333
CUST013496,813,excellent,87.9,93.61,79.07,48.8,99.45,85.5313,1.36,9,0,0,0,0,0,0,0,592597.43,0.0041,low,0.0
CUST013497,807,excellent,97.32,96.49,51.23,51.57,86.65,84.5167,0.41,2,1,0,0,0,0,1,2,128852.88,0.6739,low,0.3333
CUST013498,664,risky,48.04,94.6,29.39,43.91,65.94,60.5868,7.23,0,2,3,0,0,0,0,4,252681.41,0.0605,low,0.0
CUST013499,823,excellent,92.7,91.69,97.2,43.61,82.18,87.1104,9.83,15,1,0,0,0,0,0,6,125158.18,0.0273,low,0.0
CUST013500,772,excellent,92.69,94.34,29.4,37.77,98.15,78.7469,9.65,0,0,0,0,0,0,0,1,100141.52,0.0523,low,0.0
CUST013501,798,excellent,93.69,84.58,75.66,37.55,97.62,83.0303,13.92,8,0,0,0,0,0,0,3,102844.33,0.0462,low,0.0
CUST013502,793,excellent,93.42,96.85,49.36,30.2,99.48,82.1246,6.93,1,0,0,0,0,0,0,3,61180.66,0.131,low,0.0
CUST013503,800,excellent,94.91,99.45,45.52,39.54,95.47,83.3819,7.63,1,0,0,0,0,0,0,0,65496.06,0.1528,low,0.0
CUST013504,848,excellent,92.45,96.11,97.26,57.23,98.65,91.3662,9.2,15,0,0,0,0,0,1,3,52312.71,0.8588,low,0.25
CUST013505,677,risky,72.29,32.02,80.33,90.18,68.93,62.8674,54.58,8,2,1,0,0,0,1,3,227149.69,0.7792,low,0.25
CUST013506,825,excellent,95.27,89.37,99.07,31.79,92.47,87.4414,5.03,16,0,0,0,0,0,0,5,180499.99,0.1264,low,0.0
CUST013507,827,excellent,94.97,89.48,98.82,32.31,96.6,87.7982,13.87,10,0,0,0,0,0,0,7,32742.1,0.0038,low,0.0
CUST013508,798,excellent,94.17,77.05,79.71,52.58,97.63,83.0535,11.99,7,0,0,0,0,0,1,6,37423.54,0.5489,low,0.1429
CUST013509,799,excellent,90.78,88.43,90.88,41.2,70.37,83.093,12.29,13,2,0,0,0,0,0,7,207187.56,0.096,low,0.0
CUST013510,817,excellent,95.33,97.51,58.6,57.07,90.92,86.2069,8.33,4,1,0,0,0,0,1,2,142089.0,0.5525,low,0.3333
CUST013511,704,good,40.8,93.99,94.18,36.17,70.86,67.3036,3.44,19,2,2,0,0,0,0,6,72262.85,0.0261,low,0.0
CUST013512,798,excellent,91.26,89.42,63.11,57.23,90.39,82.9961,1.04,2,1,0,0,0,0,1,7,198543.15,0.9508,low,0.125
CUST013513,642,high_risk,23.35,88.91,99.76,30.69,40.93,56.9739,10.19,20,4,7,0,0,1,0,4,118098.15,0.2107,low,0.0
CUST013514,834,excellent,86.06,96.88,99.06,58.06,90.78,88.9262,8.9,20,0,0,0,0,0,1,3,422515.08,0.5517,low,0.25
CUST013515,814,excellent,97.73,89.42,64.39,49.88,99.59,85.6377,10.59,2,0,0,0,0,0,0,3,62593.73,0.1644,low,0.0
CUST013516,749,good,59.3,93.64,90.83,40.59,83.67,74.897,5.63,15,1,2,0,0,0,0,4,209362.88,0.0771,low,0.0
CUST013517,720,good,50.52,91.63,71.12,67.2,85.08,70.0685,1.86,9,1,2,0,0,0,1,6,113333.56,1.1239,low,0.1429
CUST013518,724,good,49.96,95.05,88.22,36.11,78.58,70.7044,9.62,15,2,2,0,0,0,0,0,48795.72,0.0666,low,0.0
CUST013519,750,excellent,60.49,88.99,87.99,48.39,90.11,74.9176,13.01,14,1,3,0,0,0,0,2,350254.94,0.1559,low,0.0
CUST013520,704,good,41.32,93.85,80.06,35.53,91.15,67.2953,1.01,9,1,2,0,0,0,0,6,18429.67,0.078,low,0.0
CUST013521,684,risky,63.32,88.17,28.99,35.09,75.0,63.9704,3.46,0,2,2,0,0,0,0,0,207831.47,0.2432,low,0.0
CUST013522,709,good,47.87,81.53,87.78,60.54,77.83,68.2169,27.86,10,2,4,0,0,0,0,3,75562.22,0.1772,low,0.0
CUST013523,662,risky,53.39,97.58,29.97,35.3,43.09,60.2966,5.0,0,5,1,0,0,0,0,6,164999.37,0.0373,low,0.0
CUST013524,683,risky,56.16,79.14,57.91,31.99,85.99,63.882,14.99,2,1,2,0,0,0,0,5,134773.65,0.2269,low,0.0
CUST013525,807,excellent,87.69,98.36,52.3,72.8,91.34,84.4565,7.45,4,0,0,0,0,0,1,3,90715.82,0.6467,low,0.25
CUST013526,797,excellent,91.0,75.2,70.4,90.87,87.76,82.832,12.0,7,1,0,0,0,0,2,0,64945.49,0.4248,low,0.6667
CUST013527,813,excellent,89.23,98.19,92.52,38.2,71.27,85.5096,1.3,11,2,0,0,0,0,0,2,49730.31,0.128,low,0.0
CUST013528,605,high_risk,10.08,91.24,70.63,71.97,30.61,50.7527,7.8,7,5,4,0,0,0,1,7,74327.93,1.2839,low,0.125
CUST013529,795,excellent,88.87,81.47,86.09,46.38,93.72,82.4688,14.86,15,0,0,0,0,0,0,0,65973.63,0.1475,low,0.0
CUST013530,728,good,55.72,89.05,90.66,34.71,81.05,71.3904,10.76,10,1,2,0,0,0,0,0,128210.17,0.0639,low,0.0
CUST013531,788,excellent,85.36,79.38,96.29,39.33,92.51,81.317,12.44,17,0,0,0,0,0,0,0,616977.65,0.1252,low,0.0
CUST013532,630,high_risk,36.87,86.28,45.61,38.42,56.04,55.0752,12.9,4,3,2,0,0,0,0,3,81544.33,0.1386,low,0.0
CUST013533,784,excellent,98.9,93.41,33.97,36.05,93.02,80.6425,4.31,1,0,0,0,0,0,0,1,226838.74,0.1,low,0.0
CUST013534,823,excellent,95.72,88.87,65.16,74.94,98.0,87.2306,4.51,5,0,0,0,0,0,1,7,50093.77,0.8856,low,0.125
CUST013535,795,excellent,94.68,94.16,45.72,44.95,98.11,82.5499,2.42,2,0,0,0,0,0,0,2,16858.1,0.1204,low,0.0
CUST013536,764,excellent,88.15,75.1,65.47,47.53,94.38,77.3954,14.92,6,0,0,0,0,0,0,7,191689.93,0.0613,low,0.0
CUST013537,737,good,55.71,94.67,72.84,41.73,98.76,72.875,3.76,6,0,4,0,0,0,0,1,98786.23,0.0086,low,0.0
CUST013538,672,risky,39.94,78.33,69.26,66.61,84.47,61.9748,12.2,8,1,3,0,0,0,1,0,60240.18,1.2062,low,0.5
CUST013539,797,excellent,94.72,90.72,57.92,43.21,94.93,82.8716,3.93,4,0,0,0,0,0,0,6,137037.12,0.1506,low,0.0
CUST013540,772,excellent,92.72,91.67,41.47,36.85,88.32,78.6889,6.12,1,1,0,0,0,0,0,4,164013.83,0.1022,low,0.0
CUST013541,813,excellent,90.95,87.44,93.39,42.89,90.84,85.4499,14.99,16,0,0,0,0,0,0,5,11760.88,0.0282,low,0.0
CUST013542,843,excellent,95.76,97.38,99.19,48.35,80.56,90.5009,6.23,13,1,0,0,0,0,0,6,63911.35,0.1202,low,0.0
CUST013543,808,excellent,98.6,83.79,78.84,52.57,78.86,84.619,11.48,6,2,0,0,0,0,1,5,873774.29,0.4785,low,0.1667
CUST013544,681,risky,44.76,86.41,94.94,36.59,40.27,63.5169,13.55,13,3,4,0,0,0,0,3,29839.68,0.109,low,0.0
CUST013545,730,good,61.3,75.81,95.64,42.5,88.24,71.6187,14.47,12,1,1,0,0,0,0,4,467074.81,0.2348,low,0.0
CUST013546,838,excellent,97.58,89.96,98.04,55.18,83.26,89.6926,14.15,13,1,0,0,0,0,1,5,89715.67,0.5681,low,0.1667
CUST013547,761,excellent,93.97,84.19,45.58,40.66,77.1,76.7574,11.86,1,2,0,0,0,0,0,4,85735.6,0.1196,low,0.0
CUST013548,814,excellent,85.58,94.29,82.05,64.76,85.8,85.6046,4.75,8,1,0,0,0,0,1,0,31680.46,0.7028,low,0.5
CUST013549,829,excellent,93.68,94.65,85.74,48.78,92.52,88.1716,0.17,15,0,0,0,0,0,0,0,211238.76,0.0789,low,0.0
CUST013550,761,excellent,91.88,95.68,27.29,34.91,83.2,76.7656,6.97,0,1,0,0,0,0,0,7,68249.92,0.1518,low,0.0
CUST013551,837,excellent,98.89,88.56,87.71,64.66,87.69,89.5711,2.49,13,1,0,0,0,0,1,4,39324.41,0.8985,low,0.2
CUST013552,696,risky,48.9,90.49,82.09,43.59,50.8,66.0144,9.11,8,3,4,0,0,0,0,4,132537.51,0.1787,low,0.0
CUST013553,699,risky,43.79,89.95,66.87,60.49,90.77,66.469,4.27,5,1,3,0,0,0,1,6,29404.43,1.2622,low,0.1429
CUST013554,769,excellent,98.26,94.4,15.19,47.82,84.2,78.1901,3.53,0,1,0,0,0,0,0,4,294591.18,0.1385,low,0.0
CUST013555,-1,no_history,77.56,89.87,26.44,39.39,87.88,70.7999,2.24,0,1,0,0,0,0,0,1,276024.65,0.0646,low,0.0
CUST013556,846,excellent,98.41,95.77,85.98,50.5,98.84,91.0055,0.33,19,0,0,0,0,0,1,3,16733.07,0.5247,low,0.25
CUST013557,799,excellent,92.64,88.0,64.58,48.32,98.67,83.2076,14.81,2,0,0,0,0,0,0,5,37143.61,0.0715,low,0.0
CUST013558,718,good,64.42,96.45,42.01,39.87,79.3,69.7008,5.32,1,2,3,0,0,0,0,5,53420.44,0.2053,low,0.0
CUST013559,763,excellent,73.52,89.66,73.69,46.53,88.76,77.2132,4.26,9,1,1,0,0,0,1,0,108367.01,0.342,low,0.5
CUST013560,728,good,49.23,92.08,91.25,32.86,95.67,71.3925,2.06,12,0,1,0,0,0,0,6,38619.69,0.1371,low,0.0
CUST013561,795,excellent,93.77,89.94,84.24,33.79,67.17,82.5327,1.65,5,2,0,0,0,0,0,6,52196.74,0.0582,low,0.0
CUST013562,791,excellent,85.98,96.37,68.11,33.34,93.35,81.8906,1.59,8,0,0,0,0,0,0,2,238620.57,0.0092,low,0.0
CUST013563,829,excellent,92.4,92.46,94.84,40.04,98.68,88.1747,6.22,12,0,0,0,0,0,0,1,101941.69,0.0835,low,0.0
CUST013564,807,excellent,86.76,83.81,96.93,45.78,99.28,84.5554,10.29,15,0,0,0,0,0,1,2,1136134.92,0.571,low,0.3333
CUST013565,728,good,53.71,90.42,77.4,46.46,91.65,71.3437,8.7,7,1,4,0,0,0,0,7,160640.95,0.1147,low,0.0
CUST013566,798,excellent,86.15,77.6,97.91,53.73,95.13,83.005,14.49,19,0,0,0,0,0,1,3,37460.49,0.8273,low,0.25
CUST013567,683,risky,39.04,85.99,68.65,49.74,91.41,63.875,25.74,8,1,2,0,0,0,0,4,328048.33,0.1115,low,0.0
CUST013568,741,good,88.03,76.69,37.6,60.13,80.46,73.5193,22.3,1,1,0,0,0,0,0,2,1015882.96,0.1339,low,0.0
CUST013569,801,excellent,93.46,78.04,91.49,56.3,79.75,83.4512,28.89,20,2,0,0,0,0,1,7,116336.95,0.4016,low,0.125
CUST013570,788,excellent,86.7,97.72,31.87,71.01,98.03,81.3438,9.41,1,0,0,0,0,0,1,3,260804.84,0.6909,low,0.25
CUST013571,771,excellent,92.13,67.71,73.34,62.45,86.63,78.4659,33.43,9,1,0,0,0,0,1,0,150473.02,0.879,low,0.5
CUST013572,792,excellent,88.13,86.14,81.9,31.07,99.67,82.0478,10.91,9,0,0,0,0,0,0,3,125288.12,0.0979,low,0.0
CUST013573,696,risky,42.51,92.41,67.22,34.93,98.73,66.0479,5.89,7,0,1,0,0,0,0,7,663734.59,0.0987,low,0.0
CUST013574,794,excellent,88.56,95.23,64.0,45.12,86.97,82.3741,4.91,2,1,0,0,0,0,0,3,110776.99,0.0708,low,0.0
CUST013575,821,excellent,90.23,89.92,87.72,59.93,91.61,86.867,12.4,17,0,0,0,0,0,1,6,81700.35,0.9964,low,0.1429
CUST013576,829,excellent,96.75,96.71,57.8,79.94,85.84,88.1238,2.29,3,1,0,0,0,0,1,3,45209.6,0.5337,low,0.25
CUST013577,810,excellent,99.82,75.31,92.05,47.0,89.45,84.9853,23.83,16,1,0,0,0,0,1,0,188824.26,0.9597,low,0.5
CUST013578,765,excellent,93.17,91.38,12.69,67.73,87.29,77.4279,2.44,0,1,0,0,0,0,1,6,140623.64,0.4648,low,0.1429
CUST013579,791,excellent,85.66,75.01,88.53,68.96,91.94,81.8539,14.98,11,0,0,0,0,0,1,4,44635.39,0.6018,low,0.2
CUST013580,834,excellent,95.53,98.59,91.89,37.57,85.24,89.077,4.27,20,1,0,0,0,0,0,1,284474.87,0.108,low,0.0
CUST013581,749,good,93.99,82.99,29.33,40.89,85.96,74.8798,14.17,0,1,0,0,0,0,0,4,36550.71,0.0407,low,0.0
CUST013582,787,excellent,74.05,93.13,92.9,42.49,92.09,81.2485,4.59,11,0,0,0,0,0,0,0,66619.23,0.0897,low,0.0
CUST013583,809,excellent,86.71,85.54,96.55,51.88,91.72,84.8541,10.79,13,0,0,0,0,0,1,0,22043.25,0.5015,low,0.5
CUST013584,851,excellent,98.47,96.73,91.08,48.35,98.06,91.7845,4.18,20,0,0,0,0,0,0,1,46213.04,0.1192,low,0.0
CUST013585,825,excellent,89.41,91.48,88.43,63.44,91.05,87.4513,1.54,14,1,0,0,0,0,1,3,614710.08,0.8269,low,0.25
CUST013586,642,high_risk,42.65,93.46,16.15,37.1,79.4,57.0394,1.67,0,2,1,0,0,0,0,1,263224.43,0.2376,low,0.0
CUST013587,754,excellent,89.34,90.54,11.28,57.76,97.82,75.6787,8.73,0,0,0,0,0,0,1,2,65959.06,0.945,low,0.3333
CUST013588,811,excellent,85.17,95.41,89.22,40.25,93.11,85.1496,9.47,10,0,0,0,0,0,0,3,106141.19,0.0664,low,0.0
CUST013589,659,risky,30.88,98.49,55.31,30.91,80.89,59.8311,3.61,2,1,2,0,0,0,0,2,330750.09,0.1952,low,0.0
CUST013590,813,excellent,94.83,93.75,77.63,33.88,91.16,85.4627,8.94,8,1,0,0,0,0,0,2,146263.52,0.1339,low,0.0
CUST013591,837,excellent,96.28,99.77,88.72,34.57,90.25,89.4172,3.39,13,0,0,0,0,0,0,3,160415.62,0.0386,low,0.0
CUST013592,826,excellent,94.79,88.59,97.79,45.28,86.84,87.6333,8.79,20,1,0,0,0,0,0,3,141224.88,0.0953,low,0.0
CUST013593,615,high_risk,41.21,84.6,45.06,33.5,26.22,52.5357,10.8,1,5,3,0,0,0,0,0,34333.56,0.0293,low,0.0
CUST013594,824,excellent,97.45,89.99,90.85,34.72,91.77,87.3817,5.56,10,1,0,0,0,0,0,6,143110.48,0.0476,low,0.0
CUST013595,786,excellent,90.65,68.82,82.18,64.31,99.33,81.0655,34.75,6,0,0,0,0,0,1,6,67282.77,0.9732,low,0.1429
CUST013596,721,good,86.61,81.56,13.76,45.51,87.38,70.1318,11.35,0,1,0,0,0,0,0,0,169625.76,0.1654,low,0.0
CUST013597,752,excellent,59.35,96.94,90.11,37.79,82.44,75.3942,1.58,14,1,2,0,0,0,0,3,89786.91,0.1007,low,0.0
CUST013598,785,excellent,77.12,87.23,93.59,38.03,98.63,80.8661,14.18,20,0,1,0,0,0,0,4,187007.4,0.0036,low,0.0
CUST013599,797,excellent,97.84,77.38,86.57,31.9,91.31,82.7654,12.22,18,0,0,0,0,0,0,4,211367.5,0.0568,low,0.0
CUST013600,796,excellent,90.5,75.24,92.26,63.31,83.22,82.7401,11.52,10,1,0,0,0,0,1,0,301132.56,0.6772,low,0.5
CUST013601,792,excellent,87.38,79.98,80.08,61.77,92.73,82.0379,12.63,7,0,0,0,0,0,1,2,137028.84,0.4696,low,0.3333
CUST013602,764,excellent,90.66,80.61,57.15,32.51,96.2,77.3558,11.89,3,0,0,0,0,0,0,6,296352.27,0.1472,low,0.0
CUST013603,787,excellent,93.67,90.18,58.87,30.36,94.63,81.1677,6.29,3,0,0,0,0,0,0,0,58518.11,0.0903,low,0.0
CUST013604,721,good,43.72,99.63,80.87,76.52,62.21,70.1952,8.37,9,4,1,0,0,0,1,5,25974.67,1.0214,low,0.1667
CUST013605,770,excellent,76.23,96.98,61.83,40.63,92.1,78.3228,4.11,2,0,0,0,0,0,0,5,62852.34,0.0222,low,0.0
CUST013606,765,excellent,71.79,89.22,72.38,61.76,85.51,77.4763,11.11,7,1,1,0,0,0,2,0,59621.86,0.6942,low,0.6667
CUST013607,767,excellent,94.21,97.74,18.23,47.94,80.91,77.9134,0.85,0,1,0,0,0,0,0,7,50680.57,0.052,low,0.0
CUST013608,798,excellent,79.04,91.07,95.94,37.85,99.16,83.0764,6.88,13,0,0,0,0,0,0,3,176755.72,0.1124,low,0.0
CUST013609,793,excellent,90.44,97.87,47.66,44.75,94.44,82.0845,1.96,2,0,0,0,0,0,0,5,152252.01,0.1565,low,0.0
CUST013610,744,good,89.26,91.29,12.79,37.44,97.34,74.0218,9.36,0,0,0,0,0,0,0,6,71410.38,0.061,low,0.0
CUST013611,820,excellent,93.99,75.64,99.59,71.44,89.55,86.6282,11.01,18,1,0,0,0,0,1,0,40374.72,0.7708,low,0.5
CUST013612,695,risky,33.53,82.13,93.11,62.97,92.25,65.8646,12.44,15,0,3,0,0,0,1,3,122529.74,0.7966,low,0.25
CUST013613,788,excellent,93.28,95.95,37.9,46.37,95.47,81.3003,9.63,1,0,0,0,0,0,0,7,53142.14,0.1523,low,0.0
CUST013614,781,excellent,87.19,79.89,89.04,32.46,90.43,80.1279,11.67,19,0,0,0,0,0,0,1,72128.71,0.0993,low,0.0
CUST013615,739,good,90.98,80.21,34.28,30.39,91.37,73.2246,11.46,0,0,0,0,0,0,0,6,69015.44,0.0363,low,0.0
CUST013616,688,risky,41.89,93.15,62.41,33.23,94.59,64.7498,6.06,2,0,4,0,0,0,0,0,168395.28,0.0961,low,0.0
CUST013617,766,excellent,90.55,79.09,60.23,47.68,84.32,77.6518,12.21,2,1,0,0,0,0,0,6,163993.65,0.0511,low,0.0
CUST013618,820,excellent,91.24,91.0,96.69,37.25,92.59,86.7223,7.23,16,0,0,0,0,0,0,7,142146.16,0.1493,low,0.0
CUST013619,777,excellent,99.51,76.11,31.61,72.71,97.43,79.4197,10.08,1,0,0,0,0,0,1,2,147813.28,0.6759,low,0.3333
CUST013620,781,excellent,94.07,93.42,40.69,33.0,98.84,80.2385,2.1,1,0,0,0,0,0,0,1,75450.94,0.1071,low,0.0
CUST013621,839,excellent,93.93,96.83,85.91,60.95,89.09,89.8138,8.28,20,1,0,0,0,0,1,2,40673.91,0.8844,low,0.3333
CUST013622,794,excellent,86.58,92.12,71.5,52.57,83.91,82.312,2.91,9,1,0,0,0,0,1,2,153681.04,0.5457,low,0.3333
CUST013623,760,excellent,87.38,82.95,49.05,49.45,89.08,76.6797,10.76,1,1,0,0,0,0,0,1,79649.39,0.1297,low,0.0
CUST013624,834,excellent,99.48,93.48,81.86,40.39,98.06,88.9849,6.39,8,0,0,0,0,0,0,7,429791.46,0.0791,low,0.0
CUST013625,730,good,56.76,98.32,66.11,49.63,74.49,71.6924,8.15,7,2,3,0,0,0,0,5,348503.9,0.0207,low,0.0
CUST013626,801,excellent,98.66,90.39,53.38,46.9,90.89,83.4309,5.51,2,1,0,0,0,0,0,5,77040.59,0.1638,low,0.0
CUST013627,717,good,75.74,76.98,49.02,39.71,85.2,69.4476,10.14,1,1,0,0,0,0,0,0,83446.38,0.1307,low,0.0
CUST013628,-1,no_history,20.68,94.84,30.38,70.94,49.4,51.2823,6.02,0,3,4,0,0,0,0,7,26316.41,1.8786,moderate,0.0
CUST013629,723,good,51.23,98.87,95.47,42.08,44.26,70.5449,2.21,10,3,2,0,0,0,0,4,35125.52,0.2269,low,0.0
CUST013630,766,excellent,63.1,96.92,99.62,79.61,45.81,77.6476,1.49,11,3,2,0,0,0,1,5,306401.09,1.31,low,0.1667
CUST013631,688,risky,44.67,89.19,88.03,41.66,49.73,64.7357,4.55,13,3,1,0,0,0,0,6,518191.4,0.0334,low,0.0
CUST013632,806,excellent,90.58,90.46,76.77,46.45,93.56,84.3594,9.32,5,0,0,0,0,0,0,2,327913.96,0.1529,low,0.0
CUST013633,828,excellent,95.07,86.26,98.81,49.13,90.67,87.9538,12.43,14,1,0,0,0,0,0,3,20339.0,0.0103,low,0.0
CUST013634,710,good,57.78,97.19,51.65,40.3,72.35,68.3947,6.11,3,2,2,0,0,0,0,4,87080.05,0.0332,low,0.0
CUST013635,781,excellent,87.3,93.1,58.91,35.84,91.93,80.0991,4.7,3,1,0,0,0,0,0,0,146642.42,0.1388,low,0.0
CUST013636,839,excellent,91.24,88.98,95.51,77.78,91.65,89.8993,5.88,19,0,0,0,0,0,1,2,101013.24,0.9359,low,0.3333
CUST013637,848,excellent,92.08,95.2,99.59,63.11,92.98,91.3358,0.61,14,0,0,0,0,0,1,3,35273.74,0.9251,low,0.25
CUST013638,823,excellent,88.96,97.36,95.77,39.78,84.18,87.1052,5.35,15,1,0,0,0,0,0,1,403023.51,0.0715,low,0.0
CUST013639,829,excellent,90.27,99.93,80.78,49.2,94.9,88.0994,0.86,9,0,0,0,0,0,0,5,559797.12,0.0492,low,0.0
CUST013640,806,excellent,91.92,81.9,99.15,36.71,90.96,84.3826,11.31,10,0,0,0,0,0,0,3,53793.22,0.035,low,0.0
CUST013641,793,excellent,88.91,83.38,66.2,69.59,90.8,82.1042,12.52,6,0,0,0,0,0,1,6,35000.99,0.9232,low,0.1429
CUST013642,778,excellent,70.71,94.91,96.78,31.19,87.46,79.6042,6.02,14,1,1,0,0,0,0,5,333397.07,0.1081,low,0.0
CUST013643,733,good,56.12,92.19,65.69,66.3,93.7,72.1496,7.14,6,0,3,0,0,0,1,5,78920.84,1.0185,low,0.1667
CUST013644,747,good,67.21,90.0,79.9,38.92,80.35,74.4357,4.47,7,1,0,0,0,0,0,6,55372.8,0.1342,low,0.0
CUST013645,705,good,74.67,78.55,36.55,57.68,65.43,67.4911,25.44,1,2,0,0,0,0,0,5,143953.82,0.088,low,0.0
CUST013646,851,excellent,91.75,99.26,89.23,77.45,88.69,91.8901,6.53,10,1,0,0,0,0,1,0,78281.15,0.7472,low,0.5
CUST013647,709,good,59.3,95.23,68.04,39.04,47.0,68.1317,2.87,6,4,2,0,0,0,0,3,81993.09,0.1202,low,0.0
CUST013648,599,high_risk,25.26,86.33,49.87,32.83,43.92,49.8933,10.54,1,5,7,0,0,1,0,5,257411.91,0.529,low,0.0
CUST013649,818,excellent,91.55,94.12,63.91,69.7,94.9,86.3242,3.27,3,0,0,0,0,0,1,1,19634.23,0.9303,low,0.5
CUST013650,779,excellent,73.47,95.51,86.34,44.69,80.65,79.8511,4.21,13,1,0,0,0,0,0,0,176880.14,0.0911,low,0.0
CUST013651,696,risky,50.18,78.73,77.22,73.14,68.61,65.9391,14.33,7,2,4,0,0,0,1,5,99042.63,1.3478,low,0.1667
CUST013652,841,excellent,95.55,99.24,84.18,43.83,99.66,90.1901,9.98,7,0,0,0,0,0,0,3,112252.6,0.018,low,0.0
CUST013653,790,excellent,73.93,92.55,86.6,63.52,86.81,81.6654,5.15,18,1,1,0,0,0,1,4,111735.99,0.7534,low,0.2
CUST013654,813,excellent,99.5,89.35,65.61,55.41,84.26,85.4381,0.29,5,1,0,0,0,0,1,7,32628.24,0.6144,low,0.125
CUST013655,866,excellent,94.96,98.16,93.85,82.93,93.04,94.3585,6.61,10,0,0,0,0,0,2,3,36693.33,0.8245,low,0.4
CUST013656,745,good,85.4,81.99,39.9,49.27,87.96,74.1947,12.24,1,1,0,0,0,0,1,6,64073.28,0.6945,low,0.1429
CUST013657,762,excellent,88.87,99.45,15.96,45.47,91.42,77.0223,4.26,0,0,0,0,0,0,0,6,71301.37,0.0904,low,0.0
CUST013658,831,excellent,89.82,93.39,88.91,67.36,89.42,88.4673,1.34,15,1,0,0,0,0,1,4,139295.72,0.7024,low,0.2
CUST013659,755,excellent,69.48,84.62,79.96,41.98,99.31,75.8296,14.55,9,0,1,0,0,0,0,1,120252.37,0.118,low,0.0
CUST013660,703,good,53.04,98.87,56.37,32.76,72.17,67.1744,8.19,3,2,3,0,0,0,0,1,180025.42,0.1764,low,0.0
CUST013661,819,excellent,87.65,87.05,96.15,61.87,91.41,86.5412,11.22,14,0,0,0,0,0,1,2,196766.9,0.9532,low,0.3333
CUST013662,812,excellent,98.94,92.56,67.21,40.07,88.35,85.322,9.74,8,1,0,0,0,0,0,3,62761.86,0.0764,low,0.0
CUST013663,818,excellent,96.2,98.4,63.49,43.1,93.65,86.3899,0.72,2,0,0,0,0,0,0,1,98727.42,0.1245,low,0.0
CUST013664,656,risky,13.49,98.68,94.69,71.53,47.06,59.3879,7.28,11,4,3,0,0,0,1,0,27364.67,2.0203,moderate,0.5
CUST013665,711,good,46.04,86.74,96.68,70.78,58.34,68.5477,13.16,20,3,3,0,0,0,1,4,73648.82,1.1241,low,0.2
CUST013666,572,high_risk,10.36,84.79,48.5,47.93,41.29,45.2608,13.77,2,5,5,1,0,0,0,5,95065.53,0.2299,low,0.0
CUST013667,788,excellent,77.5,92.95,66.13,66.89,96.48,81.2672,9.14,7,0,1,0,0,0,1,6,65750.93,0.8769,low,0.1429
CUST013668,657,risky,63.3,77.82,19.48,34.25,76.65,59.5138,14.58,0,2,3,0,0,0,0,6,64577.44,0.1083,low,0.0
CUST013669,774,excellent,99.14,91.7,17.81,44.05,96.74,78.9586,1.05,0,0,0,0,0,0,0,3,196584.12,0.0488,low,0.0
CUST013670,792,excellent,71.6,89.17,83.06,79.34,98.49,82.0543,12.66,6,0,1,0,0,0,1,5,47747.48,0.8601,low,0.1667
CUST013671,726,good,70.62,94.4,33.89,37.83,90.95,70.9972,6.77,1,0,1,0,0,0,0,4,23489.43,0.1046,low,0.0
CUST013672,671,risky,27.68,98.37,67.2,60.13,75.47,61.84,3.79,8,2,5,0,0,0,1,1,112365.08,2.0692,moderate,0.5
CUST013673,822,excellent,88.91,97.46,80.33,46.18,99.99,87.0229,9.32,6,0,0,0,0,0,1,4,652880.2,0.4531,low,0.2
CUST013674,700,good,56.53,84.82,75.11,34.35,67.6,66.695,11.44,5,2,3,0,0,0,0,6,144835.58,0.2379,low,0.0
CUST013675,779,excellent,85.93,79.88,67.5,65.96,90.66,79.8271,11.21,6,1,0,0,0,0,1,4,224499.7,0.4981,low,0.2
CUST013676,804,excellent,74.86,95.05,96.2,67.49,81.77,84.0742,8.15,13,1,0,0,0,0,1,4,61251.43,0.7616,low,0.2
CUST013677,773,excellent,76.85,86.02,91.54,35.22,88.61,78.8152,10.78,13,1,1,0,0,0,0,7,178198.64,0.0848,low,0.0
CUST013678,811,excellent,89.31,89.04,86.79,48.84,92.96,85.1702,13.77,11,0,0,0,0,0,0,6,346343.69,0.0344,low,0.0
CUST013679,829,excellent,98.79,96.36,58.61,69.58,90.04,88.2383,6.21,3,0,0,0,0,0,1,4,271608.03,0.9885,low,0.2
CUST013680,827,excellent,92.23,85.59,82.61,76.58,97.48,87.7553,11.19,8,0,0,0,0,0,1,2,34709.97,0.8035,low,0.3333
CUST013681,768,excellent,79.2,79.27,97.39,41.09,78.26,78.0429,10.86,12,2,0,0,0,0,0,3,40201.09,0.0204,low,0.0
CUST013682,811,excellent,88.65,95.55,79.62,36.71,98.63,85.1693,3.94,9,0,0,0,0,0,0,0,38540.66,0.0559,low,0.0
CUST013683,831,excellent,93.27,85.59,89.83,78.03,89.13,88.5131,10.21,14,1,0,0,0,0,2,0,107678.81,0.963,low,0.6667
CUST013684,830,excellent,97.96,78.11,82.28,85.72,96.43,88.2781,13.41,5,0,0,0,0,0,2,3,63405.78,0.3452,low,0.4
CUST013685,837,excellent,97.29,89.71,90.87,50.53,97.87,89.4347,13.76,20,0,0,0,0,0,1,7,150392.39,0.5997,low,0.125
CUST013686,742,good,75.84,96.54,30.66,41.29,94.4,73.6707,8.57,1,0,1,0,0,0,0,6,120120.72,0.0848,low,0.0
CUST013687,795,excellent,92.96,79.87,75.87,73.3,73.08,82.5151,13.61,7,2,0,0,0,0,1,6,23239.98,0.9209,low,0.1429
CUST013688,788,excellent,87.79,93.4,59.91,40.53,94.79,81.2656,6.23,2,0,0,0,0,0,0,6,123151.72,0.1206,low,0.0
CUST013689,754,excellent,85.48,89.49,42.39,41.97,83.92,75.7125,11.64,1,1,0,0,0,0,0,1,88498.35,0.0195,low,0.0
CUST013690,833,excellent,93.68,94.65,88.86,47.54,96.01,88.8676,9.14,14,0,0,0,0,0,0,4,96166.4,0.0147,low,0.0
CUST013691,814,excellent,86.63,81.76,95.86,66.01,99.07,85.7384,11.21,10,0,0,0,0,0,1,0,39439.34,0.663,low,0.5
CUST013692,621,high_risk,20.37,91.38,56.55,45.97,58.23,53.4466,4.53,3,4,4,0,0,1,0,1,108561.87,0.6565,low,0.0
CUST013693,722,good,89.65,76.66,19.3,39.13,90.84,70.2673,11.77,0,0,0,0,0,0,0,1,151908.67,0.166,low,0.0
CUST013694,615,high_risk,47.81,34.17,70.42,51.66,97.28,52.442,61.95,6,0,4,0,0,0,0,1,32404.38,0.1014,low,0.0
CUST013695,802,excellent,96.02,90.06,67.02,32.19,98.06,83.7021,8.95,7,0,0,0,0,0,0,7,223043.02,0.0885,low,0.0
CUST013696,657,risky,26.31,86.02,65.95,74.33,82.03,59.5422,14.18,9,1,2,0,0,0,1,3,65195.71,1.4625,low,0.25
CUST013697,814,excellent,94.2,93.4,74.47,38.67,96.11,85.6377,0.89,5,0,0,0,0,0,0,2,10463.6,0.0455,low,0.0
CUST013698,748,good,55.19,95.49,97.71,41.25,80.02,74.7464,1.32,18,1,2,0,0,0,0,7,111702.08,0.2233,low,0.0
CUST013699,837,excellent,87.49,93.4,97.95,71.44,90.43,89.5189,4.52,15,1,0,0,0,0,1,3,104658.63,0.5614,low,0.25
CUST013700,794,excellent,90.93,76.02,90.82,60.1,80.29,82.2955,14.15,13,1,0,0,0,0,1,5,179360.1,0.4328,low,0.1667
CUST013701,810,excellent,89.87,88.93,73.27,69.98,88.15,84.9371,12.65,6,1,0,0,0,0,1,0,93432.06,0.9207,low,0.5
CUST013702,782,excellent,95.16,97.34,30.27,36.71,96.66,80.3858,7.65,1,0,0,0,0,0,0,6,144421.29,0.1472,low,0.0
CUST013703,819,excellent,89.95,91.14,96.72,41.23,90.91,86.5484,7.52,10,1,0,0,0,0,0,2,26558.76,0.153,low,0.0
CUST013704,682,risky,32.89,96.31,78.71,45.68,68.13,63.5903,6.87,9,2,2,0,0,0,0,6,60675.62,0.0949,low,0.0
CUST013705,824,excellent,98.15,93.89,67.96,65.22,80.53,87.2902,3.38,7,1,0,0,0,0,1,4,14233.97,0.8318,low,0.2
CUST013706,849,excellent,96.96,95.36,95.34,49.88,96.33,91.4657,4.69,12,0,0,0,0,0,0,7,36880.36,0.0712,low,0.0
CUST013707,833,excellent,97.07,99.48,63.69,72.44,82.57,88.8718,6.82,3,1,0,0,0,0,1,6,37757.2,0.47,low,0.1429
CUST013708,775,excellent,89.09,91.53,49.83,41.55,89.38,79.2079,9.58,2,1,0,0,0,0,0,3,56620.09,0.0826,low,0.0
CUST013709,630,high_risk,13.99,98.41,58.38,62.97,65.33,55.0077,3.04,2,2,4,0,0,0,1,4,31345.58,1.4202,low,0.2
CUST013710,770,excellent,89.42,99.79,14.38,49.74,99.51,78.3164,5.38,0,0,0,0,0,0,0,7,79644.97,0.0812,low,0.0
CUST013711,846,excellent,98.47,88.82,92.56,68.96,90.39,90.9293,2.1,12,1,0,0,0,0,1,5,18213.88,0.4598,low,0.1667
CUST013712,847,excellent,99.69,88.23,96.22,56.6,96.46,91.0987,1.24,16,0,0,0,0,0,1,0,258067.74,0.3973,low,0.5
CUST013713,822,excellent,87.24,97.99,74.64,64.36,95.02,87.0669,2.64,7,0,0,0,0,0,1,0,39686.78,0.4252,low,0.5
CUST013714,812,excellent,94.15,89.81,77.44,48.85,88.86,85.2817,12.09,7,1,0,0,0,0,1,5,58389.78,0.7177,low,0.1667
CUST013715,642,high_risk,28.73,81.39,87.76,31.68,61.47,56.9498,12.87,19,3,5,0,0,1,0,6,89095.02,0.2997,low,0.0
CUST013716,705,good,55.45,81.01,77.03,46.13,75.67,67.444,13.89,6,2,2,0,0,0,0,5,86987.63,0.0791,low,0.0
CUST013717,852,excellent,94.2,88.89,96.69,86.43,92.33,92.0169,9.21,11,0,0,0,0,0,2,4,93974.46,0.6282,low,0.3333
CUST013718,828,excellent,97.46,90.2,98.52,46.45,74.09,88.0013,4.52,11,2,0,0,0,0,0,2,60613.37,0.158,low,0.0
CUST013719,835,excellent,86.09,99.81,82.81,69.92,97.17,89.2058,7.13,8,0,0,0,0,0,1,7,282561.27,0.9685,low,0.125
CUST013720,825,excellent,96.85,97.99,69.77,56.14,82.07,87.5821,9.32,5,1,0,0,0,0,1,4,82830.0,0.426,low,0.2
CUST013721,775,excellent,93.33,83.02,58.62,48.53,80.06,79.2232,11.02,2,1,0,0,0,0,1,0,64865.53,0.3398,low,0.5
CUST013722,776,excellent,98.21,78.12,57.12,38.81,91.54,79.4152,12.12,2,0,0,0,0,0,0,2,116876.58,0.001,low,0.0
CUST013723,793,excellent,90.04,78.91,91.12,47.75,85.48,82.1796,13.72,11,1,0,0,0,0,0,0,50208.65,0.1529,low,0.0
CUST013724,796,excellent,89.63,88.64,59.47,60.34,97.66,82.6827,7.06,3,0,0,0,0,0,1,1,36110.72,0.8024,low,0.5
CUST013725,620,high_risk,10.73,94.45,90.79,34.17,42.68,53.3907,7.07,18,6,4,0,0,1,0,0,63900.95,0.1869,low,0.0
CUST013726,795,excellent,89.24,93.39,87.48,30.29,71.47,82.5498,6.85,13,2,0,0,0,0,0,6,31728.05,0.1159,low,0.0
CUST013727,834,excellent,99.3,99.65,72.65,43.3,91.66,89.0444,0.87,5,0,0,0,0,0,0,4,112947.77,0.0206,low,0.0
CUST013728,825,excellent,91.49,99.7,76.75,46.53,93.27,87.4249,8.69,6,0,0,0,0,0,0,4,12317.74,0.0716,low,0.0
CUST013729,782,excellent,91.32,87.75,57.57,41.03,92.9,80.3169,11.56,2,0,0,0,0,0,0,1,82649.24,0.0491,low,0.0
CUST013730,785,excellent,99.95,79.65,73.81,30.67,77.94,80.8105,13.66,7,2,0,0,0,0,0,0,153661.39,0.0327,low,0.0
CUST013731,780,excellent,94.77,87.17,65.53,34.77,72.94,79.9213,14.65,7,2,0,0,0,0,0,4,821054.58,0.1185,low,0.0
CUST013732,714,good,85.32,80.25,22.26,34.49,83.58,69.08,11.31,0,1,0,0,0,0,0,0,24298.79,0.1557,low,0.0
CUST013733,796,excellent,87.0,89.23,77.63,46.93,91.26,82.6823,0.15,6,0,0,0,0,0,1,5,52826.45,0.4732,low,0.1667
CUST013734,796,excellent,93.84,90.24,53.88,48.64,98.78,82.739,3.8,2,0,0,0,0,0,0,6,131050.1,0.0062,low,0.0
CUST013735,794,excellent,91.2,82.62,89.99,31.01,90.93,82.3968,13.95,20,1,0,0,0,0,0,5,208760.79,0.1583,low,0.0
CUST013736,816,excellent,91.1,95.21,82.59,59.07,72.64,86.0071,1.57,9,2,0,0,0,0,1,0,1689848.85,0.6902,low,0.5
CUST013737,659,risky,46.75,88.96,36.87,36.25,76.92,59.8992,14.68,1,2,4,0,0,0,0,5,22461.63,0.1335,low,0.0
CUST013738,634,high_risk,28.03,78.57,78.92,49.95,54.83,55.6971,12.66,7,4,8,0,0,1,0,3,41895.9,0.2512,low,0.0
CUST013739,811,excellent,87.3,93.51,71.26,72.7,85.35,85.1051,7.3,6,1,0,0,0,0,1,1,47676.63,0.6956,low,0.5
CUST013740,770,excellent,95.71,99.14,26.07,31.95,80.01,78.3458,2.51,0,1,0,0,0,0,0,4,39833.34,0.0147,low,0.0
CUST013741,814,excellent,89.53,99.09,50.28,77.21,93.51,85.6772,6.14,3,0,0,0,0,0,1,7,131412.44,0.7859,low,0.125
CUST013742,787,excellent,99.96,99.36,18.77,54.1,81.05,81.1241,3.46,0,1,0,0,0,0,1,2,295399.84,0.8885,low,0.3333
CUST013743,801,excellent,99.86,81.98,66.68,44.79,94.26,83.4521,14.61,7,0,0,0,0,0,0,0,50849.36,0.0318,low,0.0
CUST013744,812,excellent,88.13,90.56,95.53,33.5,96.28,85.3211,2.06,15,0,0,0,0,0,0,3,101964.01,0.1662,low,0.0
CUST013745,829,excellent,99.11,89.89,82.85,40.52,99.97,88.1311,14.02,5,0,0,0,0,0,0,6,43372.5,0.0485,low,0.0
CUST013746,684,risky,40.31,98.21,58.41,38.77,77.67,63.9754,4.5,2,2,3,0,0,0,0,1,24430.88,0.0516,low,0.0
CUST013747,759,excellent,50.61,98.16,97.6,65.45,91.59,76.5049,2.42,14,1,3,0,0,0,1,3,93550.01,1.4505,low,0.25
CUST013748,616,high_risk,26.28,90.87,52.2,32.54,50.73,52.6157,1.96,3,4,8,0,0,1,0,1,159710.11,0.4789,low,0.0
CUST013749,794,excellent,93.13,98.68,47.35,33.9,96.0,82.2932,0.52,2,0,0,0,0,0,0,1,56396.25,0.1052,low,0.0
CUST013750,778,excellent,90.6,91.72,49.05,47.16,83.47,79.6445,7.85,2,1,0,0,0,0,0,3,29285.08,0.1035,low,0.0
CUST013751,762,excellent,85.69,98.44,33.53,31.79,92.21,76.9526,5.91,0,0,0,0,0,0,0,3,85584.05,0.0417,low,0.0
CUST013752,790,excellent,92.44,81.69,74.03,45.92,91.41,81.6986,27.74,6,1,0,0,0,0,1,5,250731.01,0.6927,low,0.1667
CUST013753,619,high_risk,39.63,38.18,89.7,63.08,80.73,53.1593,50.03,11,1,4,0,0,0,0,4,350320.82,0.1799,low,0.0
CUST013754,739,good,53.07,96.92,86.28,38.07,88.13,73.2087,5.93,12,1,2,0,0,0,0,0,93646.43,0.0185,low,0.0
CUST013755,833,excellent,90.91,98.02,90.48,47.18,93.9,88.9028,0.54,14,0,0,0,0,0,1,2,73481.98,0.9068,low,0.3333
CUST013756,812,excellent,96.41,78.8,91.45,48.04,94.49,85.3542,13.59,12,0,0,0,0,0,0,4,101121.27,0.0585,low,0.0
CUST013757,827,excellent,86.48,91.07,94.38,71.47,90.02,87.8928,5.16,13,0,0,0,0,0,1,4,131338.98,0.8274,low,0.2
CUST013758,787,excellent,96.51,64.07,88.41,55.43,93.74,81.178,34.42,18,0,0,0,0,0,1,7,117773.55,0.5845,low,0.125
CUST013759,861,excellent,99.48,94.14,96.17,61.56,99.01,93.541,0.51,18,0,0,0,0,0,1,3,77489.33,0.3483,low,0.25
CUST013760,816,excellent,95.1,92.66,68.34,47.27,99.75,86.0366,5.45,9,0,0,0,0,0,2,6,28975.68,0.7302,low,0.25
CUST013761,645,high_risk,47.3,77.86,51.74,48.99,48.93,57.468,12.13,2,4,4,0,0,0,0,1,138342.15,0.1118,low,0.0
CUST013762,747,good,78.75,93.34,48.74,33.5,81.95,74.4208,4.83,1,1,1,0,0,0,0,1,171054.3,0.0619,low,0.0
CUST013763,799,excellent,87.14,77.1,80.7,75.26,99.67,83.228,14.66,8,0,0,0,0,0,1,7,23408.46,0.851,low,0.125
CUST013764,787,excellent,87.49,89.47,43.31,75.4,96.98,81.1982,3.18,1,0,0,0,0,0,1,6,65771.17,0.6471,low,0.1429
CUST013765,846,excellent,99.57,81.59,99.01,73.62,95.37,91.0777,13.92,15,0,0,0,0,0,1,2,67164.43,0.8722,low,0.3333
CUST013766,730,good,44.1,99.96,91.66,30.29,95.2,71.7197,3.12,14,0,1,0,0,0,0,5,147704.59,0.161,low,0.0
CUST013767,810,excellent,94.61,82.06,91.78,44.72,89.7,84.9423,13.36,20,1,0,0,0,0,0,6,166889.85,0.1503,low,0.0
CUST013768,784,excellent,96.65,96.38,24.39,43.84,99.13,80.6981,9.24,0,0,0,0,0,0,0,0,89948.56,0.08,low,0.0
CUST013769,825,excellent,95.42,91.78,73.5,75.29,80.82,87.5664,4.55,7,1,0,0,0,0,1,5,319280.12,0.9857,low,0.1667
CUST013770,826,excellent,94.09,96.97,84.14,37.1,92.86,87.6396,5.65,8,0,0,0,0,0,0,4,35836.3,0.0111,low,0.0
CUST013771,800,excellent,97.24,78.01,88.59,51.9,74.71,83.388,13.02,12,2,0,0,0,0,1,2,556280.72,0.8735,low,0.3333
CUST013772,778,excellent,87.77,75.98,68.34,66.7,92.98,79.7314,13.97,6,0,0,0,0,0,1,1,90221.49,0.3974,low,0.5
CUST013773,840,excellent,99.95,89.98,83.48,79.93,75.63,90.0533,7.38,9,2,0,0,0,0,1,7,105761.12,0.7688,low,0.125
CUST013774,741,good,52.55,98.94,92.88,36.71,77.92,73.4713,5.68,12,2,2,0,0,0,0,5,54274.65,0.1528,low,0.0
CUST013775,844,excellent,98.01,93.84,99.45,39.59,93.64,90.6994,9.27,16,0,0,0,0,0,0,4,98479.82,0.1212,low,0.0
CUST013776,792,excellent,92.76,86.41,88.5,32.07,71.25,81.9971,10.26,10,2,0,0,0,0,0,3,129599.87,0.1177,low,0.0
CUST013777,778,excellent,86.52,89.65,43.57,63.41,95.56,79.6092,12.55,1,0,0,0,0,0,1,5,55958.39,0.5531,low,0.1667
CUST013778,827,excellent,90.96,93.43,95.16,44.23,93.02,87.864,4.13,20,0,0,0,0,0,0,4,46932.49,0.1484,low,0.0
CUST013779,727,good,55.72,98.06,64.07,33.93,91.72,71.0969,1.84,4,1,2,0,0,0,0,5,204388.82,0.2087,low,0.0
CUST013780,821,excellent,98.44,99.89,56.57,46.77,93.23,86.9085,2.77,4,0,0,0,0,0,0,7,87850.58,0.0029,low,0.0
CUST013781,724,good,71.55,97.04,21.86,39.72,92.8,70.6866,9.03,0,0,0,0,0,0,0,4,114877.89,0.0454,low,0.0
CUST013782,791,excellent,89.82,80.52,49.15,91.62,97.27,81.8534,20.03,1,0,0,0,0,0,3,7,145041.6,0.4112,low,0.3
CUST013783,795,excellent,85.0,88.51,72.4,60.74,93.41,82.5801,8.01,9,0,0,0,0,0,1,0,55367.0,0.3358,low,0.5
CUST013784,778,excellent,93.78,89.1,53.66,35.04,85.74,79.68,10.51,2,1,0,0,0,0,0,2,439882.22,0.0022,low,0.0
CUST013785,726,good,42.81,90.03,99.29,43.19,97.82,70.9879,2.72,13,0,1,0,0,0,0,0,267590.08,0.1443,low,0.0
CUST013786,700,good,54.86,78.7,76.35,35.19,88.91,66.6741,14.31,8,1,4,0,0,0,0,3,63984.15,0.0111,low,0.0
CUST013787,806,excellent,89.64,89.78,71.3,60.96,91.6,84.2588,11.87,5,0,0,0,0,0,1,0,56944.12,0.4649,low,0.5
CUST013788,838,excellent,90.55,91.32,97.12,91.69,68.46,89.67,0.21,15,2,0,0,0,0,2,0,51934.89,0.8364,low,0.6667
CUST013789,785,excellent,90.62,99.1,30.51,63.91,84.5,80.8648,8.32,1,1,0,0,0,0,1,7,161143.29,0.4618,low,0.125
CUST013790,682,risky,59.84,91.72,30.61,33.24,73.09,63.6843,6.52,1,2,3,0,0,0,0,7,135686.15,0.1862,low,0.0
CUST013791,840,excellent,88.6,97.29,84.54,75.13,95.7,89.9608,6.75,9,0,0,0,0,0,1,3,86160.28,0.6484,low,0.25
CUST013792,693,risky,41.85,99.26,59.0,36.66,86.0,65.541,5.92,2,1,2,0,0,0,0,5,124444.15,0.0158,low,0.0
CUST013793,671,risky,24.38,97.87,88.28,43.94,63.37,61.8656,1.85,13,4,3,1,0,1,0,6,35146.28,0.5479,low,0.0
CUST013794,797,excellent,79.79,88.31,87.13,61.9,92.11,82.889,11.25,14,0,0,0,0,0,1,7,190415.81,0.599,low,0.125
CUST013795,785,excellent,86.11,88.07,65.38,59.44,85.8,80.8882,1.81,5,1,0,0,0,0,1,5,227425.5,0.6501,low,0.1667
CUST013796,790,excellent,87.11,92.72,65.21,52.9,83.3,81.7077,6.9,9,1,0,0,0,0,1,4,82888.96,0.632,low,0.2
CUST013797,807,excellent,91.26,88.17,89.94,36.89,89.99,84.5702,4.6,15,1,0,0,0,0,0,7,95980.48,0.1007,low,0.0
CUST013798,744,good,61.75,94.83,91.69,46.47,55.05,73.9669,6.54,11,3,4,0,0,0,0,7,55855.57,0.2035,low,0.0
CUST013799,815,excellent,92.0,88.44,96.26,34.95,91.79,85.847,2.62,16,0,0,0,0,0,0,6,116052.56,0.1584,low,0.0
CUST013800,831,excellent,96.33,99.65,53.61,70.91,98.04,88.5479,6.79,2,0,0,0,0,0,1,5,63969.11,0.7904,low,0.1667
CUST013801,706,good,52.63,75.27,99.9,42.16,74.55,67.6562,14.71,20,2,3,0,0,0,0,2,193642.34,0.0384,low,0.0
CUST013802,768,excellent,98.37,75.84,50.0,40.42,92.67,77.9912,11.27,4,0,0,0,0,0,0,1,52814.33,0.1043,low,0.0
CUST013803,837,excellent,93.21,95.1,95.05,51.13,89.5,89.4722,1.07,19,1,0,0,0,0,1,7,32415.41,0.8779,low,0.125
CUST013804,738,good,97.2,56.89,56.22,46.26,89.34,73.0809,37.87,4,1,0,0,0,0,0,7,81824.14,0.1294,low,0.0
CUST013805,739,good,56.65,91.49,83.98,47.26,86.08,73.2048,1.53,8,1,3,0,0,0,0,7,193842.96,0.0334,low,0.0
CUST013806,729,good,52.05,92.24,88.76,31.8,91.95,71.578,5.6,11,0,4,0,0,0,0,7,1415814.57,0.1984,low,0.0
CUST013807,762,excellent,87.68,80.1,61.32,34.76,95.83,76.9758,10.78,2,0,0,0,0,0,0,5,30766.01,0.055,low,0.0
CUST013808,697,risky,49.09,88.05,73.04,39.63,76.02,66.1173,12.67,9,2,4,0,0,0,0,7,479630.01,0.1355,low,0.0
CUST013809,801,excellent,94.63,94.56,47.32,49.36,99.07,83.4312,3.01,3,0,0,0,0,0,1,2,55540.91,0.7073,low,0.3333
CUST013810,686,risky,40.62,88.89,70.83,77.64,61.0,64.371,2.77,7,3,4,0,0,0,1,4,105969.6,1.1947,low,0.2
CUST013811,748,good,90.22,90.16,21.7,44.12,83.65,74.6559,8.7,0,1,0,0,0,0,0,2,27305.06,0.0579,low,0.0
CUST013812,779,excellent,92.05,98.27,23.87,49.22,96.63,79.8646,4.71,0,0,0,0,0,0,0,7,29557.44,0.069,low,0.0
CUST013813,770,excellent,90.24,93.15,30.71,49.58,93.14,78.4078,4.27,1,0,0,0,0,0,0,1,107218.37,0.0265,low,0.0
CUST013814,768,excellent,92.93,93.75,31.53,35.87,90.56,78.0229,6.08,1,1,0,0,0,0,0,0,55136.37,0.0373,low,0.0
CUST013815,550,high_risk,2.45,75.62,55.58,45.42,52.49,41.6715,12.77,4,3,3,0,1,1,0,7,37739.73,0.5378,low,0.0
CUST013816,781,excellent,95.0,93.32,36.46,49.13,85.09,80.1393,9.77,1,1,0,0,0,0,0,3,239890.58,0.158,low,0.0
CUST013817,853,excellent,93.66,96.16,87.83,75.41,98.98,92.2398,0.95,14,0,0,0,0,0,1,3,172446.45,0.8265,low,0.25
CUST013818,796,excellent,90.32,88.86,73.71,38.99,94.47,82.6731,11.48,7,0,0,0,0,0,0,1,89802.34,0.0093,low,0.0
CUST013819,757,excellent,89.47,98.06,10.29,40.01,98.94,76.1731,1.01,0,0,0,0,0,0,0,2,59760.51,0.0389,low,0.0
CUST013820,803,excellent,88.3,95.32,66.71,63.53,79.38,83.7991,4.98,9,2,0,0,0,0,1,3,38245.95,0.7684,low,0.25
CUST013821,791,excellent,95.41,93.54,49.83,46.16,83.38,81.8829,6.15,2,1,0,0,0,0,0,5,107795.94,0.0124,low,0.0
CUST013822,861,excellent,100.0,99.61,86.79,61.47,94.68,93.5156,8.81,15,0,0,0,0,0,1,0,7832.09,0.7861,low,0.5
CUST013823,680,risky,42.46,85.76,90.43,60.54,40.64,63.2706,11.28,15,3,4,0,0,0,1,2,166379.36,1.4784,low,0.3333
CUST013824,839,excellent,97.77,96.25,82.94,49.55,92.95,89.7859,1.62,6,0,0,0,0,0,1,0,60979.34,0.7866,low,0.5
CUST013825,789,excellent,98.5,91.79,30.02,63.64,86.8,81.5604,9.39,1,1,0,0,0,0,1,6,155968.21,0.6878,low,0.1429
CUST013826,810,excellent,85.31,99.94,55.84,78.61,88.8,84.9548,5.02,3,1,0,0,0,0,1,1,87090.32,0.8969,low,0.5
CUST013827,688,risky,64.35,76.02,52.46,34.19,81.18,64.7344,10.21,2,1,1,0,0,0,0,2,111593.42,0.1915,low,0.0
CUST013828,843,excellent,98.37,99.47,82.16,49.18,90.04,90.5158,9.27,6,0,0,0,0,0,0,3,148496.24,0.1569,low,0.0
CUST013829,812,excellent,88.72,92.11,93.54,33.05,92.77,85.2998,6.64,14,0,0,0,0,0,0,1,38419.31,0.118,low,0.0
CUST013830,715,good,86.26,77.12,12.24,45.69,93.7,69.1031,12.04,0,0,0,0,0,0,0,5,87663.66,0.0727,low,0.0
CUST013831,811,excellent,92.31,90.61,91.78,40.14,78.29,85.1018,6.35,20,2,0,0,0,0,0,5,83516.5,0.1365,low,0.0
CUST013832,833,excellent,94.43,90.79,94.04,52.26,92.37,88.8552,6.16,13,0,0,0,0,0,1,7,15132.5,0.9419,low,0.125
CUST013833,827,excellent,90.89,87.67,99.32,64.99,82.85,87.7936,10.38,12,1,0,0,0,0,1,6,39763.42,0.7675,low,0.1429
CUST013834,844,excellent,96.99,93.46,68.4,88.68,96.28,90.7427,4.21,6,0,0,0,0,0,2,2,114374.39,0.7611,low,0.5
CUST013835,804,excellent,97.18,93.04,58.88,55.77,76.57,83.9911,9.18,3,2,0,0,0,0,1,1,159875.22,0.692,low,0.5
CUST013836,698,risky,57.85,69.24,88.73,54.53,64.91,66.2717,49.14,11,3,3,0,0,0,0,6,352008.69,0.0947,low,0.0
CUST013837,786,excellent,87.2,75.97,86.7,51.92,95.66,81.0719,13.03,11,0,0,0,0,0,1,2,25131.49,0.8166,low,0.3333
CUST013838,712,good,50.39,98.28,90.6,66.97,22.84,68.6901,1.24,13,5,4,0,0,0,1,0,316889.35,1.3844,low,0.5
CUST013839,742,good,54.1,97.31,78.02,71.18,77.11,73.661,6.26,7,2,1,0,0,0,1,7,208342.68,1.1943,low,0.125
CUST013840,817,excellent,92.32,88.4,87.13,46.56,95.74,86.1341,4.42,19,0,0,0,0,0,0,5,27693.73,0.015,low,0.0
CUST013841,766,excellent,99.81,83.83,27.5,46.28,88.25,77.661,10.69,0,1,0,0,0,0,0,7,219850.65,0.1254,low,0.0
CUST013842,690,risky,36.43,96.28,80.98,39.13,73.28,65.0233,4.56,8,2,4,0,0,0,0,3,117553.68,0.1434,low,0.0
CUST013843,668,risky,33.99,77.72,98.59,69.44,53.18,61.264,13.19,19,3,1,0,0,0,1,3,115306.7,1.0796,low,0.25
CUST013844,743,good,46.57,100.0,95.62,49.49,81.81,73.7706,7.6,19,1,3,0,0,0,0,6,59802.78,0.1097,low,0.0
CUST013845,783,excellent,75.77,88.6,97.1,30.84,97.04,80.4511,1.36,11,0,0,0,0,0,0,1,92773.41,0.0236,low,0.0
CUST013846,754,excellent,95.86,71.15,44.66,48.23,91.69,75.587,37.67,1,0,0,0,0,0,0,4,325231.5,0.0548,low,0.0
CUST013847,870,excellent,97.08,97.41,97.64,71.3,99.7,94.9497,4.47,13,0,0,0,0,0,1,0,213095.74,0.818,low,0.5
CUST013848,807,excellent,99.91,88.1,53.23,54.76,97.03,84.561,3.45,2,0,0,0,0,0,1,7,336312.1,0.7587,low,0.125
CUST013849,781,excellent,97.21,88.15,54.59,32.0,83.84,80.2413,5.92,3,1,0,0,0,0,0,0,105318.52,0.1071,low,0.0
CUST013850,733,good,88.85,87.88,17.69,48.94,71.43,72.1522,14.58,0,2,0,0,0,0,0,2,824392.52,0.0467,low,0.0
CUST013851,696,risky,56.38,94.55,47.28,78.57,40.36,66.0817,9.86,3,4,2,0,0,0,1,7,28091.69,1.4552,low,0.125
CUST013852,779,excellent,88.32,89.99,54.45,50.88,86.13,79.7804,4.98,3,1,0,0,0,0,1,4,137613.18,0.5261,low,0.2
CUST013853,819,excellent,91.6,91.58,58.31,91.82,90.72,86.5331,7.76,3,0,0,0,0,0,2,5,120797.51,0.4754,low,0.2857
CUST013854,860,excellent,97.72,91.06,95.58,75.67,99.48,93.3715,3.09,16,0,0,0,0,0,1,4,306077.45,0.4395,low,0.2
CUST013855,811,excellent,95.5,91.15,75.97,46.59,83.18,85.1413,2.23,7,1,0,0,0,0,0,4,99996.27,0.0952,low,0.0
CUST013856,716,good,38.53,99.77,97.99,47.8,64.32,69.3253,4.26,15,4,2,0,0,0,0,0,155390.96,0.0728,low,0.0
CUST013857,818,excellent,89.66,91.14,91.66,38.46,99.9,86.3096,2.36,10,0,0,0,0,0,0,2,67864.59,0.0775,low,0.0
CUST013858,590,high_risk,33.29,76.77,25.03,40.1,58.93,48.3431,11.71,0,3,2,0,0,0,0,6,142295.72,0.2029,low,0.0
CUST013859,801,excellent,69.11,93.83,98.93,78.54,84.5,83.4795,2.3,12,1,0,0,0,0,1,7,179766.69,0.9386,low,0.125
CUST013860,791,excellent,86.38,97.29,67.34,31.08,92.25,81.8543,5.74,7,0,0,0,0,0,0,1,75248.84,0.0409,low,0.0
CUST013861,822,excellent,98.73,98.24,46.94,77.62,80.89,86.9185,6.27,2,1,0,0,0,0,1,1,25888.85,0.4825,low,0.5
CUST013862,808,excellent,95.45,94.48,53.51,66.52,82.74,84.7063,0.06,3,1,0,0,0,0,1,7,172413.3,0.7781,low,0.125
CUST013863,816,excellent,92.2,88.91,62.55,84.49,91.51,85.9255,8.92,2,0,0,0,0,0,3,3,113276.97,0.4317,low,0.5
CUST013864,691,risky,50.92,63.51,87.16,59.81,91.73,65.1002,40.45,15,0,3,0,0,0,0,4,47038.17,0.0129,low,0.0
CUST013865,696,risky,85.35,50.82,31.03,71.11,90.86,65.9724,56.95,1,0,0,0,0,0,1,6,138163.17,0.8295,low,0.1429
CUST013866,706,good,57.69,99.73,40.02,43.71,72.5,67.7371,1.54,1,2,4,0,0,0,0,6,34229.81,0.2146,low,0.0
CUST013867,715,good,39.29,98.99,86.64,43.87,84.13,69.2448,6.04,11,1,2,0,0,0,0,6,141272.14,0.2473,low,0.0
CUST013868,828,excellent,95.38,88.39,97.39,37.67,98.01,88.0771,5.23,11,0,0,0,0,0,0,5,72040.4,0.1571,low,0.0
CUST013869,793,excellent,92.89,84.78,50.33,70.44,96.54,82.1911,10.67,3,0,0,0,0,0,1,0,159920.79,0.8978,low,0.5
CUST013870,833,excellent,89.75,96.45,97.65,44.0,93.73,88.7676,2.89,15,0,0,0,0,0,0,4,532190.73,0.13,low,0.0
CUST013871,749,good,86.09,92.79,25.6,32.17,97.67,74.7924,0.04,0,0,0,0,0,0,0,3,66951.19,0.0395,low,0.0
CUST013872,784,excellent,86.22,89.73,79.91,33.75,81.47,80.6036,8.81,5,1,0,0,0,0,0,3,46334.35,0.003,low,0.0
CUST013873,824,excellent,96.17,97.85,60.84,61.86,90.41,87.3678,1.02,4,0,0,0,0,0,1,2,134770.23,0.3742,low,0.3333
CUST013874,726,good,62.18,88.34,96.79,38.27,44.27,71.0382,0.69,20,3,3,0,0,0,0,4,182318.52,0.2499,low,0.0
CUST013875,620,high_risk,26.52,94.95,39.7,45.98,50.16,53.3345,9.78,1,3,3,0,0,0,0,5,124874.67,0.2196,low,0.0
CUST013876,818,excellent,90.26,96.53,60.18,86.35,81.36,86.3492,4.15,3,1,0,0,0,0,2,5,80202.71,0.8295,low,0.2857
CUST013877,707,good,89.56,38.97,52.29,71.41,98.58,67.88,55.39,2,0,0,0,0,0,1,3,41945.95,0.7266,low,0.25
CUST013878,742,good,65.31,97.34,49.63,52.56,89.46,73.7084,5.69,4,1,0,0,0,0,1,6,41112.13,0.921,low,0.1429
CUST013879,814,excellent,85.31,92.95,95.76,36.04,99.42,85.6534,5.83,11,0,0,0,0,0,0,5,879283.6,0.1136,low,0.0
CUST013880,825,excellent,90.76,97.44,84.84,40.33,96.75,87.4309,8.75,7,0,0,0,0,0,0,4,124598.2,0.0576,low,0.0
CUST013881,732,good,56.46,99.27,92.22,40.47,46.07,72.0269,9.21,15,4,1,0,0,0,0,0,96646.15,0.2124,low,0.0
CUST013882,688,risky,46.72,95.38,43.58,48.56,82.55,64.6126,5.95,1,1,2,0,0,0,0,0,202034.17,0.0133,low,0.0
CUST013883,861,excellent,90.84,99.27,99.46,73.81,95.53,93.4275,7.46,20,0,0,0,0,0,1,7,99931.89,0.3503,low,0.125
CUST013884,843,excellent,97.21,97.0,82.93,54.09,94.87,90.4572,4.05,8,0,0,0,0,0,1,3,217927.06,0.4383,low,0.25
CUST013885,808,excellent,89.42,87.18,85.7,48.8,95.0,84.6847,11.23,12,0,0,0,0,0,0,6,43302.08,0.1273,low,0.0
CUST013886,799,excellent,91.82,82.19,73.76,54.46,99.24,83.228,11.05,6,0,0,0,0,0,1,4,40739.23,0.6954,low,0.2
CUST013887,844,excellent,97.37,98.33,87.54,46.5,92.35,90.5958,2.84,12,0,0,0,0,0,0,3,358289.58,0.1274,low,0.0
CUST013888,754,excellent,64.33,89.08,75.01,78.62,82.35,75.5899,6.62,8,1,3,0,0,0,1,6,28821.25,1.4582,low,0.1429
CUST013889,820,excellent,90.25,99.46,80.92,34.35,96.26,86.6232,7.69,5,0,0,0,0,0,0,0,52854.52,0.1136,low,0.0
CUST013890,841,excellent,98.55,88.23,84.09,74.16,91.1,90.1021,4.6,5,1,0,0,0,0,1,1,113282.76,0.8644,low,0.5
CUST013891,757,excellent,70.14,92.43,72.9,31.25,99.08,76.2479,7.27,7,0,1,0,0,0,0,0,24146.4,0.1042,low,0.0
CUST013892,790,excellent,92.63,89.06,51.72,66.07,81.39,81.6443,11.77,3,1,0,0,0,0,1,0,159930.06,0.5806,low,0.5
CUST013893,789,excellent,90.0,99.33,52.11,38.02,85.24,81.4421,3.92,2,1,0,0,0,0,0,3,14612.94,0.054,low,0.0
CUST013894,-1,no_history,94.86,95.91,17.49,45.36,89.81,78.1134,1.84,0,1,0,0,0,0,0,3,388862.75,0.1519,low,0.0
CUST013895,758,excellent,90.34,89.1,27.32,42.71,96.5,76.3702,10.49,0,0,0,0,0,0,0,3,56049.75,0.0317,low,0.0
CUST013896,848,excellent,96.88,92.72,89.43,66.29,95.42,91.3093,1.67,13,0,0,0,0,0,1,4,44801.52,0.7559,low,0.2
CUST013897,782,excellent,95.18,99.6,23.01,49.89,86.99,80.3319,6.89,0,1,0,0,0,0,0,1,413987.56,0.0138,low,0.0
CUST013898,676,risky,52.1,96.6,19.12,47.95,77.4,62.6151,0.14,0,2,1,0,0,0,0,7,199821.64,0.2046,low,0.0
CUST013899,690,risky,54.27,92.67,42.03,43.39,75.23,64.9627,7.24,1,2,1,0,0,0,0,3,1065000.42,0.0566,low,0.0
CUST013900,788,excellent,75.85,85.16,93.63,60.91,90.3,81.2615,23.23,15,1,0,0,0,0,2,0,33483.95,0.4958,low,0.6667
CUST013901,765,excellent,97.62,95.24,11.58,48.72,81.47,77.4959,8.4,0,1,0,0,0,0,0,3,83721.67,0.1252,low,0.0
CUST013902,778,excellent,90.02,77.5,82.84,30.58,94.78,79.7219,10.86,7,0,0,0,0,0,0,0,31988.65,0.1662,low,0.0
CUST013903,802,excellent,86.62,89.7,87.7,47.61,84.92,83.6328,5.37,12,1,0,0,0,0,0,0,440511.42,0.0133,low,0.0
CUST013904,733,good,79.79,92.9,21.0,40.17,91.68,72.1306,5.27,0,0,1,0,0,0,0,4,409040.56,0.0167,low,0.0
CUST013905,651,risky,41.32,88.76,48.83,36.77,64.44,58.5374,9.53,4,3,1,0,0,0,0,7,34221.87,0.0509,low,0.0
CUST013906,821,excellent,86.21,89.03,98.1,64.93,87.24,86.8114,3.67,15,1,0,0,0,0,1,3,72834.33,0.7419,low,0.25
CUST013907,734,good,42.21,91.38,90.58,78.14,88.05,72.3918,3.07,13,1,1,0,0,0,1,4,401770.19,0.8071,low,0.2
CUST013908,846,excellent,95.73,89.29,91.72,78.75,91.14,91.0383,9.05,14,1,0,0,0,0,1,3,26057.85,0.5062,low,0.25
CUST013909,822,excellent,98.03,80.5,81.74,63.67,99.31,87.02,10.6,5,0,0,0,0,0,1,3,159515.56,0.8624,low,0.25
CUST013910,661,risky,17.67,88.09,93.47,78.29,67.83,60.2429,9.67,16,2,4,0,0,0,1,3,47336.37,2.2906,moderate,0.25
CUST013911,835,excellent,93.03,96.59,91.63,40.67,97.78,89.1293,0.21,18,0,0,0,0,0,0,6,51258.57,0.1415,low,0.0
CUST013912,783,excellent,93.47,85.89,58.63,41.18,91.47,80.54,11.5,2,0,0,0,0,0,0,5,175718.54,0.0992,low,0.0
CUST013913,837,excellent,92.44,98.59,96.77,31.01,99.0,89.4462,5.78,18,0,0,0,0,0,0,7,137659.66,0.0688,low,0.0
CUST013914,760,excellent,97.91,85.18,34.9,35.16,80.77,76.6488,11.36,0,1,0,0,0,0,0,1,27300.8,0.029,low,0.0
CUST013915,712,good,61.51,83.4,55.14,44.0,94.63,68.6818,13.4,4,0,4,0,0,0,0,1,35886.45,0.1814,low,0.0
CUST013916,816,excellent,98.94,90.81,79.2,40.27,81.43,85.922,1.4,5,1,0,0,0,0,0,6,116462.91,0.0256,low,0.0
CUST013917,796,excellent,95.77,97.85,33.73,48.27,98.4,82.5985,0.57,1,0,0,0,0,0,0,0,368602.97,0.0665,low,0.0
CUST013918,763,excellent,85.96,89.84,45.13,35.62,98.15,77.1882,12.8,2,0,0,0,0,0,0,0,276030.3,0.1174,low,0.0
CUST013919,765,excellent,49.98,99.3,97.52,73.81,81.86,77.4765,8.48,10,1,2,0,0,0,1,5,117362.19,0.9634,low,0.1667
CUST013920,776,excellent,98.23,96.01,15.97,42.25,94.59,79.2636,4.85,0,0,0,0,0,0,0,7,29609.21,0.0434,low,0.0
CUST013921,772,excellent,85.32,94.04,48.86,35.25,98.18,78.7476,4.74,1,0,0,0,0,0,0,1,256055.46,0.0487,low,0.0
CUST013922,730,good,66.5,82.93,67.5,41.8,92.24,71.6823,10.18,7,0,0,0,0,0,0,4,82357.94,0.1022,low,0.0
CUST013923,829,excellent,98.38,94.93,75.23,48.36,90.84,88.1169,9.0,8,1,0,0,0,0,0,7,65133.26,0.0224,low,0.0
CUST013924,741,good,93.72,77.57,40.24,31.94,81.86,73.4895,13.63,1,1,0,0,0,0,0,2,35662.88,0.0792,low,0.0
CUST013925,612,high_risk,3.8,90.51,84.65,49.97,57.55,51.9341,4.86,8,4,1,1,1,1,0,1,204446.67,0.5257,low,0.0
CUST013926,802,excellent,93.03,75.22,96.34,52.11,88.24,83.6141,10.18,18,1,0,0,0,0,1,6,26287.21,0.9718,low,0.1429
CUST013927,845,excellent,97.44,87.77,87.47,75.36,96.75,90.765,14.28,18,0,0,0,0,0,1,1,38770.96,0.9438,low,0.5
CUST013928,632,high_risk,34.34,51.5,90.04,61.18,82.38,55.3298,62.33,15,1,2,0,0,0,0,2,176603.87,0.0167,low,0.0
CUST013929,645,high_risk,19.65,96.27,92.32,38.5,40.12,57.4693,5.37,15,3,4,0,0,1,0,6,77975.28,0.2583,low,0.0
CUST013930,827,excellent,85.53,99.83,75.51,83.22,82.19,87.7509,5.3,6,1,0,0,0,0,2,5,50368.21,0.5836,low,0.2857
CUST013931,792,excellent,94.85,94.58,47.68,45.29,87.05,81.9576,2.83,3,1,0,0,0,0,0,7,58405.43,0.0032,low,0.0
CUST013932,820,excellent,93.21,99.65,74.13,32.05,97.47,86.5914,6.79,7,0,0,0,0,0,0,3,172297.32,0.1521,low,0.0
CUST013933,678,risky,40.46,92.03,69.57,41.49,67.25,63.0788,2.7,8,2,1,0,0,0,0,4,104676.31,0.1841,low,0.0
CUST013934,833,excellent,90.8,97.35,98.47,37.97,93.2,88.8738,4.27,14,0,0,0,0,0,0,5,30402.72,0.1625,low,0.0
CUST013935,797,excellent,87.15,99.26,58.72,51.11,85.62,82.7623,6.75,2,1,0,0,0,0,1,5,101976.09,0.9169,low,0.1667
CUST013936,792,excellent,89.54,83.98,69.76,69.5,80.1,81.9583,14.26,9,1,0,0,0,0,1,1,60750.25,0.4526,low,0.5
CUST013937,782,excellent,96.09,82.75,52.62,46.21,93.2,80.2896,14.05,2,0,0,0,0,0,0,0,282917.8,0.1368,low,0.0
CUST013938,720,good,41.67,92.88,98.56,44.38,83.78,70.0473,0.46,17,1,1,0,0,0,0,3,12641.87,0.2327,low,0.0
CUST013939,711,good,62.55,88.95,42.39,43.08,91.93,68.4383,11.65,1,1,4,0,0,0,0,7,105185.88,0.0148,low,0.0
CUST013940,562,high_risk,1.27,77.89,90.52,31.97,31.16,43.7049,10.82,13,6,2,0,1,1,0,1,168319.58,0.5871,low,0.0
CUST013941,835,excellent,87.24,92.28,93.05,74.75,95.21,89.1722,7.61,11,0,0,0,0,0,1,3,18657.05,0.454,low,0.25
CUST013942,784,excellent,85.05,97.24,41.13,74.91,81.35,80.7341,7.74,1,1,0,0,0,0,1,6,34141.01,0.8869,low,0.1429
CUST013943,589,high_risk,10.33,76.76,93.67,35.4,39.14,48.1501,10.85,19,5,2,1,1,1,0,0,94466.68,0.221,low,0.0
CUST013944,749,good,91.92,86.22,21.55,50.65,85.42,74.8769,14.21,0,1,0,0,0,0,1,7,54789.96,0.8193,low,0.125
CUST013945,818,excellent,89.77,96.2,86.01,34.11,97.59,86.3539,8.75,20,0,0,0,0,0,0,0,115519.99,0.0013,low,0.0
CUST013946,731,good,53.97,97.41,71.37,30.32,99.42,71.7891,0.34,6,0,2,0,0,0,0,5,369072.57,0.0433,low,0.0
CUST013947,673,risky,50.89,83.08,37.01,47.73,90.36,62.0982,13.47,1,0,4,0,0,0,0,7,434426.8,0.1087,low,0.0
CUST013948,792,excellent,73.68,92.03,99.55,46.01,90.55,81.9849,6.15,20,0,0,0,0,0,0,3,196686.47,0.0729,low,0.0
CUST013949,820,excellent,94.76,77.93,98.75,54.05,99.79,86.7426,10.02,12,0,0,0,0,0,1,2,49669.15,0.956,low,0.3333
CUST013950,773,excellent,96.76,95.39,18.13,44.27,91.91,78.822,6.43,0,0,0,0,0,0,0,2,152023.99,0.1413,low,0.0
CUST013951,840,excellent,95.52,89.87,88.25,64.24,98.98,89.9532,6.94,12,0,0,0,0,0,1,3,132525.37,0.8298,low,0.25
CUST013952,832,excellent,91.94,88.61,93.73,66.15,91.71,88.607,6.46,11,0,0,0,0,0,1,3,33116.41,0.6074,low,0.25
CUST013953,715,good,41.34,96.24,84.09,40.9,91.18,69.1633,2.54,6,1,4,0,0,0,0,3,154862.68,0.1706,low,0.0
CUST013954,797,excellent,87.29,89.65,89.53,33.02,87.04,82.8834,2.07,12,1,0,0,0,0,0,2,83110.06,0.0194,low,0.0
CUST013955,823,excellent,86.54,97.92,58.63,89.42,97.42,87.1429,2.19,3,0,0,0,0,0,2,6,21702.02,0.8304,low,0.25
CUST013956,795,excellent,90.33,82.48,91.21,33.77,90.78,82.4972,12.53,10,1,0,0,0,0,0,7,239878.06,0.0794,low,0.0
CUST013957,814,excellent,92.77,90.69,64.91,78.64,83.53,85.6303,8.84,3,1,0,0,0,0,1,6,31017.75,0.724,low,0.1429
CUST013958,662,risky,51.13,89.99,47.59,39.57,42.98,60.2891,6.96,3,3,4,0,0,0,0,6,138511.35,0.2357,low,0.0
CUST013959,783,excellent,97.51,77.5,65.25,33.8,99.24,80.4691,12.65,8,0,0,0,0,0,0,1,15839.25,0.0823,low,0.0
CUST013960,678,risky,42.9,86.82,79.06,45.77,54.56,62.9543,11.57,5,3,4,0,0,0,0,3,111209.26,0.0221,low,0.0
CUST013961,814,excellent,88.27,92.09,84.73,59.12,85.61,85.7048,3.11,9,1,0,0,0,0,1,0,117296.83,0.3465,low,0.5
CUST013962,767,excellent,87.18,92.29,54.7,48.52,65.87,77.8462,1.72,2,2,0,0,0,0,1,1,330512.1,0.8921,low,0.5
CUST013963,787,excellent,89.86,95.14,48.98,40.96,96.66,81.1037,7.1,1,0,0,0,0,0,0,1,161541.83,0.0058,low,0.0
CUST013964,775,excellent,77.93,91.26,70.88,46.75,91.96,79.1532,0.85,5,0,1,0,0,0,0,5,60593.44,0.0932,low,0.0
CUST013965,844,excellent,99.72,86.37,90.77,67.63,94.69,90.6607,10.24,11,0,0,0,0,0,1,0,74789.13,0.6205,low,0.5
CUST013966,815,excellent,92.78,83.09,77.43,78.01,90.98,85.915,11.44,7,0,0,0,0,0,2,2,135958.6,0.8976,low,0.5
CUST013967,675,risky,49.83,90.54,49.82,49.58,54.63,62.497,3.51,2,4,2,0,0,0,0,1,84589.78,0.1566,low,0.0
CUST013968,805,excellent,91.39,93.03,64.91,53.21,92.05,84.1606,5.41,2,0,0,0,0,0,1,7,63432.52,0.9496,low,0.125
CUST013969,795,excellent,90.76,92.25,59.66,47.08,93.9,82.4867,7.07,4,0,0,0,0,0,0,5,85505.94,0.1236,low,0.0
CUST013970,746,good,91.75,78.95,37.22,31.13,98.94,74.3875,14.99,1,0,0,0,0,0,0,0,210851.56,0.0288,low,0.0
CUST013971,765,excellent,67.7,89.23,69.1,75.01,91.8,77.5104,6.51,8,1,0,0,0,0,2,4,70932.47,0.351,low,0.3333
CUST013972,734,good,72.19,88.36,50.06,57.34,72.51,72.2675,8.36,4,2,1,0,0,0,1,6,60220.76,0.3479,low,0.1429
CUST013973,821,excellent,91.92,99.4,72.63,55.5,83.89,86.8257,3.64,9,1,0,0,0,0,1,1,25008.39,0.7839,low,0.5
CUST013974,805,excellent,95.29,82.51,87.4,36.64,92.97,84.1731,14.05,10,0,0,0,0,0,0,4,109211.54,0.002,low,0.0
CUST013975,824,excellent,98.96,96.99,84.66,39.75,69.46,87.3511,0.53,8,2,0,0,0,0,0,4,37271.25,0.1002,low,0.0
CUST013976,690,risky,65.35,89.17,10.53,45.06,93.56,65.0677,11.61,0,0,0,0,0,0,0,0,174197.33,0.1171,low,0.0
CUST013977,799,excellent,90.02,80.96,81.97,50.91,99.35,83.1152,27.11,7,0,0,0,0,0,0,7,1269928.98,0.0049,low,0.0
CUST013978,826,excellent,88.6,91.84,97.99,52.47,92.34,87.7401,5.22,10,0,0,0,0,0,1,1,255380.82,0.377,low,0.5
CUST013979,733,good,54.68,96.52,94.01,32.05,67.26,72.1262,1.79,10,2,4,0,0,0,0,2,148801.81,0.0605,low,0.0
CUST013980,765,excellent,95.21,89.76,48.98,31.65,67.64,77.5286,3.29,2,2,0,0,0,0,0,2,115449.47,0.0099,low,0.0
CUST013981,706,good,63.95,95.3,54.58,31.49,53.49,67.6577,3.56,4,4,3,0,0,0,0,5,43696.04,0.0905,low,0.0
CUST013982,753,excellent,88.83,88.32,36.57,32.0,91.73,75.4476,5.75,1,0,0,0,0,0,0,1,18950.94,0.1315,low,0.0
CUST013983,701,good,62.91,82.7,65.99,33.1,67.22,66.7601,11.85,6,2,4,0,0,0,0,7,52111.58,0.0797,low,0.0
CUST013984,824,excellent,93.48,94.96,91.01,33.32,91.7,87.36,6.53,17,1,0,0,0,0,0,3,121549.47,0.1062,low,0.0
CUST013985,816,excellent,87.54,97.82,87.95,34.99,93.29,86.0058,0.59,14,0,0,0,0,0,0,5,114725.06,0.0892,low,0.0
CUST013986,709,good,45.32,81.03,80.99,76.77,82.23,68.2183,12.93,8,1,2,0,0,0,1,1,9952.41,0.9879,low,0.5
CUST013987,787,excellent,88.16,85.54,71.22,47.32,92.39,81.1736,13.76,8,0,0,0,0,0,0,7,28151.34,0.1107,low,0.0
CUST013988,789,excellent,96.9,88.41,46.32,48.72,93.09,81.5654,11.23,2,0,0,0,0,0,0,1,99297.44,0.1268,low,0.0
CUST013989,856,excellent,99.63,96.55,91.39,69.52,81.8,92.675,8.09,20,1,0,0,0,0,1,7,52222.41,0.8366,low,0.125
CUST013990,718,good,53.49,87.1,88.4,57.03,59.37,69.7499,23.11,12,3,4,0,0,0,0,1,71909.54,0.147,low,0.0
CUST013991,742,good,86.58,93.27,14.55,32.92,98.4,73.6,5.15,0,0,0,0,0,0,0,4,53128.32,0.0089,low,0.0
CUST013992,758,excellent,78.79,99.04,38.17,34.39,98.23,76.276,1.82,1,0,1,0,0,0,0,1,38650.23,0.0787,low,0.0
CUST013993,838,excellent,94.62,93.57,77.53,77.38,90.89,89.6438,3.32,6,0,0,0,0,0,1,4,197977.27,0.707,low,0.2
CUST013994,765,excellent,89.03,79.39,48.63,60.25,91.98,77.4962,10.51,3,1,0,0,0,0,1,1,85363.25,0.7054,low,0.5
CUST013995,771,excellent,86.4,89.12,47.58,46.99,97.63,78.5751,2.97,1,0,0,0,0,0,0,1,87061.92,0.0332,low,0.0
CUST013996,800,excellent,96.54,94.8,50.83,45.2,90.28,83.4013,1.17,4,0,0,0,0,0,0,0,52468.07,0.0229,low,0.0
CUST013997,800,excellent,94.95,92.92,62.07,37.91,91.57,83.3641,6.37,2,1,0,0,0,0,0,3,74078.68,0.0127,low,0.0
CUST013998,847,excellent,98.68,95.53,81.54,63.87,94.34,91.2484,6.53,7,0,0,0,0,0,1,5,90481.51,0.6927,low,0.1667
CUST013999,727,good,74.04,87.78,43.02,39.99,84.93,71.1914,13.51,1,1,1,0,0,0,0,3,60188.73,0.064,low,0.0
CUST014000,798,excellent,95.84,98.45,45.65,41.08,89.9,83.0271,4.08,1,1,0,0,0,0,0,0,23340.82,0.1289,low,0.0
CUST014001,797,excellent,96.15,81.37,71.76,48.82,90.77,82.7836,13.1,6,1,0,0,0,0,0,7,43492.62,0.0905,low,0.0
CUST014002,574,high_risk,0.69,94.74,55.63,33.16,53.81,45.7019,2.77,3,4,1,1,1,1,0,5,142806.73,0.4031,low,0.0
CUST014003,773,excellent,85.1,95.78,54.32,33.01,88.3,78.7961,4.88,2,1,0,0,0,0,0,2,120453.56,0.0816,low,0.0
CUST014004,761,excellent,66.33,84.6,99.83,40.79,91.78,76.8292,12.11,14,1,0,0,0,0,0,2,118343.24,0.1486,low,0.0
CUST014005,808,excellent,89.49,86.06,80.58,60.97,94.01,84.7226,19.44,7,0,0,0,0,0,1,4,256481.66,0.6752,low,0.2
CUST014006,799,excellent,87.57,87.73,98.25,31.47,82.54,83.1073,11.88,15,1,0,0,0,0,0,4,285035.54,0.0991,low,0.0
CUST014007,804,excellent,89.11,93.37,70.81,61.93,80.52,84.0665,4.39,7,1,0,0,0,0,2,7,199847.72,0.9677,low,0.2222
CUST014008,683,risky,41.66,89.7,49.83,66.45,91.52,63.7615,6.49,3,0,3,0,0,0,1,0,611610.94,1.4053,low,0.5
CUST014009,812,excellent,89.94,92.29,67.72,61.97,97.96,85.3183,9.85,8,0,0,0,0,0,1,4,17580.73,0.4064,low,0.2
CUST014010,784,excellent,93.81,91.47,45.79,38.5,96.99,80.6909,0.83,2,0,0,0,0,0,0,5,595836.49,0.0926,low,0.0
CUST014011,698,risky,43.48,83.5,89.73,75.95,59.5,66.2703,13.03,18,4,1,0,0,0,1,3,37062.0,1.1086,low,0.25
CUST014012,857,excellent,99.11,96.02,97.55,47.88,98.69,92.7834,0.99,19,0,0,0,0,0,0,2,160704.47,0.1394,low,0.0
CUST014013,699,risky,40.69,96.63,89.0,34.87,64.94,66.5619,4.48,18,3,1,0,0,0,0,3,111002.63,0.0223,low,0.0
CUST014014,675,risky,37.46,81.87,86.06,46.59,72.66,62.5074,12.81,11,2,1,0,0,0,0,2,254789.15,0.2087,low,0.0
CUST014015,779,excellent,88.0,88.87,61.23,38.44,94.24,79.9132,3.91,4,0,0,0,0,0,0,1,43948.34,0.1299,low,0.0
CUST014016,749,good,87.49,80.94,56.74,35.99,78.65,74.8774,11.27,2,2,0,0,0,0,0,1,522674.83,0.0985,low,0.0
CUST014017,838,excellent,87.99,98.33,90.68,63.21,94.84,89.7031,2.65,14,0,0,0,0,0,1,4,815853.86,0.7667,low,0.2
CUST014018,803,excellent,88.41,98.89,66.41,36.17,96.08,83.7957,9.47,8,0,0,0,0,0,0,7,382112.92,0.1271,low,0.0
CUST014019,727,good,62.93,88.22,87.25,35.29,60.01,71.1073,4.95,14,3,2,0,0,0,0,7,361142.08,0.2456,low,0.0
CUST014020,829,excellent,92.12,85.34,94.77,62.21,98.68,88.1466,11.95,11,0,0,0,0,0,1,1,323567.66,0.9583,low,0.5
CUST014021,825,excellent,86.78,94.11,80.32,73.49,95.11,87.5137,3.4,8,0,0,0,0,0,1,3,42908.15,0.6541,low,0.25
CUST014022,750,excellent,90.21,90.7,22.03,32.79,97.14,75.0812,9.72,0,0,0,0,0,0,0,4,30139.66,0.0614,low,0.0
CUST014023,747,good,52.55,89.44,96.86,61.55,86.54,74.5627,0.08,12,1,3,0,0,0,1,4,44778.36,0.8807,low,0.2
CUST014024,819,excellent,86.83,93.67,98.62,58.88,72.69,86.443,9.27,11,2,0,0,0,0,1,2,212656.01,0.389,low,0.3333
CUST014025,820,excellent,86.09,94.04,85.86,62.11,92.82,86.7144,6.16,10,0,0,0,0,0,1,0,58500.49,0.8183,low,0.5
CUST014026,774,excellent,93.86,97.67,25.94,34.12,95.39,78.9965,6.09,0,0,0,0,0,0,0,0,156469.9,0.0318,low,0.0
CUST014027,833,excellent,97.72,86.46,87.44,61.78,94.44,88.8781,10.04,12,0,0,0,0,0,1,4,40907.13,0.6297,low,0.2
CUST014028,743,good,89.56,92.75,23.31,34.64,77.7,73.903,4.51,0,2,0,0,0,0,0,4,152110.07,0.082,low,0.0
CUST014029,815,excellent,97.77,75.04,94.06,63.69,85.41,85.7517,14.99,20,1,0,0,0,0,1,1,377811.47,0.7874,low,0.5
CUST014030,820,excellent,92.38,88.86,82.76,60.09,92.14,86.627,11.88,6,0,0,0,0,0,1,5,140715.03,0.7164,low,0.1667
CUST014031,694,risky,53.07,97.63,39.7,48.56,70.3,65.7017,6.81,1,2,2,0,0,0,0,7,153151.56,0.0891,low,0.0
CUST014032,732,good,85.39,83.17,27.54,39.58,91.24,72.049,11.34,0,1,0,0,0,0,0,4,81878.78,0.0621,low,0.0
CUST014033,867,excellent,99.37,95.75,98.01,63.12,99.13,94.43,7.89,16,0,0,0,0,0,1,1,69357.78,0.5112,low,0.5
CUST014034,825,excellent,98.61,82.38,66.9,81.91,99.94,87.4473,22.17,5,0,0,0,0,0,2,6,448433.38,0.5765,low,0.25
CUST014035,878,excellent,96.8,98.42,97.69,93.01,90.35,96.3976,8.97,15,0,0,0,0,0,2,3,51437.25,0.9478,low,0.4
CUST014036,782,excellent,87.08,77.99,89.39,36.45,94.38,80.3654,13.06,18,0,0,0,0,0,0,2,236984.12,0.1174,low,0.0
CUST014037,834,excellent,99.65,91.0,86.28,54.73,83.29,88.9215,2.26,19,1,0,0,0,0,1,1,236113.7,0.9055,low,0.5
CUST014038,731,good,89.97,88.13,12.42,35.02,85.82,71.8749,6.43,0,1,0,0,0,0,0,6,450675.64,0.1464,low,0.0
CUST014039,823,excellent,97.98,87.92,96.23,31.66,89.22,87.1918,14.0,16,1,0,0,0,0,0,2,80144.7,0.0963,low,0.0
CUST014040,699,risky,56.23,90.7,67.72,45.21,48.98,66.4657,9.03,9,3,2,0,0,0,0,3,368900.38,0.2278,low,0.0
CUST014041,819,excellent,87.31,94.94,92.13,37.31,99.57,86.5509,5.04,13,0,0,0,0,0,0,7,38221.61,0.1143,low,0.0
CUST014042,727,good,53.24,97.69,68.75,42.8,86.3,71.1624,7.36,9,1,3,0,0,0,0,7,68145.07,0.0469,low,0.0
CUST014043,799,excellent,97.17,95.11,43.75,49.85,91.44,83.2341,2.49,1,1,0,0,0,0,1,7,59042.76,0.9805,low,0.125
CUST014044,805,excellent,96.31,82.82,65.13,62.63,96.62,84.2482,12.65,9,0,0,0,0,0,1,2,230527.36,0.5925,low,0.3333
CUST014045,794,excellent,92.12,78.24,88.04,49.66,83.77,82.2628,12.94,15,1,0,0,0,0,0,5,311193.52,0.0513,low,0.0
CUST014046,822,excellent,96.95,88.02,84.55,47.18,91.89,86.9273,2.0,7,0,0,0,0,0,1,5,44545.83,0.4727,low,0.1667
CUST014047,789,excellent,91.61,99.07,42.4,41.7,91.74,81.4879,0.49,1,1,0,0,0,0,0,6,743930.24,0.1425,low,0.0
CUST014048,812,excellent,90.54,95.36,72.31,45.96,96.61,85.3974,2.87,7,0,0,0,0,0,0,1,123363.8,0.1103,low,0.0
CUST014049,777,excellent,94.01,96.22,30.99,55.78,75.36,79.5338,6.43,1,2,0,0,0,0,1,0,10901.95,0.7169,low,0.5
CUST014050,813,excellent,97.5,98.83,51.79,40.35,99.38,85.5152,8.86,2,0,0,0,0,0,0,7,310712.16,0.0185,low,0.0
CUST014051,772,excellent,87.52,55.62,98.14,77.68,88.97,78.7036,30.39,20,1,0,0,0,0,1,4,78577.44,0.493,low,0.2
CUST014052,817,excellent,88.77,93.31,85.24,61.27,81.34,86.1103,2.17,11,1,0,0,0,0,1,2,176363.09,0.733,low,0.3333
CUST014053,818,excellent,89.67,95.88,94.61,38.32,81.17,86.2879,7.57,13,1,0,0,0,0,0,1,28462.92,0.1361,low,0.0
CUST014054,632,high_risk,29.38,97.34,48.18,44.3,41.48,55.29,9.69,2,3,3,0,0,1,0,0,122658.41,0.5109,low,0.0
CUST014055,782,excellent,92.49,86.64,47.94,48.73,99.1,80.3399,13.56,3,0,0,0,0,0,0,3,42631.49,0.135,low,0.0
CUST014056,615,high_risk,14.68,98.98,57.91,72.06,27.78,52.5004,8.96,2,5,7,0,0,0,1,1,163598.59,1.6201,moderate,0.5
CUST014057,781,excellent,95.53,84.91,48.09,49.31,91.93,80.2466,25.88,3,0,0,0,0,0,1,4,15800.12,0.9771,low,0.2
CUST014058,818,excellent,85.27,93.98,71.61,76.27,99.01,86.3054,2.58,7,0,0,0,0,0,1,5,75292.0,0.9674,low,0.1667
CUST014059,836,excellent,93.54,92.84,93.77,49.0,97.32,89.2881,6.34,16,0,0,0,0,0,0,0,159534.31,0.0987,low,0.0
CUST014060,676,risky,41.36,97.02,69.67,30.18,55.42,62.5914,2.91,5,3,2,0,0,0,0,1,242409.34,0.123,low,0.0
CUST014061,736,good,85.14,75.14,42.42,43.42,95.61,72.6066,13.98,1,0,0,0,0,0,0,1,35657.01,0.0818,low,0.0
CUST014062,806,excellent,90.98,81.86,72.94,88.28,81.79,84.3491,10.1,8,1,0,0,0,0,2,4,478540.54,0.4145,low,0.3333
CUST014063,812,excellent,87.31,97.92,98.45,39.02,66.92,85.2964,9.58,11,2,0,0,0,0,0,4,117395.76,0.1146,low,0.0
CUST014064,712,good,75.09,85.95,25.91,33.0,93.77,68.6306,13.23,0,0,0,0,0,0,0,6,345575.23,0.137,low,0.0
CUST014065,684,risky,22.43,99.38,89.41,48.38,81.26,64.041,7.28,18,1,6,0,0,0,0,5,38289.9,0.4787,low,0.0
CUST014066,846,excellent,97.26,98.7,89.12,49.54,89.98,90.9712,1.92,13,1,0,0,0,0,1,4,70022.28,0.4073,low,0.2
CUST014067,801,excellent,97.43,75.71,74.93,63.32,90.64,83.447,24.15,9,1,0,0,0,0,1,2,41251.99,0.366,low,0.3333
CUST014068,698,risky,67.8,75.14,34.18,49.7,99.35,66.3058,14.77,0,0,1,0,0,0,0,5,400033.97,0.0108,low,0.0
CUST014069,560,high_risk,21.49,79.42,49.05,38.93,8.13,43.411,11.0,3,7,4,0,0,1,0,0,84038.69,0.5672,low,0.0
CUST014070,839,excellent,88.42,96.48,92.72,62.23,98.51,89.8731,1.3,16,0,0,0,0,0,1,0,100228.42,0.5187,low,0.5
CUST014071,808,excellent,99.74,88.85,59.01,49.84,92.79,84.6787,6.79,3,0,0,0,0,0,0,6,216902.91,0.005,low,0.0
CUST014072,793,excellent,87.15,97.45,71.08,37.63,80.49,82.2094,3.0,9,1,0,0,0,0,0,2,218760.92,0.1523,low,0.0
CUST014073,716,good,72.03,55.48,92.41,47.11,88.74,69.3006,30.36,16,1,0,0,0,0,1,1,274979.41,0.408,low,0.5
CUST014074,726,good,62.33,84.66,91.39,34.58,65.72,70.9539,12.71,19,2,4,0,0,0,0,5,60258.43,0.0015,low,0.0
CUST014075,731,good,60.15,97.6,56.02,38.67,91.74,71.7763,2.25,3,0,3,0,0,0,0,6,553131.79,0.1848,low,0.0
CUST014076,692,risky,44.1,90.61,65.57,40.08,88.36,65.2976,4.97,5,1,4,0,0,0,0,3,50892.33,0.0369,low,0.0
CUST014077,775,excellent,89.72,53.63,97.73,79.04,90.74,79.1306,54.33,11,1,0,0,0,0,1,4,62266.89,0.4178,low,0.2
CUST014078,804,excellent,98.64,84.36,57.23,71.32,84.76,84.0251,11.21,3,1,0,0,0,0,1,6,36699.83,0.8156,low,0.1429
CUST014079,633,high_risk,16.47,90.72,79.69,76.02,39.42,55.4759,9.05,5,5,4,1,0,0,1,7,80264.38,2.1517,moderate,0.125
CUST014080,831,excellent,96.05,98.88,73.44,51.42,90.54,88.4913,9.67,8,1,0,0,0,0,1,1,30016.08,0.9246,low,0.5
CUST014081,818,excellent,86.92,97.69,92.58,37.31,90.32,86.3764,8.12,13,0,0,0,0,0,0,0,391022.98,0.0659,low,0.0
CUST014082,782,excellent,93.62,78.04,66.68,49.78,92.21,80.3779,14.51,5,0,0,0,0,0,1,7,184878.75,0.4979,low,0.125
CUST014083,774,excellent,85.72,86.03,60.62,47.31,93.96,79.031,12.46,3,0,0,0,0,0,0,7,95469.67,0.1167,low,0.0
CUST014084,616,high_risk,26.96,94.91,35.09,69.96,34.7,52.6389,1.94,1,5,8,0,0,0,1,0,36212.62,1.9759,moderate,0.5
CUST014085,794,excellent,99.69,97.97,34.75,37.6,90.37,82.2904,9.96,1,0,0,0,0,0,0,3,32330.52,0.1219,low,0.0
CUST014086,814,excellent,97.61,82.78,77.48,57.05,93.54,85.6777,28.16,7,0,0,0,0,0,0,7,132545.77,0.0263,low,0.0
CUST014087,838,excellent,99.56,89.16,91.92,44.17,98.56,89.6547,8.56,11,0,0,0,0,0,0,5,233983.9,0.0252,low,0.0
CUST014088,768,excellent,93.37,78.77,54.26,45.73,90.12,78.0327,10.62,4,0,0,0,0,0,1,2,11679.55,0.9599,low,0.3333
CUST014089,654,risky,64.4,37.76,87.63,49.4,71.08,59.0612,51.8,18,2,2,0,0,0,0,0,148914.12,0.1234,low,0.0
CUST014090,763,excellent,71.49,92.18,83.23,47.14,73.69,77.2446,6.06,5,2,0,0,0,0,0,1,253880.22,0.136,low,0.0
CUST014091,775,excellent,69.29,95.42,88.88,41.57,88.27,79.1958,0.84,14,1,0,0,0,0,0,6,117805.9,0.0507,low,0.0
CUST014092,809,excellent,88.43,94.11,54.27,79.45,94.84,84.7555,3.57,3,0,0,0,0,0,1,3,445990.89,0.7951,low,0.25
CUST014093,808,excellent,95.3,85.8,76.01,49.15,92.23,84.6347,12.94,6,0,0,0,0,0,0,3,4557.06,0.1269,low,0.0
CUST014094,855,excellent,94.26,93.33,95.11,72.68,99.34,92.4564,9.34,12,0,0,0,0,0,1,5,420381.04,0.5162,low,0.1667
CUST014095,783,excellent,87.52,92.59,60.2,45.06,85.62,80.5079,1.62,4,1,0,0,0,0,0,4,258441.86,0.1198,low,0.0
CUST014096,843,excellent,99.87,89.24,90.82,51.72,99.21,90.4414,3.84,11,0,0,0,0,0,1,5,110094.48,0.4596,low,0.1667
CUST014097,813,excellent,86.83,95.04,73.7,63.66,91.33,85.4581,8.94,6,1,0,0,0,0,1,0,43572.48,0.6957,low,0.5
CUST014098,819,excellent,99.69,93.92,45.24,79.35,86.8,86.47,2.21,1,1,0,0,0,0,1,4,70935.52,0.6862,low,0.2
CUST014099,603,high_risk,13.29,79.11,91.14,71.92,23.15,50.5615,10.36,10,5,4,0,0,0,1,5,693477.63,2.0645,moderate,0.1667
CUST014100,594,high_risk,22.58,91.55,25.1,78.41,30.04,48.9788,4.18,0,5,8,0,0,0,1,4,22005.09,1.8273,moderate,0.2
CUST014101,659,risky,34.11,90.64,83.82,37.65,43.46,59.8137,2.27,5,3,1,0,0,0,0,1,276243.4,0.1574,low,0.0
CUST014102,830,excellent,93.89,86.35,91.59,61.05,96.53,88.2647,10.15,17,0,0,0,0,0,1,0,211746.4,0.655,low,0.5
CUST014103,753,excellent,89.92,76.02,36.56,64.3,93.84,75.5779,14.55,1,0,0,0,0,0,2,1,331733.87,0.7774,low,0.6667
CUST014104,719,good,59.23,92.29,77.41,31.09,66.7,69.8071,9.3,9,2,4,0,0,0,0,0,59333.94,0.1134,low,0.0
CUST014105,720,good,62.84,95.03,60.86,35.47,67.89,69.9681,4.79,2,2,3,0,0,0,0,6,11959.72,0.1015,low,0.0
CUST014106,774,excellent,65.92,88.69,94.73,64.41,87.51,79.0793,7.52,10,1,0,0,0,0,1,4,64871.98,0.6033,low,0.2
CUST014107,819,excellent,87.85,94.25,94.12,38.65,95.72,86.578,5.7,16,0,0,0,0,0,0,1,87893.93,0.0793,low,0.0
CUST014108,741,good,90.03,56.14,65.25,60.84,92.58,73.4834,42.95,6,0,0,0,0,0,0,2,108911.25,0.0868,low,0.0
CUST014109,848,excellent,90.9,98.18,94.57,66.91,91.65,91.3124,9.21,14,1,0,0,0,0,1,3,188298.46,0.9897,low,0.25
CUST014110,594,high_risk,1.06,93.17,76.32,36.9,55.28,48.9882,4.76,8,4,2,0,1,1,0,3,327869.17,0.1884,low,0.0
CUST014111,660,risky,55.99,89.35,31.33,45.12,43.45,59.9568,5.56,1,3,2,0,0,0,0,2,20162.25,0.0546,low,0.0
CUST014112,768,excellent,85.1,84.15,40.44,78.22,91.34,78.0541,14.21,1,1,0,0,0,0,1,2,79197.22,0.3809,low,0.3333
CUST014113,831,excellent,99.75,97.53,70.19,46.42,91.1,88.4515,1.59,9,1,0,0,0,0,0,2,147090.73,0.1192,low,0.0
CUST014114,847,excellent,95.94,99.54,92.8,44.79,94.05,91.2429,2.22,14,0,0,0,0,0,0,1,210213.22,0.0156,low,0.0
CUST014115,835,excellent,99.66,81.87,91.37,79.14,80.33,89.0944,12.21,16,1,0,0,0,0,2,0,49038.87,0.9217,low,0.6667
CUST014116,752,excellent,71.28,93.56,58.84,37.77,96.3,75.2517,3.41,2,0,0,0,0,0,0,7,59609.88,0.1624,low,0.0
CUST014117,606,high_risk,10.05,89.99,66.9,46.13,58.78,51.0393,11.6,6,4,7,1,0,1,0,2,37300.04,0.6259,low,0.0
CUST014118,758,excellent,77.51,88.22,47.74,69.56,86.08,76.3199,5.86,3,1,1,0,0,0,1,7,66232.81,0.6642,low,0.125
CUST014119,673,risky,53.79,55.53,85.35,68.08,70.64,62.1596,30.11,14,2,1,0,0,0,1,7,236198.29,0.7106,low,0.125
CUST014120,799,excellent,90.9,96.6,59.99,33.68,99.35,83.0945,1.12,2,0,0,0,0,0,0,2,136110.92,0.112,low,0.0
CUST014121,840,excellent,96.78,86.11,97.08,75.62,81.4,89.9689,10.49,19,1,0,0,0,0,1,7,201873.14,0.8551,low,0.125
CUST014122,844,excellent,97.31,97.88,89.32,40.13,98.42,90.6736,3.19,17,0,0,0,0,0,0,3,149621.28,0.0831,low,0.0
CUST014123,664,risky,18.61,98.77,71.21,46.78,91.39,60.6437,9.57,6,1,3,0,0,1,0,5,67965.06,0.3195,low,0.0
CUST014124,729,good,40.97,95.62,94.69,79.47,63.75,71.549,2.55,11,4,4,0,0,0,1,7,33543.69,0.8322,low,0.125
CUST014125,829,excellent,95.36,96.07,77.33,48.83,95.19,88.1992,3.43,8,0,0,0,0,0,0,7,58092.4,0.1419,low,0.0
CUST014126,633,high_risk,40.35,93.27,32.25,33.56,52.47,55.5462,1.28,1,4,4,0,0,0,0,2,81487.67,0.2267,low,0.0
CUST014127,808,excellent,78.88,87.69,93.4,75.04,92.41,84.6698,14.11,16,0,1,0,0,0,1,5,55340.8,0.6622,low,0.1667
CUST014128,750,excellent,71.61,83.78,64.54,69.63,81.59,74.999,10.62,4,1,0,0,0,0,1,2,139610.26,0.9317,low,0.3333
CUST014129,807,excellent,97.32,79.97,89.66,48.05,82.19,84.5263,11.12,15,1,0,0,0,0,0,3,130004.35,0.0921,low,0.0
CUST014130,702,good,70.37,96.74,12.91,31.18,83.4,67.0456,1.22,0,1,0,0,0,0,0,2,42538.61,0.1542,low,0.0
CUST014131,826,excellent,89.79,77.88,95.67,91.18,93.64,87.6244,12.96,11,0,0,0,0,0,2,7,51708.11,0.8353,low,0.2222
CUST014132,710,good,43.17,93.38,95.58,30.41,79.13,68.4146,8.12,12,2,3,0,0,0,0,1,205266.32,0.1053,low,0.0
CUST014133,811,excellent,77.04,96.25,90.1,63.4,94.92,85.1867,2.71,18,0,0,0,0,0,1,0,152444.64,0.3882,low,0.5
CUST014134,813,excellent,90.62,94.47,70.56,49.27,98.78,85.4468,0.28,9,0,0,0,0,0,0,1,150065.95,0.1122,low,0.0
CUST014135,827,excellent,92.55,94.26,91.8,42.02,91.13,87.7568,9.74,14,0,0,0,0,0,0,3,51046.19,0.0235,low,0.0
CUST014136,798,excellent,97.61,88.92,62.44,44.81,83.36,83.0224,5.15,4,1,0,0,0,0,0,2,109397.38,0.038,low,0.0
CUST014137,822,excellent,90.83,92.83,98.21,33.15,92.74,86.9588,8.53,19,0,0,0,0,0,0,4,117546.02,0.0114,low,0.0
CUST014138,851,excellent,95.84,90.4,93.88,71.83,98.32,91.7624,1.56,10,0,0,0,0,0,1,3,421174.06,0.5936,low,0.25
CUST014139,759,excellent,87.03,77.11,63.65,33.94,99.96,76.5299,14.89,2,0,0,0,0,0,0,6,258127.78,0.1507,low,0.0
CUST014140,817,excellent,97.45,86.5,95.41,32.64,85.0,86.1312,12.52,15,1,0,0,0,0,0,4,77128.62,0.1661,low,0.0
CUST014141,637,high_risk,28.17,99.76,54.7,48.28,33.05,56.1266,1.43,2,5,8,0,0,1,0,1,168934.57,0.5143,low,0.0
CUST014142,790,excellent,79.03,95.77,93.86,36.33,76.43,81.7441,0.69,16,2,1,0,0,0,0,2,97719.92,0.1544,low,0.0
CUST014143,733,good,60.68,98.62,59.08,30.25,95.21,72.2346,7.76,4,0,3,0,0,0,0,3,217444.63,0.0882,low,0.0
CUST014144,675,risky,47.13,90.93,54.14,41.25,65.14,62.5341,8.15,2,2,3,0,0,0,0,6,79489.84,0.0864,low,0.0
CUST014145,820,excellent,98.9,86.22,86.11,35.53,97.52,86.7035,13.39,12,0,0,0,0,0,0,6,86910.55,0.0924,low,0.0
CUST014146,812,excellent,94.88,90.41,90.06,33.46,82.25,85.4132,8.97,16,1,0,0,0,0,0,2,13745.13,0.1195,low,0.0
CUST014147,787,excellent,93.93,98.12,49.44,32.39,82.68,81.2334,6.15,1,1,0,0,0,0,0,5,30345.26,0.0891,low,0.0
CUST014148,838,excellent,97.23,89.05,86.71,77.55,81.59,89.6668,5.2,12,1,0,0,0,0,1,5,74405.92,0.4846,low,0.1667
CUST014149,840,excellent,88.3,99.43,98.62,46.52,98.8,90.0568,8.83,13,0,0,0,0,0,0,3,284809.31,0.0771,low,0.0
CUST014150,836,excellent,87.68,99.32,92.97,65.14,84.48,89.3886,6.19,16,1,0,0,0,0,1,0,93944.68,0.71,low,0.5
CUST014151,839,excellent,92.27,93.48,97.5,55.38,92.96,89.7982,6.66,11,0,0,0,0,0,1,4,31059.63,0.4542,low,0.2
CUST014152,788,excellent,88.73,86.09,78.49,48.09,78.43,81.3113,14.2,7,2,0,0,0,0,0,5,26491.28,0.1532,low,0.0
CUST014153,715,good,50.61,98.91,73.74,45.43,60.95,69.0861,8.97,8,4,4,0,0,0,0,6,274974.28,0.1147,low,0.0
CUST014154,803,excellent,99.91,82.45,61.47,53.38,96.03,83.8656,11.2,3,0,0,0,0,0,1,0,30004.37,0.9693,low,0.5
CUST014155,713,good,57.49,82.64,95.86,49.99,45.81,68.8715,13.76,11,4,3,0,0,0,0,6,284486.64,0.211,low,0.0
CUST014156,803,excellent,87.86,90.27,87.94,37.64,90.38,83.8254,2.66,16,1,0,0,0,0,0,3,37249.81,0.0938,low,0.0
CUST014157,777,excellent,91.73,96.5,34.43,38.04,94.88,79.5109,0.46,1,0,0,0,0,0,0,0,704492.45,0.0333,low,0.0
CUST014158,801,excellent,85.25,85.56,73.66,73.14,96.4,83.5078,12.98,8,0,0,0,0,0,1,1,148455.08,0.7104,low,0.5
CUST014159,820,excellent,86.12,95.54,92.08,49.24,90.79,86.6201,4.29,14,0,0,0,0,0,0,3,200338.94,0.0638,low,0.0
CUST014160,538,high_risk,8.55,82.32,40.89,35.27,23.09,39.6592,12.59,1,7,7,1,0,1,0,0,42248.59,0.4774,low,0.0
CUST014161,774,excellent,99.02,90.17,22.16,46.06,94.14,79.0512,0.49,0,0,0,0,0,0,0,7,125117.65,0.0778,low,0.0
CUST014162,774,excellent,97.16,80.76,46.47,47.45,90.4,78.9909,13.84,4,0,0,0,0,0,0,2,29795.62,0.0602,low,0.0
CUST014163,785,excellent,96.8,86.01,45.6,58.48,84.52,80.8198,20.86,2,1,0,0,0,0,0,2,37928.1,0.1182,low,0.0
CUST014164,798,excellent,93.31,79.2,70.31,64.02,96.0,82.966,11.62,6,0,0,0,0,0,1,3,45241.27,0.5669,low,0.25
CUST014165,786,excellent,89.54,85.47,69.12,40.88,95.8,81.0156,10.75,6,0,0,0,0,0,0,6,47384.73,0.0666,low,0.0
CUST014166,822,excellent,92.4,89.41,89.69,60.01,83.74,86.9897,6.95,16,1,0,0,0,0,1,6,139078.63,0.7181,low,0.1429
CUST014167,807,excellent,85.83,90.33,99.1,46.11,79.62,84.5786,6.89,19,2,0,0,0,0,1,2,182235.95,0.9241,low,0.3333
CUST014168,801,excellent,94.04,90.55,61.4,53.66,88.66,83.5227,3.57,2,1,0,0,0,0,1,5,53000.12,0.3413,low,0.1667
CUST014169,715,good,90.35,77.05,14.27,32.43,90.16,69.1368,14.63,0,0,0,0,0,0,0,0,314109.92,0.1663,low,0.0
CUST014170,656,risky,23.15,91.39,93.12,61.98,46.82,59.3662,6.1,10,4,4,0,0,0,1,2,86705.95,1.4588,low,0.3333
CUST014171,690,risky,42.83,77.78,86.12,63.79,73.52,64.9764,28.1,14,2,2,0,0,0,0,7,123080.46,0.1928,low,0.0
CUST014172,844,excellent,92.62,99.25,72.1,78.55,97.44,90.6049,3.87,6,0,0,0,0,0,1,5,77236.25,0.7316,low,0.1667
CUST014173,827,excellent,93.56,96.56,91.52,30.33,94.16,87.892,3.97,13,0,0,0,0,0,0,1,22205.76,0.084,low,0.0
CUST014174,798,excellent,93.84,89.84,61.88,46.65,92.14,82.9578,8.32,4,0,0,0,0,0,0,7,228794.19,0.0977,low,0.0
CUST014175,778,excellent,94.67,88.29,44.32,41.05,93.27,79.6991,10.37,1,0,0,0,0,0,0,6,139878.03,0.0006,low,0.0
CUST014176,744,good,65.38,92.62,65.67,46.24,88.72,74.014,8.17,9,1,1,0,0,0,0,1,60784.08,0.1305,low,0.0
CUST014177,748,good,53.25,97.14,99.57,47.18,72.4,74.6748,8.7,14,2,3,0,0,0,0,0,113592.51,0.0935,low,0.0
CUST014178,830,excellent,89.5,95.37,96.08,47.52,92.22,88.3234,5.55,10,0,0,0,0,0,0,1,71407.68,0.0352,low,0.0
CUST014179,817,excellent,96.72,80.46,92.32,49.69,92.92,86.0989,10.02,18,0,0,0,0,0,0,6,697108.28,0.1434,low,0.0
CUST014180,666,risky,45.68,99.56,29.33,37.71,69.12,60.94,6.25,0,2,4,0,0,0,0,5,69272.59,0.0407,low,0.0
CUST014181,781,excellent,90.94,89.79,53.94,35.01,97.85,80.1414,3.53,2,0,0,0,0,0,0,6,22692.22,0.0965,low,0.0
CUST014182,777,excellent,97.86,83.52,58.13,32.42,82.97,79.5625,10.55,2,1,0,0,0,0,0,0,93125.56,0.0886,low,0.0
CUST014183,781,excellent,89.52,65.64,87.76,69.94,89.15,80.0984,45.16,14,1,0,0,0,0,1,7,66758.54,0.6472,low,0.125
CUST014184,769,excellent,88.61,83.89,54.79,42.59,95.02,78.1603,14.69,4,0,0,0,0,0,0,0,26829.42,0.0413,low,0.0
CUST014185,845,excellent,95.1,93.5,80.66,79.66,94.64,90.8631,0.7,7,0,0,0,0,0,1,3,111529.44,0.67,low,0.25
CUST014186,795,excellent,92.79,77.87,91.15,36.48,93.76,82.5332,10.74,15,0,0,0,0,0,0,7,864992.62,0.1424,low,0.0
CUST014187,835,excellent,90.15,96.62,67.57,90.28,95.3,89.2329,4.03,8,0,0,0,0,0,2,3,266475.08,0.7708,low,0.4
CUST014188,715,good,49.54,78.49,99.85,49.58,82.87,69.1085,13.41,16,1,2,0,0,0,0,0,62933.93,0.0276,low,0.0
CUST014189,658,risky,30.83,76.09,82.2,39.61,97.73,59.683,10.19,7,0,4,0,0,0,0,4,221155.19,0.1,low,0.0
CUST014190,860,excellent,95.58,95.69,91.01,77.5,98.27,93.3901,9.79,15,0,0,0,0,0,1,1,45677.87,0.6578,low,0.5
CUST014191,835,excellent,98.34,94.53,88.83,32.05,97.96,89.1023,3.9,13,0,0,0,0,0,0,5,72559.93,0.0841,low,0.0
CUST014192,668,risky,44.91,96.64,47.89,34.79,59.47,61.3202,6.06,1,3,1,0,0,0,0,7,90553.62,0.1568,low,0.0
CUST014193,741,good,77.82,80.0,56.91,38.11,99.5,73.5374,13.34,2,0,0,0,0,0,0,6,173207.59,0.0708,low,0.0
CUST014194,682,risky,57.56,88.38,30.58,45.62,78.33,63.6401,11.97,1,2,1,0,0,0,0,4,22005.3,0.2317,low,0.0
CUST014195,775,excellent,91.8,95.1,31.83,44.81,92.76,79.1897,6.48,1,0,0,0,0,0,0,4,77065.29,0.1156,low,0.0
CUST014196,839,excellent,93.11,99.37,87.43,75.49,68.37,89.9018,3.82,12,2,0,0,0,0,1,0,214108.21,0.7618,low,0.5
CUST014197,784,excellent,98.95,89.43,37.79,38.6,97.4,80.7286,7.93,1,0,0,0,0,0,0,0,86201.22,0.0587,low,0.0
CUST014198,735,good,60.77,95.68,80.01,62.59,53.08,72.5418,3.79,7,3,1,0,0,0,1,4,22535.76,1.0176,low,0.2
CUST014199,796,excellent,98.93,91.54,41.45,45.94,97.69,82.6681,7.17,1,0,0,0,0,0,1,1,61629.29,0.3876,low,0.5
CUST014200,585,high_risk,8.06,97.46,33.39,45.06,58.62,47.438,4.19,0,4,3,0,1,1,0,2,123463.37,0.208,low,0.0
CUST014201,753,excellent,54.66,98.96,98.42,43.03,76.46,75.5315,4.74,20,2,4,0,0,0,0,6,134586.63,0.0901,low,0.0
CUST014202,811,excellent,87.81,89.2,92.19,40.77,97.44,85.1454,1.81,11,0,0,0,0,0,0,7,159832.67,0.0063,low,0.0
CUST014203,684,risky,42.46,91.87,91.61,36.91,41.13,63.9664,6.13,17,3,1,0,0,0,0,4,61094.34,0.0342,low,0.0
CUST014204,761,excellent,93.76,89.46,30.67,45.13,80.24,76.7936,10.91,1,1,0,0,0,0,0,6,141966.09,0.1372,low,0.0
CUST014205,577,high_risk,29.35,84.48,17.85,33.06,45.23,46.1234,11.56,0,4,4,0,0,1,0,2,39372.21,0.6339,low,0.0
CUST014206,788,excellent,86.89,80.69,88.7,33.64,99.81,81.2701,13.3,20,0,0,0,0,0,0,0,50692.93,0.1379,low,0.0
CUST014207,786,excellent,87.74,89.49,62.59,54.89,85.19,80.953,10.75,3,1,0,0,0,0,1,3,234698.31,0.8144,low,0.25
CUST014208,792,excellent,88.07,92.74,71.38,43.16,83.9,82.0579,0.88,6,1,0,0,0,0,0,1,98954.61,0.0763,low,0.0
CUST014209,753,excellent,53.55,99.79,91.02,49.39,81.9,75.463,7.4,19,1,2,0,0,0,0,7,29193.2,0.2159,low,0.0
CUST014210,766,excellent,92.51,78.4,55.41,64.2,69.66,77.5987,10.5,3,2,0,0,0,0,1,0,17112.67,0.7534,low,0.5
CUST014211,798,excellent,86.2,80.31,89.2,69.21,83.79,82.9411,10.59,20,1,0,0,0,0,1,4,38523.65,0.6928,low,0.2
CUST014212,731,good,53.73,90.44,96.38,34.84,79.69,71.8478,7.49,19,2,2,0,0,0,0,7,39568.39,0.0974,low,0.0
CUST014213,569,high_risk,8.91,96.93,44.43,33.43,25.74,44.7825,9.46,1,5,6,1,0,1,0,6,76311.01,0.5143,low,0.0
CUST014214,816,excellent,97.12,88.51,68.15,60.89,91.38,85.9959,27.79,8,0,0,0,0,0,1,4,66686.42,0.4264,low,0.2
CUST014215,817,excellent,93.52,88.38,93.66,37.07,91.49,86.1517,9.66,10,1,0,0,0,0,0,4,10318.29,0.0808,low,0.0
CUST014216,823,excellent,98.34,98.29,79.54,30.54,82.21,87.1141,8.0,5,1,0,0,0,0,0,3,180957.62,0.0375,low,0.0
CUST014217,731,good,85.3,94.57,10.2,31.66,88.58,71.779,2.92,0,1,0,0,0,0,0,7,52631.49,0.1065,low,0.0
CUST014218,781,excellent,87.71,77.14,87.07,48.04,84.71,80.1771,10.23,11,1,0,0,0,0,0,3,117990.33,0.1423,low,0.0
CUST014219,817,excellent,87.11,97.45,84.61,45.58,91.29,86.0985,0.87,9,0,0,0,0,0,0,7,465170.94,0.0055,low,0.0
CUST014220,619,high_risk,14.4,86.98,87.09,47.97,41.41,53.1351,10.4,16,4,3,1,0,1,0,4,109170.93,0.583,low,0.0
CUST014221,799,excellent,78.83,95.19,90.06,36.14,99.1,83.1826,4.82,17,0,0,0,0,0,0,2,40462.56,0.1,low,0.0
CUST014222,823,excellent,90.75,90.01,95.91,42.23,98.5,87.2246,6.85,17,0,0,0,0,0,0,1,73581.03,0.1436,low,0.0
CUST014223,669,risky,22.4,98.45,93.51,61.98,48.95,61.495,5.64,11,4,7,0,0,0,1,0,95420.49,1.1816,low,0.5
CUST014224,788,excellent,96.91,88.84,42.75,43.57,99.58,81.2975,3.95,1,0,0,0,0,0,0,7,82963.11,0.0316,low,0.0
CUST014225,810,excellent,97.08,97.51,39.02,74.22,85.34,85.0396,1.86,1,1,0,0,0,0,1,1,62155.35,0.9508,low,0.5
CUST014226,827,excellent,85.14,89.47,94.29,70.2,99.7,87.7756,7.22,10,0,0,0,0,0,1,4,25557.35,0.4832,low,0.2
CUST014227,719,good,91.26,39.95,81.84,54.56,81.48,69.8058,51.18,7,1,0,0,0,0,0,5,63288.82,0.0439,low,0.0
CUST014228,835,excellent,93.51,96.06,87.24,48.3,97.47,89.2066,10.0,18,0,0,0,0,0,1,4,790492.18,0.4289,low,0.2
CUST014229,835,excellent,93.63,92.3,98.85,40.09,99.08,89.2039,6.13,20,0,0,0,0,0,0,2,203543.67,0.1392,low,0.0
CUST014230,621,high_risk,48.43,88.19,14.48,38.87,40.04,53.4725,3.49,0,3,3,0,0,0,0,1,102745.99,0.0263,low,0.0
CUST014231,641,high_risk,52.91,46.33,88.1,46.43,64.9,56.7672,52.08,12,4,2,0,0,0,0,6,92279.58,0.1949,low,0.0
CUST014232,655,risky,51.4,78.9,56.16,47.04,43.28,59.1169,13.18,4,3,1,0,0,0,0,6,317875.52,0.0794,low,0.0
CUST014233,789,excellent,86.16,89.53,72.29,36.99,98.76,81.433,1.03,9,0,0,0,0,0,0,4,234375.48,0.1392,low,0.0
CUST014234,749,good,72.84,82.62,73.75,48.61,85.67,74.7702,21.41,7,1,0,0,0,0,0,4,312967.65,0.0264,low,0.0
CUST014235,779,excellent,75.03,85.81,85.83,54.69,95.05,79.8519,13.1,18,0,1,0,0,0,1,6,18417.59,0.5789,low,0.1429
CUST014236,679,risky,28.62,85.61,91.08,78.38,70.32,63.2313,27.14,14,2,4,0,0,0,1,1,64060.3,1.1824,low,0.5
CUST014237,723,good,96.46,42.68,55.7,60.96,94.23,70.4401,58.21,3,0,0,0,0,0,0,7,6460.96,0.1167,low,0.0
CUST014238,752,excellent,75.31,96.17,56.2,30.84,85.95,75.3176,8.18,2,1,0,0,0,0,0,2,221092.45,0.0875,low,0.0
CUST014239,789,excellent,91.98,88.45,57.24,49.55,91.54,81.4226,12.78,3,1,0,0,0,0,0,3,220480.15,0.0125,low,0.0
CUST014240,764,excellent,65.21,84.5,96.43,46.75,99.66,77.2815,11.14,11,0,0,0,0,0,0,0,693247.95,0.1106,low,0.0
CUST014241,829,excellent,85.05,99.99,82.07,68.01,92.77,88.155,1.07,5,0,0,0,0,0,1,7,84595.6,0.9923,low,0.125
CUST014242,727,good,67.61,87.9,65.47,30.49,83.31,71.2321,11.25,9,1,0,0,0,0,0,5,208733.54,0.1338,low,0.0
CUST014243,739,good,94.91,69.88,32.1,53.42,88.99,73.2379,36.52,1,1,0,0,0,0,1,1,20983.72,0.6739,low,0.5
CUST014244,827,excellent,99.5,84.54,91.86,45.05,93.72,87.8444,11.96,11,0,0,0,0,0,0,1,208163.9,0.065,low,0.0
CUST014245,833,excellent,87.31,97.27,95.19,48.42,99.16,88.7758,3.52,20,0,0,0,0,0,0,7,490641.35,0.0363,low,0.0
CUST014246,787,excellent,98.63,91.11,48.29,46.21,74.37,81.1568,6.56,2,2,0,0,0,0,0,0,15097.4,0.0197,low,0.0
CUST014247,782,excellent,97.2,65.7,75.18,62.51,90.23,80.2813,36.97,8,1,0,0,0,0,1,2,62658.09,0.9336,low,0.3333
CUST014248,752,excellent,86.19,93.55,26.33,34.17,97.68,75.3665,8.48,0,0,0,0,0,0,0,0,355817.54,0.0103,low,0.0
CUST014249,785,excellent,93.2,86.31,45.74,62.12,92.61,80.8443,10.58,4,0,0,0,0,0,1,3,218254.51,0.6821,low,0.25
CUST014250,803,excellent,90.52,91.75,76.09,49.82,82.39,83.8385,1.3,5,1,0,0,0,0,0,5,31539.02,0.0325,low,0.0
CUST014251,828,excellent,95.95,79.75,92.76,68.46,96.81,87.9484,14.84,15,0,0,0,0,0,1,0,28690.72,0.4416,low,0.5
CUST014252,692,risky,63.4,97.53,18.76,38.0,72.41,65.3038,6.68,0,2,3,0,0,0,0,6,88298.36,0.2174,low,0.0
CUST014253,805,excellent,92.81,77.62,97.69,40.58,97.52,84.2327,12.89,20,0,0,0,0,0,0,2,216420.21,0.0429,low,0.0
CUST014254,795,excellent,87.63,95.37,73.8,39.72,81.12,82.4378,4.16,7,1,0,0,0,0,0,6,75088.2,0.0813,low,0.0
CUST014255,736,good,50.44,91.57,99.37,40.83,84.85,72.6001,9.23,13,1,2,0,0,0,0,1,20609.94,0.2133,low,0.0
CUST014256,771,excellent,92.28,93.01,31.72,41.68,93.34,78.4596,6.15,1,0,0,0,0,0,0,1,307396.16,0.1266,low,0.0
CUST014257,635,high_risk,45.01,51.37,71.62,71.02,78.26,55.8378,62.39,7,2,2,0,0,0,1,3,1257423.33,1.3121,low,0.25
CUST014258,758,excellent,86.53,97.5,29.55,33.11,90.38,76.3158,3.56,0,0,0,0,0,0,0,1,175924.88,0.0268,low,0.0
CUST014259,662,risky,47.6,81.22,35.2,64.54,76.51,60.4128,24.52,1,2,1,0,0,0,0,7,28230.73,0.0296,low,0.0
CUST014260,819,excellent,85.72,98.25,70.65,75.2,88.76,86.4714,3.68,9,1,0,0,0,0,1,1,74013.37,0.3979,low,0.5
CUST014261,813,excellent,88.09,96.39,75.68,46.39,97.64,85.5054,1.22,9,0,0,0,0,0,1,7,75763.61,0.5766,low,0.125
CUST014262,705,good,62.58,95.1,38.63,45.19,68.04,67.5516,9.73,1,2,2,0,0,0,0,5,58243.6,0.0022,low,0.0
CUST014263,582,high_risk,11.87,88.95,57.85,62.68,22.36,47.0229,12.42,4,5,7,0,0,0,1,0,70109.54,1.5679,moderate,0.5
CUST014264,806,excellent,93.51,94.93,70.36,30.14,96.32,84.4085,4.84,8,0,0,0,0,0,0,5,117146.34,0.1117,low,0.0
CUST014265,837,excellent,89.27,96.96,99.93,60.99,80.58,89.48,0.27,13,1,0,0,0,0,1,6,79230.43,0.7268,low,0.1429
CUST014266,666,risky,23.43,99.71,66.71,47.93,80.27,60.9405,3.63,6,1,8,0,0,1,0,3,87282.0,0.3668,low,0.0
CUST014267,825,excellent,92.07,78.58,99.24,69.86,97.52,87.4239,14.28,18,0,0,0,0,0,1,6,52044.0,0.8341,low,0.1429
CUST014268,807,excellent,90.7,88.08,77.73,54.95,91.64,84.4882,7.71,6,0,0,0,0,0,1,1,105624.4,0.6458,low,0.5
CUST014269,633,high_risk,25.38,96.04,84.98,35.05,15.26,55.4743,4.34,8,7,3,0,0,1,0,4,245515.54,0.4083,low,0.0
CUST014270,718,good,50.39,77.94,97.58,60.47,90.03,69.707,14.34,17,1,3,0,0,0,1,6,105272.55,1.3996,low,0.1429
CUST014271,801,excellent,85.86,86.87,92.96,46.19,88.84,83.5612,21.42,10,1,0,0,0,0,0,5,43857.01,0.159,low,0.0
CUST014272,785,excellent,91.38,84.58,73.84,41.2,82.44,80.7977,12.94,8,1,0,0,0,0,0,0,44584.47,0.1295,low,0.0
CUST014273,854,excellent,98.55,99.09,78.68,64.3,99.46,92.3975,3.59,5,0,0,0,0,0,1,6,60221.08,0.9268,low,0.1429
CUST014274,792,excellent,98.36,99.33,31.58,40.39,90.01,82.0004,3.77,0,0,0,0,0,0,0,1,30389.7,0.1264,low,0.0
CUST014275,706,good,64.29,93.01,33.79,46.79,74.32,67.5853,0.5,0,2,3,0,0,0,0,6,49243.37,0.2156,low,0.0
CUST014276,846,excellent,96.57,97.04,99.44,35.55,95.4,90.9238,4.16,17,0,0,0,0,0,0,6,286017.09,0.1003,low,0.0
CUST014277,617,high_risk,21.53,80.38,77.5,63.46,41.41,52.7637,11.73,6,4,4,0,0,0,1,4,184410.45,1.8793,moderate,0.2
CUST014278,673,risky,57.69,89.25,29.78,35.33,72.79,62.2425,12.83,0,2,2,0,0,0,0,6,688306.11,0.0401,low,0.0
CUST014279,836,excellent,93.34,94.96,97.07,39.12,96.67,89.2954,2.52,10,0,0,0,0,0,0,6,34418.97,0.0074,low,0.0
CUST014280,853,excellent,99.06,99.08,75.97,70.08,94.44,92.2411,8.42,8,0,0,0,0,0,1,6,225521.73,0.3545,low,0.1429
CUST014281,827,excellent,86.77,97.74,71.85,79.32,94.04,87.8038,0.69,8,0,0,0,0,0,1,6,53668.39,0.3903,low,0.1429
CUST014282,799,excellent,85.41,89.71,77.11,62.91,85.51,83.2156,11.43,5,1,0,0,0,0,1,4,101446.77,0.8855,low,0.2
CUST014283,760,excellent,78.62,77.61,85.75,41.54,87.8,76.5961,14.0,14,1,0,0,0,0,0,4,26073.19,0.0749,low,0.0
CUST014284,800,excellent,89.2,89.23,65.84,56.08,98.32,83.3069,6.09,7,0,0,0,0,0,1,2,318276.14,0.4203,low,0.3333
CUST014285,850,excellent,98.06,89.19,92.9,73.3,93.26,91.6685,1.36,17,0,0,0,0,0,1,5,106849.36,0.6246,low,0.1667
CUST014286,799,excellent,85.66,91.57,96.05,34.48,78.98,83.2074,6.68,14,2,0,0,0,0,0,3,188420.39,0.1032,low,0.0
CUST014287,816,excellent,86.74,97.57,90.59,44.54,82.51,85.9251,0.35,13,1,0,0,0,0,0,1,19001.57,0.0447,low,0.0
CUST014288,849,excellent,97.24,92.93,97.72,50.3,98.54,91.4554,9.67,19,0,0,0,0,0,1,6,53011.63,0.5903,low,0.1429
CUST014289,808,excellent,88.0,82.33,88.62,76.67,82.13,84.6706,12.1,12,1,0,0,0,0,1,3,221202.15,0.6047,low,0.25
CUST014290,845,excellent,97.22,97.45,87.78,58.39,85.19,90.7857,9.91,18,1,0,0,0,0,1,6,75473.03,0.9403,low,0.1429
CUST014291,833,excellent,95.13,97.61,88.67,49.15,80.39,88.8339,2.74,10,1,0,0,0,0,1,1,184334.7,0.575,low,0.5
CUST014292,814,excellent,94.46,90.53,84.96,30.67,96.05,85.635,8.15,5,0,0,0,0,0,0,7,62304.04,0.1285,low,0.0
CUST014293,772,excellent,86.02,89.22,53.75,43.28,93.26,78.5887,4.35,4,0,0,0,0,0,0,3,44931.87,0.0994,low,0.0
CUST014294,782,excellent,90.14,88.05,51.17,47.04,99.71,80.3143,1.02,3,0,0,0,0,0,0,4,42144.22,0.0398,low,0.0
CUST014295,814,excellent,96.5,91.25,74.76,35.97,96.79,85.6407,8.05,6,0,0,0,0,0,0,3,370702.33,0.0202,low,0.0
CUST014296,810,excellent,95.2,91.52,69.75,57.72,80.13,85.0218,8.33,7,1,0,0,0,0,1,2,32750.12,0.921,low,0.3333
CUST014297,629,high_risk,13.46,96.25,91.97,42.13,32.0,54.7936,0.41,19,5,4,1,1,1,0,2,144925.19,0.5464,low,0.0
CUST014298,863,excellent,94.26,94.47,95.1,82.25,99.9,93.8109,4.68,13,0,0,0,0,0,2,2,19186.13,0.8283,low,0.5
CUST014299,827,excellent,94.29,91.06,93.22,42.28,92.83,87.8134,1.6,14,0,0,0,0,0,0,1,155005.24,0.1469,low,0.0
CUST014300,829,excellent,99.92,91.36,86.71,35.91,91.55,88.1321,3.57,20,0,0,0,0,0,0,5,830632.66,0.105,low,0.0
CUST014301,713,good,86.65,33.52,94.78,50.26,91.85,68.8113,52.35,14,1,0,0,0,0,0,2,105995.34,0.0781,low,0.0
CUST014302,835,excellent,91.3,94.02,94.99,62.2,86.07,89.2334,7.09,13,1,0,0,0,0,1,5,160725.19,0.8073,low,0.1667
CUST014303,795,excellent,95.21,85.62,60.42,47.45,96.46,82.4638,12.81,4,0,0,0,0,0,1,0,95982.55,0.8674,low,0.5
CUST014304,765,excellent,85.16,76.8,84.46,37.93,82.17,77.5259,14.96,6,1,0,0,0,0,0,3,153141.26,0.0748,low,0.0
CUST014305,799,excellent,89.84,83.26,68.57,69.25,96.12,83.2426,13.68,9,0,0,0,0,0,1,0,123444.83,0.5804,low,0.5
CUST014306,778,excellent,94.91,91.26,29.17,49.58,97.19,79.6452,0.76,0,0,0,0,0,0,0,7,45079.15,0.0413,low,0.0
CUST014307,844,excellent,96.5,95.33,92.99,46.42,96.5,90.6174,3.92,11,0,0,0,0,0,0,7,89116.74,0.0155,low,0.0
CUST014308,772,excellent,98.57,75.21,52.43,46.71,91.08,78.7043,10.73,4,1,0,0,0,0,0,1,53693.97,0.0309,low,0.0
CUST014309,691,risky,41.96,88.89,71.13,40.95,90.94,65.2126,4.96,7,0,1,0,0,0,0,0,110294.27,0.1237,low,0.0
CUST014310,810,excellent,88.06,98.06,73.72,45.1,92.29,85.0381,0.88,8,0,0,0,0,0,2,2,86692.88,0.5366,low,0.5
CUST014311,805,excellent,85.07,91.56,75.8,61.44,94.9,84.2464,9.94,8,0,0,0,0,0,1,2,20200.87,0.9258,low,0.3333
CUST014312,830,excellent,97.23,88.01,85.45,58.12,92.69,88.3331,4.03,14,0,0,0,0,0,1,6,40098.02,0.6279,low,0.1429
CUST014313,617,high_risk,10.29,93.57,93.75,34.91,36.6,52.8855,5.08,13,5,6,1,1,1,0,2,195419.24,0.2176,low,0.0
CUST014314,860,excellent,95.7,88.81,99.87,88.63,93.74,93.3538,8.55,11,0,0,0,0,0,2,2,83953.66,0.6852,low,0.5
CUST014315,725,good,62.33,95.21,72.12,62.93,44.04,70.8948,5.03,5,3,1,0,0,0,1,1,41933.7,1.0161,low,0.5
CUST014316,806,excellent,91.0,90.49,67.58,60.95,91.54,84.3826,9.84,7,0,0,0,0,0,1,2,185120.84,0.7298,low,0.3333
CUST014317,723,good,87.13,88.67,17.86,34.15,73.18,70.5082,4.81,0,2,0,0,0,0,0,1,78413.93,0.1508,low,0.0
CUST014318,764,excellent,65.38,91.22,97.3,30.37,94.3,77.312,7.99,20,0,0,0,0,0,0,4,119046.81,0.0033,low,0.0
CUST014319,749,good,61.73,91.29,87.34,38.04,89.93,74.8902,4.34,14,1,1,0,0,0,0,0,92822.72,0.0997,low,0.0
CUST014320,809,excellent,90.21,81.58,82.17,68.51,96.68,84.8909,14.9,8,0,0,0,0,0,1,6,17242.5,0.9996,low,0.1429
CUST014321,752,excellent,99.48,88.98,11.03,39.21,83.15,75.4035,10.51,0,1,0,0,0,0,0,0,263328.2,0.116,low,0.0
CUST014322,627,high_risk,24.74,93.6,57.34,31.86,59.75,54.498,1.99,4,4,8,1,0,1,0,5,82939.32,0.5225,low,0.0
CUST014323,760,excellent,93.98,92.08,21.25,35.99,94.1,76.7118,3.98,0,0,0,0,0,0,0,2,95705.05,0.0244,low,0.0
CUST014324,781,excellent,85.04,88.98,60.45,56.36,90.77,80.2384,8.33,3,0,0,0,0,0,1,6,81846.43,0.3923,low,0.1429
CUST014325,762,excellent,98.59,82.27,33.63,38.16,89.87,77.0348,10.26,0,1,0,0,0,0,0,7,10467.26,0.1368,low,0.0
CUST014326,763,excellent,88.74,90.23,36.63,43.69,91.84,77.1754,1.96,1,0,0,0,0,0,0,1,51534.1,0.0692,low,0.0
CUST014327,745,good,92.51,88.19,21.71,30.56,90.77,74.2241,14.56,0,0,0,0,0,0,0,7,132923.41,0.0613,low,0.0
CUST014328,770,excellent,91.4,81.79,60.99,39.15,87.22,78.3117,11.49,4,1,0,0,0,0,0,4,150272.08,0.1562,low,0.0
CUST014329,788,excellent,85.03,88.73,76.4,49.84,85.55,81.3781,8.74,7,1,0,0,0,0,0,5,74735.88,0.0478,low,0.0
CUST014330,571,high_risk,8.4,81.26,65.57,37.32,42.11,45.0942,13.65,7,4,4,0,1,1,0,3,28091.39,0.4243,low,0.0
CUST014331,793,excellent,85.99,78.52,96.95,42.41,97.34,82.1718,14.19,12,0,0,0,0,0,0,2,168499.93,0.075,low,0.0
CUST014332,599,high_risk,11.53,91.51,63.51,43.89,44.18,49.8204,3.95,2,4,2,1,1,1,0,0,76759.58,0.3166,low,0.0
CUST014333,794,excellent,89.84,96.73,63.22,45.26,78.9,82.3613,5.99,2,2,0,0,0,0,0,6,88685.27,0.1571,low,0.0
CUST014334,769,excellent,89.92,99.16,31.86,30.36,91.41,78.1753,6.16,1,0,0,0,0,0,0,4,535472.7,0.1494,low,0.0
CUST014335,645,high_risk,36.11,66.61,87.76,57.96,59.8,57.5634,36.51,17,3,2,0,0,0,0,1,103307.61,0.0881,low,0.0
CUST014336,744,good,67.03,83.73,94.27,40.81,72.73,74.0752,14.51,14,2,0,0,0,0,0,1,44664.13,0.0369,low,0.0
CUST014337,820,excellent,88.85,92.22,90.03,67.45,76.07,86.6203,6.66,19,2,0,0,0,0,1,3,53762.99,0.4827,low,0.25
CUST014338,735,good,87.1,81.54,30.71,32.92,96.98,72.5434,12.16,1,0,0,0,0,0,0,2,122878.29,0.084,low,0.0
CUST014339,793,excellent,87.69,86.2,66.89,66.69,89.7,82.2241,11.34,6,1,0,0,0,0,1,4,11359.6,0.4714,low,0.2
CUST014340,787,excellent,85.09,81.49,84.44,52.23,90.55,81.1733,15.92,8,0,0,0,0,0,1,4,73750.39,0.7973,low,0.2
CUST014341,770,excellent,76.02,91.79,71.25,48.15,87.09,78.3564,2.76,6,1,0,0,0,0,0,0,78621.0,0.1188,low,0.0
CUST014342,759,excellent,63.79,95.02,97.79,72.64,46.54,76.4171,8.55,18,3,2,0,0,0,1,2,146411.1,1.1042,low,0.3333
CUST014343,707,good,59.52,92.01,71.63,31.45,55.77,67.9008,1.69,8,3,1,0,0,0,0,4,227584.31,0.1993,low,0.0
CUST014344,811,excellent,85.98,89.45,95.65,47.43,91.8,85.198,3.9,16,0,0,0,0,0,0,5,77895.95,0.0412,low,0.0
CUST014345,632,high_risk,18.89,89.16,94.83,48.3,29.34,55.3463,12.03,15,5,3,1,0,1,0,6,73599.67,0.6221,low,0.0
CUST014346,621,high_risk,9.04,94.89,78.98,39.72,60.33,53.4855,7.04,7,4,1,0,1,1,0,5,177579.79,0.4165,low,0.0
CUST014347,786,excellent,74.91,92.66,67.91,75.53,92.94,81.0527,9.22,5,0,1,0,0,0,1,2,54397.23,0.9533,low,0.3333
CUST014348,697,risky,66.76,79.51,32.97,43.95,96.21,66.1824,14.1,1,0,0,0,0,0,0,0,118343.55,0.039,low,0.0
CUST014349,788,excellent,97.87,99.61,26.38,40.98,91.07,81.2978,5.23,0,1,0,0,0,0,0,2,34792.85,0.0647,low,0.0
CUST014350,676,risky,64.99,40.63,95.31,62.32,71.98,62.6618,63.34,11,2,1,0,0,0,0,6,129498.28,0.0439,low,0.0
CUST014351,652,risky,42.9,93.82,35.0,47.31,55.93,58.7337,8.91,0,3,4,0,0,0,0,0,462900.84,0.0702,low,0.0
CUST014352,796,excellent,91.49,84.05,84.1,36.62,90.92,82.6038,13.25,9,0,0,0,0,0,0,2,232486.96,0.149,low,0.0
CUST014353,822,excellent,96.99,78.65,91.96,64.79,92.51,87.0663,13.2,15,0,0,0,0,0,1,5,348244.18,0.6539,low,0.1667
CUST014354,806,excellent,91.43,88.86,79.01,44.9,93.6,84.361,1.87,8,0,0,0,0,0,0,1,1199980.44,0.1494,low,0.0
CUST014355,652,risky,29.77,80.24,85.31,31.86,82.15,58.689,12.28,18,1,3,0,0,1,0,2,47238.13,0.653,low,0.0
CUST014356,834,excellent,92.02,98.21,87.49,52.41,90.36,89.0692,0.52,15,0,0,0,0,0,1,6,35632.5,0.7274,low,0.1429
CUST014357,747,good,74.38,89.9,47.88,73.85,70.0,74.5689,1.41,2,2,1,0,0,0,1,2,365849.31,0.9378,low,0.3333
CUST014358,797,excellent,86.79,87.12,86.76,34.28,98.6,82.8162,10.75,12,0,0,0,0,0,0,7,180883.52,0.0444,low,0.0
CUST014359,630,high_risk,27.28,95.47,45.95,45.69,53.39,54.9899,5.26,2,3,3,0,0,0,0,4,76563.35,0.1933,low,0.0
CUST014360,828,excellent,87.75,98.14,86.51,75.28,72.67,87.9261,1.68,13,2,0,0,0,0,1,5,68433.44,0.5549,low,0.1667
CUST014361,707,good,41.55,94.97,68.64,48.29,97.34,67.8955,4.73,5,0,4,0,0,0,0,6,102138.5,0.0531,low,0.0
CUST014362,823,excellent,92.92,93.77,85.45,37.08,99.21,87.0987,7.96,18,0,0,0,0,0,0,5,137580.74,0.156,low,0.0
CUST014363,673,risky,42.23,87.75,55.45,40.93,86.69,62.1858,11.51,2,1,1,0,0,0,0,7,68064.73,0.1931,low,0.0
CUST014364,811,excellent,96.95,99.42,32.48,74.05,90.99,85.1346,5.91,1,0,0,0,0,0,1,5,94407.68,0.5653,low,0.1667
CUST014365,819,excellent,91.28,91.64,82.24,47.54,99.74,86.5032,2.98,8,0,0,0,0,0,0,1,52974.49,0.0666,low,0.0
CUST014366,831,excellent,88.97,96.06,96.32,48.67,91.81,88.4524,4.44,10,0,0,0,0,0,0,0,228703.02,0.132,low,0.0
CUST014367,745,good,62.8,83.31,90.1,39.92,97.3,74.208,11.88,12,0,3,0,0,0,0,6,55827.68,0.1412,low,0.0
CUST014368,825,excellent,96.72,99.62,55.75,70.41,83.12,87.455,7.1,3,1,0,0,0,0,1,0,104722.79,0.9463,low,0.5
CUST014369,828,excellent,85.28,99.06,94.62,48.28,93.43,87.931,9.79,11,0,0,0,0,0,0,3,52063.1,0.0721,low,0.0
CUST014370,796,excellent,97.43,95.17,56.42,31.34,84.82,82.7302,6.75,2,1,0,0,0,0,0,6,101360.52,0.1536,low,0.0
CUST014371,765,excellent,94.54,89.69,40.82,32.13,82.29,77.5614,12.62,1,1,0,0,0,0,0,5,229496.33,0.0828,low,0.0
CUST014372,574,high_risk,10.18,93.77,17.21,64.62,59.43,45.6833,1.83,0,3,8,1,0,0,1,5,168514.51,1.8219,moderate,0.1667
CUST014373,736,good,60.5,80.79,80.64,66.04,85.83,72.6965,12.24,7,1,2,0,0,0,1,3,64846.36,0.9234,low,0.25
CUST014374,794,excellent,87.6,99.06,57.65,42.84,90.68,82.3753,3.94,4,0,0,0,0,0,0,0,56003.35,0.1435,low,0.0
CUST014375,774,excellent,97.72,89.72,29.04,39.26,95.83,78.9825,13.65,0,0,0,0,0,0,0,5,78089.15,0.1448,low,0.0
CUST014376,622,high_risk,24.53,92.59,76.98,37.66,20.58,53.7335,9.18,6,5,8,0,0,0,0,6,252682.38,0.6153,low,0.0
CUST014377,819,excellent,90.14,99.73,72.36,50.27,91.81,86.5287,0.94,6,1,0,0,0,0,1,1,232026.49,0.9989,low,0.5
CUST014378,831,excellent,88.34,99.08,88.51,46.55,99.11,88.4849,1.15,20,0,0,0,0,0,1,0,210779.72,0.7492,low,0.5
CUST014379,829,excellent,96.89,90.3,67.17,76.88,94.27,88.1919,7.57,6,0,0,0,0,0,1,5,196640.75,0.7081,low,0.1667
CUST014380,651,risky,28.19,82.96,88.6,34.52,69.48,58.4446,13.65,17,2,1,0,0,0,0,2,65360.46,0.1897,low,0.0
CUST014381,817,excellent,87.13,95.37,82.41,62.54,84.76,86.1982,2.14,8,1,0,0,0,0,1,5,59496.28,0.6746,low,0.1667
CUST014382,726,good,58.99,86.01,77.48,41.88,87.36,70.995,11.05,7,1,4,0,0,0,0,3,72837.59,0.0144,low,0.0
CUST014383,825,excellent,98.26,88.64,86.23,40.82,95.39,87.5385,2.1,16,0,0,0,0,0,0,3,144990.02,0.1411,low,0.0
CUST014384,812,excellent,97.35,90.75,68.57,40.12,98.1,85.4055,8.57,7,0,0,0,0,0,0,7,422007.77,0.1632,low,0.0
CUST014385,807,excellent,71.35,93.13,94.39,78.72,95.4,84.482,9.06,15,0,1,0,0,0,2,5,315911.86,0.8911,low,0.2857
CUST014386,832,excellent,95.84,98.68,80.11,49.63,85.0,88.6296,7.43,5,1,0,0,0,0,0,6,124720.69,0.1093,low,0.0
CUST014387,830,excellent,94.99,91.72,91.4,39.87,99.16,88.3738,0.9,16,0,0,0,0,0,0,2,55464.77,0.0434,low,0.0
CUST014388,685,risky,41.51,93.07,85.61,36.78,51.98,64.1666,2.43,17,3,4,0,0,0,0,5,185448.03,0.0416,low,0.0
CUST014389,820,excellent,96.22,96.88,49.21,71.09,93.64,86.5957,6.75,3,0,0,0,0,0,1,3,43164.52,0.6661,low,0.25
CUST014390,743,good,93.27,77.41,31.35,43.41,88.37,73.7501,12.08,0,1,0,0,0,0,0,6,63239.33,0.0092,low,0.0
CUST014391,830,excellent,86.54,98.45,92.51,77.07,68.77,88.284,9.06,10,2,0,0,0,0,1,5,57082.67,0.7399,low,0.1667
CUST014392,782,excellent,87.46,94.09,53.49,43.81,91.3,80.3714,7.37,3,0,0,0,0,0,0,4,90465.37,0.1173,low,0.0
CUST014393,758,excellent,94.11,90.93,13.62,49.22,92.09,76.389,4.93,0,0,0,0,0,0,0,5,28531.76,0.1581,low,0.0
CUST014394,791,excellent,88.86,63.14,98.2,73.28,96.75,81.7759,36.63,20,0,0,0,0,0,1,7,234909.52,0.7719,low,0.125
CUST014395,732,good,60.98,77.79,94.43,78.35,53.19,71.998,12.48,15,3,4,0,0,0,1,1,15567.26,0.8785,low,0.5
CUST014396,784,excellent,98.84,98.31,30.31,32.42,87.87,80.6622,9.33,0,1,0,0,0,0,0,7,81195.97,0.1631,low,0.0
CUST014397,748,good,58.2,94.24,66.95,75.44,83.58,74.5891,2.92,6,1,2,0,0,0,1,2,116649.65,0.9502,low,0.3333
CUST014398,799,excellent,95.42,93.26,49.54,43.8,99.71,83.1557,6.72,3,0,0,0,0,0,0,2,299359.94,0.0887,low,0.0
CUST014399,754,excellent,85.8,75.81,73.68,34.7,83.99,75.6944,14.06,7,1,0,0,0,0,0,1,70037.03,0.1412,low,0.0
CUST014400,809,excellent,94.33,91.85,80.63,33.86,87.01,84.7515,7.54,8,1,0,0,0,0,0,6,114407.3,0.0469,low,0.0
CUST014401,672,risky,27.55,91.71,79.8,73.59,64.53,61.9378,4.59,8,4,3,0,0,0,1,0,60920.84,2.2023,moderate,0.5
CUST014402,723,good,87.25,92.32,12.75,32.38,70.37,70.4221,7.85,0,2,0,0,0,0,0,5,170590.08,0.0219,low,0.0
CUST014403,777,excellent,72.61,87.54,91.97,49.97,90.89,79.5565,14.37,10,1,0,0,0,0,0,0,153703.12,0.1303,low,0.0
CUST014404,762,excellent,56.54,97.69,82.21,75.27,89.87,76.9405,2.61,8,1,1,0,0,0,1,3,10922.28,1.2577,low,0.25
CUST014405,765,excellent,92.29,88.04,36.68,38.73,93.6,77.4476,8.47,1,0,0,0,0,0,0,6,316509.48,0.0559,low,0.0
CUST014406,799,excellent,90.78,96.86,54.31,46.01,95.44,83.1249,9.71,3,0,0,0,0,0,0,7,80397.97,0.1442,low,0.0
CUST014407,564,high_risk,1.45,79.89,67.41,33.6,59.76,43.9235,11.3,8,3,7,1,1,1,0,3,164417.37,0.4735,low,0.0
CUST014408,756,excellent,86.54,82.18,49.27,39.72,97.17,76.0212,13.75,1,0,0,0,0,0,0,3,287356.95,0.0767,low,0.0
CUST014409,828,excellent,92.96,93.11,90.2,43.51,96.91,88.0414,7.56,10,0,0,0,0,0,0,3,28089.85,0.0674,low,0.0
CUST014410,843,excellent,98.26,89.21,92.62,61.19,94.12,90.5784,0.3,12,0,0,0,0,0,1,2,245543.14,0.6539,low,0.3333
CUST014411,801,excellent,87.55,80.46,95.94,47.73,95.94,83.5382,11.36,13,0,0,0,0,0,0,4,416732.21,0.0913,low,0.0
CUST014412,777,excellent,89.41,88.15,57.61,41.09,90.04,79.4944,5.14,2,1,0,0,0,0,0,4,50361.45,0.0719,low,0.0
CUST014413,805,excellent,89.44,79.8,98.23,48.23,94.41,84.2436,13.87,17,0,0,0,0,0,0,0,56536.56,0.1332,low,0.0
CUST014414,787,excellent,86.94,88.19,73.57,45.78,86.74,81.1725,3.57,8,1,0,0,0,0,1,7,145824.43,0.5043,low,0.125
CUST014415,793,excellent,85.31,83.48,95.71,38.98,90.44,82.2029,10.92,14,1,0,0,0,0,0,0,87688.78,0.1456,low,0.0
CUST014416,822,excellent,98.82,94.46,86.45,31.74,78.9,86.957,7.06,10,2,0,0,0,0,0,4,7686.74,0.0571,low,0.0
CUST014417,629,high_risk,24.63,87.99,66.38,71.27,37.92,54.8943,13.82,6,6,5,1,0,0,1,0,385603.02,1.8184,moderate,0.5
CUST014418,777,excellent,85.14,94.33,59.26,41.89,82.51,79.4247,7.07,2,1,0,0,0,0,0,4,107784.26,0.0152,low,0.0
CUST014419,860,excellent,96.08,99.9,97.11,54.16,97.24,93.3039,2.75,11,0,0,0,0,0,1,7,240279.54,0.5298,low,0.125
CUST014420,778,excellent,68.47,92.81,90.98,43.54,98.47,79.6548,7.99,10,0,1,0,0,0,0,7,52744.9,0.0006,low,0.0
CUST014421,752,excellent,87.33,66.54,61.86,68.0,87.76,75.3822,35.95,2,1,0,0,0,0,1,0,147982.04,0.3869,low,0.5
CUST014422,814,excellent,87.99,97.87,85.56,39.08,87.02,85.6032,8.69,15,1,0,0,0,0,0,2,367988.1,0.0081,low,0.0
CUST014423,836,excellent,99.73,91.42,95.86,35.33,91.66,89.4082,3.43,15,0,0,0,0,0,0,4,107321.36,0.0775,low,0.0
CUST014424,720,good,65.97,75.41,78.46,34.12,90.53,69.9468,14.45,8,0,0,0,0,0,0,0,207680.16,0.0053,low,0.0
CUST014425,824,excellent,85.77,87.53,90.7,77.7,97.21,87.3756,13.88,15,0,0,0,0,0,1,1,69189.2,0.6956,low,0.5
CUST014426,686,risky,44.37,82.26,55.42,77.63,90.98,64.3808,11.64,3,0,1,0,0,0,1,0,102489.8,1.0626,low,0.5
CUST014427,816,excellent,85.05,88.53,80.83,84.98,90.29,85.9771,5.94,6,0,0,0,0,0,2,3,48809.1,0.3544,low,0.4
CUST014428,795,excellent,90.65,75.22,99.1,40.95,92.46,82.4991,14.66,13,0,0,0,0,0,0,7,327316.23,0.1476,low,0.0
CUST014429,798,excellent,99.36,81.95,66.61,40.18,96.16,82.9889,11.23,8,0,0,0,0,0,0,7,191331.75,0.1247,low,0.0
CUST014430,831,excellent,99.92,93.14,73.93,63.38,82.15,88.5569,4.33,9,1,0,0,0,0,1,7,184492.81,0.543,low,0.125
CUST014431,783,excellent,87.96,75.67,93.05,37.1,92.99,80.4515,14.11,15,0,0,0,0,0,0,3,106543.55,0.1156,low,0.0
CUST014432,798,excellent,94.67,75.19,95.73,34.51,95.44,83.0434,10.79,12,0,0,0,0,0,0,1,43853.56,0.0443,low,0.0
CUST014433,819,excellent,99.7,76.79,84.29,61.17,98.63,86.5574,13.08,6,0,0,0,0,0,1,0,86623.0,0.5413,low,0.5
CUST014434,752,excellent,64.22,80.68,93.71,49.12,97.19,75.3658,13.62,10,0,3,0,0,0,0,3,468298.93,0.2112,low,0.0
CUST014435,804,excellent,95.62,93.98,55.12,42.77,98.32,84.0359,6.59,2,0,0,0,0,0,0,2,106612.27,0.1482,low,0.0
CUST014436,615,high_risk,0.82,90.2,92.46,40.33,72.28,52.4756,7.3,12,2,4,1,1,1,0,3,112679.05,0.3374,low,0.0
CUST014437,813,excellent,95.72,84.87,91.14,32.93,96.01,85.5283,14.21,11,0,0,0,0,0,0,5,30531.68,0.0932,low,0.0
CUST014438,804,excellent,96.22,91.87,57.8,49.33,91.03,83.9447,4.8,2,1,0,0,0,0,1,3,405068.4,0.7614,low,0.25
CUST014439,846,excellent,95.52,90.19,91.72,77.75,90.54,91.0783,7.52,15,0,0,0,0,0,1,5,113478.05,0.9827,low,0.1667
CUST014440,765,excellent,64.3,89.57,92.53,45.72,96.42,77.4707,13.35,19,0,2,0,0,0,0,4,364888.58,0.1541,low,0.0
CUST014441,782,excellent,86.4,81.33,83.37,34.38,98.26,80.4085,11.27,6,0,0,0,0,0,0,2,18358.55,0.0919,low,0.0
CUST014442,805,excellent,99.32,80.63,74.03,45.62,96.11,84.2296,12.6,7,0,0,0,0,0,1,0,37698.27,0.642,low,0.5
CUST014443,816,excellent,94.5,92.82,74.51,45.49,93.41,85.9876,5.29,9,0,0,0,0,0,0,2,7221.49,0.001,low,0.0
CUST014444,587,high_risk,0.06,85.38,93.23,44.87,36.8,47.7857,13.22,10,5,4,1,1,1,0,2,440842.58,0.3156,low,0.0
CUST014445,793,excellent,85.07,87.18,69.13,59.31,99.01,82.1313,27.45,6,0,0,0,0,0,0,5,64362.66,0.0654,low,0.0
CUST014446,791,excellent,94.27,96.29,54.28,31.85,85.71,81.7783,4.22,4,1,0,0,0,0,0,6,250772.2,0.0122,low,0.0
CUST014447,792,excellent,91.56,96.32,46.32,47.94,93.88,82.0724,2.15,1,0,0,0,0,0,0,6,137452.62,0.1602,low,0.0
CUST014448,672,risky,49.04,80.66,61.3,31.19,82.78,61.9529,12.25,3,1,4,0,0,0,0,6,245805.91,0.2198,low,0.0
CUST014449,682,risky,31.05,89.47,95.99,39.11,75.71,63.5885,1.36,13,2,3,0,0,0,0,2,27351.92,0.0681,low,0.0
CUST014450,746,good,64.03,95.22,96.88,38.38,50.3,74.3751,7.58,14,3,2,0,0,0,0,7,65865.19,0.0068,low,0.0
CUST014451,838,excellent,88.13,97.23,98.53,49.96,98.44,89.6347,3.96,11,0,0,0,0,0,0,1,123975.28,0.1572,low,0.0
CUST014452,809,excellent,85.62,97.52,79.02,39.01,97.91,84.7672,1.65,5,0,0,0,0,0,0,7,97081.75,0.0864,low,0.0
CUST014453,784,excellent,91.45,77.27,77.36,54.91,83.69,80.6541,13.52,6,1,0,0,0,0,1,4,453104.58,0.4747,low,0.2
CUST014454,800,excellent,73.47,92.81,92.68,63.38,95.6,83.358,5.5,11,0,0,0,0,0,1,1,76145.37,0.688,low,0.5
CUST014455,796,excellent,92.98,81.44,76.15,47.96,94.98,82.6906,20.1,5,0,0,0,0,0,0,2,152297.54,0.0547,low,0.0
CUST014456,804,excellent,93.54,88.58,66.58,48.52,98.14,83.9664,13.48,5,0,0,0,0,0,0,5,436801.27,0.1638,low,0.0
CUST014457,656,risky,33.73,97.33,49.55,43.15,65.04,59.257,3.38,2,2,4,0,0,0,0,2,133592.09,0.2038,low,0.0
CUST014458,748,good,88.11,64.31,57.59,59.08,99.84,74.6608,41.11,3,0,0,0,0,0,0,1,58380.25,0.1567,low,0.0
CUST014459,797,excellent,73.9,98.16,91.65,38.5,99.61,82.8717,0.73,13,0,0,0,0,0,0,0,94921.21,0.0227,low,0.0
CUST014460,833,excellent,95.67,94.59,83.29,59.47,84.64,88.765,0.52,9,1,0,0,0,0,1,1,57155.43,0.5474,low,0.5
CUST014461,776,excellent,92.14,81.78,36.88,74.25,96.26,79.3641,14.64,1,0,0,0,0,0,1,3,248581.32,0.3994,low,0.25
CUST014462,706,good,42.42,90.89,93.44,43.87,72.28,67.7484,0.01,13,2,3,0,0,0,0,5,155657.8,0.002,low,0.0
CUST014463,821,excellent,95.99,72.92,99.78,65.86,97.96,86.8197,34.27,10,0,0,0,0,0,1,3,551947.9,0.4759,low,0.25
CUST014464,541,high_risk,0.41,92.13,23.06,42.57,46.84,40.1805,5.26,0,4,4,1,1,1,0,0,33110.03,0.3217,low,0.0
CUST014465,814,excellent,86.98,91.21,95.84,35.58,98.65,85.6033,3.56,13,0,0,0,0,0,0,6,97250.11,0.1117,low,0.0
CUST014466,548,high_risk,13.11,78.29,20.96,60.34,50.31,41.2863,14.5,0,4,8,0,0,0,1,4,64399.53,2.2882,moderate,0.2
CUST014467,788,excellent,90.31,97.58,48.35,33.07,99.02,81.3444,6.98,4,0,0,0,0,0,0,4,44522.62,0.0091,low,0.0
CUST014468,756,excellent,88.31,56.28,83.86,61.22,95.72,76.067,43.27,6,0,0,0,0,0,0,4,73628.11,0.0412,low,0.0
CUST014469,812,excellent,87.66,96.41,84.37,35.93,94.09,85.261,5.63,7,0,0,0,0,0,0,4,160217.57,0.1644,low,0.0
CUST014470,672,risky,40.4,99.23,29.21,42.09,94.51,61.9496,4.18,0,0,2,0,0,0,0,5,48944.68,0.0937,low,0.0
CUST014471,789,excellent,96.63,97.64,34.34,37.71,95.35,81.5698,7.7,0,0,0,0,0,0,0,6,49302.69,0.0833,low,0.0
CUST014472,789,excellent,85.03,89.87,71.01,52.99,87.86,81.4555,7.0,8,1,0,0,0,0,1,3,66054.35,0.4878,low,0.25
CUST014473,758,excellent,93.92,93.62,14.85,32.0,99.15,76.3022,9.3,0,0,0,0,0,0,0,2,96438.57,0.1092,low,0.0
CUST014474,806,excellent,88.15,89.92,92.7,32.59,93.1,84.3028,1.53,20,0,0,0,0,0,0,2,646461.85,0.1028,low,0.0
CUST014475,778,excellent,97.89,77.3,49.87,49.45,98.37,79.7174,12.05,1,0,0,0,0,0,0,0,403280.19,0.0406,low,0.0
CUST014476,812,excellent,86.32,98.46,67.82,61.46,92.43,85.312,1.65,8,0,0,0,0,0,1,1,175397.43,0.8853,low,0.5
CUST014477,857,excellent,96.85,88.61,94.0,83.6,99.35,92.8743,1.43,17,0,0,0,0,0,2,3,9766.56,0.7776,low,0.4
CUST014478,768,excellent,88.5,82.14,63.87,31.03,96.98,77.9989,14.46,2,0,0,0,0,0,0,4,78061.38,0.097,low,0.0
CUST014479,780,excellent,85.1,79.78,79.93,45.56,96.75,79.9406,12.73,7,0,0,0,0,0,0,4,25882.88,0.1246,low,0.0
CUST014480,802,excellent,91.0,70.43,97.51,62.48,97.63,83.6142,30.63,11,0,0,0,0,0,1,3,44821.38,0.5994,low,0.25
CUST014481,773,excellent,55.66,98.77,97.33,60.37,91.16,78.8651,0.21,10,0,3,0,0,0,1,5,175938.62,0.9178,low,0.1667
CUST014482,611,high_risk,10.6,97.59,75.01,31.45,44.96,51.8822,1.24,5,5,3,0,0,1,0,0,281318.81,0.4779,low,0.0
CUST014483,626,high_risk,16.38,85.04,88.39,64.21,43.93,54.3183,12.13,12,5,6,0,0,0,1,5,13982.65,1.266,low,0.1667
CUST014484,824,excellent,98.39,83.64,88.0,48.99,97.86,87.4142,13.46,15,0,0,0,0,0,0,1,168430.43,0.0081,low,0.0
CUST014485,826,excellent,99.64,96.36,65.65,49.03,91.32,87.6659,9.81,6,0,0,0,0,0,1,2,52789.72,0.7672,low,0.3333
CUST014486,849,excellent,86.8,99.94,95.0,70.17,97.88,91.4185,4.97,11,0,0,0,0,0,1,4,39563.74,0.3568,low,0.2
CUST014487,771,excellent,93.39,93.04,31.94,48.05,82.42,78.4389,7.47,1,1,0,0,0,0,0,6,16219.92,0.0033,low,0.0
CUST014488,838,excellent,97.3,87.78,85.7,76.46,87.25,89.6156,14.27,13,1,0,0,0,0,1,3,70704.92,0.3606,low,0.25
CUST014489,804,excellent,94.05,89.09,70.03,42.33,96.18,83.9984,8.54,8,0,0,0,0,0,0,5,234364.75,0.0114,low,0.0
CUST014490,766,excellent,94.16,82.2,38.37,48.89,94.01,77.6598,13.37,1,0,0,0,0,0,0,0,205043.26,0.1061,low,0.0
CUST014491,754,excellent,94.32,88.04,24.06,35.19,90.65,75.6181,6.3,0,0,0,0,0,0,0,6,90612.36,0.141,low,0.0
CUST014492,818,excellent,86.58,98.31,85.73,65.24,71.43,86.3186,9.63,11,2,0,0,0,0,1,5,940988.38,0.8627,low,0.1667
CUST014493,829,excellent,99.05,88.91,82.34,49.08,95.8,88.1803,6.22,5,0,0,0,0,0,0,5,125889.54,0.1433,low,0.0
CUST014494,832,excellent,99.96,88.49,95.61,39.0,89.47,88.7227,1.64,12,1,0,0,0,0,0,7,173050.92,0.1595,low,0.0
CUST014495,675,risky,44.77,82.49,76.06,37.99,69.26,62.5512,13.98,7,2,4,0,0,0,0,2,31847.45,0.2416,low,0.0
CUST014496,776,excellent,73.96,98.43,73.41,45.12,83.26,79.2645,9.1,6,1,0,0,0,0,0,2,101260.24,0.0191,low,0.0
CUST014497,802,excellent,87.42,82.89,82.71,59.16,98.9,83.6763,10.5,7,0,0,0,0,0,1,1,26549.32,0.9875,low,0.5
CUST014498,786,excellent,86.0,92.41,66.77,39.34,92.81,81.0518,2.04,6,0,0,0,0,0,0,2,65126.73,0.0026,low,0.0
CUST014499,761,excellent,88.8,93.27,38.07,38.01,82.63,76.837,0.19,1,1,0,0,0,0,0,4,97866.48,0.0079,low,0.0
CUST014500,601,high_risk,11.54,75.54,99.55,41.99,43.86,50.2187,14.53,12,3,4,0,0,1,0,6,242204.4,0.4025,low,0.0
CUST014501,651,risky,19.01,95.91,68.4,75.69,62.59,58.5134,6.91,7,4,4,0,0,0,1,6,136460.33,2.2578,moderate,0.1429
CUST014502,820,excellent,95.63,92.66,80.3,40.87,92.73,86.6735,3.78,7,0,0,0,0,0,0,5,217616.83,0.1648,low,0.0
CUST014503,734,good,97.14,75.39,19.31,35.19,92.24,72.2549,10.93,0,0,0,0,0,0,0,0,409192.94,0.0199,low,0.0
CUST014504,800,excellent,93.21,75.49,93.84,44.52,96.11,83.4085,12.26,18,0,0,0,0,0,0,7,90063.93,0.1137,low,0.0
CUST014505,705,good,60.79,93.1,64.83,43.87,41.63,67.4817,8.67,4,3,2,0,0,0,0,0,29380.58,0.0457,low,0.0
CUST014506,793,excellent,88.26,90.91,59.65,61.17,88.99,82.1277,3.6,3,1,0,0,0,0,1,4,105909.42,0.9481,low,0.2
CUST014507,741,good,67.77,89.81,66.18,46.27,83.08,73.5238,14.46,9,1,1,0,0,0,0,6,73700.82,0.1064,low,0.0
CUST014508,800,excellent,94.46,88.09,59.93,61.96,87.31,83.4049,7.86,2,1,0,0,0,0,1,1,2110639.87,0.7514,low,0.5
CUST014509,841,excellent,90.09,92.4,89.94,80.9,93.64,90.199,2.31,11,0,0,0,0,0,2,3,17734.94,0.9967,low,0.4
CUST014510,805,excellent,89.29,92.2,99.46,34.94,68.59,84.1852,6.76,18,2,0,0,0,0,0,1,71191.17,0.0674,low,0.0
CUST014511,784,excellent,88.59,83.71,94.92,34.21,68.66,80.6466,13.07,18,2,0,0,0,0,0,1,100650.47,0.0676,low,0.0
CUST014512,703,good,38.86,98.81,82.51,30.25,84.97,67.1399,1.81,8,1,3,0,0,0,0,2,134797.19,0.0498,low,0.0
CUST014513,736,good,56.13,99.33,88.39,30.13,69.88,72.7041,6.07,16,2,1,0,0,0,0,6,25290.29,0.1819,low,0.0
CUST014514,793,excellent,89.91,80.89,83.36,48.78,90.42,82.1592,12.88,5,0,0,0,0,0,0,5,365786.79,0.0372,low,0.0
CUST014515,654,risky,44.14,91.5,31.35,36.03,77.39,58.9431,1.03,0,2,3,0,0,0,0,1,145632.62,0.0429,low,0.0
CUST014516,768,excellent,91.06,90.89,35.04,45.33,90.92,78.0177,8.48,1,0,0,0,0,0,0,0,106148.08,0.1598,low,0.0
CUST014517,727,good,75.95,61.27,69.93,60.02,97.75,71.2299,38.68,5,0,1,0,0,0,0,7,80080.56,0.0253,low,0.0
CUST014518,838,excellent,85.67,98.91,91.34,70.32,92.29,89.6217,8.95,13,0,0,0,0,0,1,3,19637.45,0.8386,low,0.25
CUST014519,804,excellent,92.28,94.92,66.66,45.13,86.59,83.9461,1.21,7,1,0,0,0,0,0,7,92568.88,0.0473,low,0.0
CUST014520,720,good,85.33,77.85,24.27,40.87,90.91,70.04,10.72,0,0,0,0,0,0,0,1,60200.46,0.0608,low,0.0
CUST014521,788,excellent,91.95,96.9,54.08,33.12,86.08,81.2831,1.01,2,1,0,0,0,0,0,4,176742.35,0.0272,low,0.0
CUST014522,824,excellent,99.89,80.64,89.69,63.87,83.46,87.3386,10.13,10,1,0,0,0,0,1,6,46643.01,0.9311,low,0.1429
CUST014523,842,excellent,98.4,86.3,77.75,91.6,91.92,90.3455,10.11,6,0,0,0,0,0,2,6,78160.44,0.5074,low,0.25
CUST014524,811,excellent,89.28,86.02,99.96,39.16,91.69,85.1338,14.22,15,0,0,0,0,0,0,7,94841.43,0.1011,low,0.0
CUST014525,783,excellent,95.11,90.26,47.72,44.24,85.32,80.4819,7.49,1,1,0,0,0,0,0,3,108602.12,0.0206,low,0.0
CUST014526,783,excellent,89.85,60.81,98.16,65.05,96.46,80.5648,34.45,12,0,0,0,0,0,1,7,32463.02,0.6898,low,0.125
CUST014527,718,good,44.2,92.56,85.63,65.69,80.42,69.6938,5.78,10,1,3,0,0,0,1,5,50808.41,1.232,low,0.1667
CUST014528,782,excellent,85.88,93.31,63.92,35.96,90.2,80.2532,3.41,2,1,0,0,0,0,0,2,80433.87,0.0568,low,0.0
CUST014529,815,excellent,96.39,97.41,72.69,43.63,75.56,85.782,1.12,9,2,0,0,0,0,0,0,297773.87,0.1326,low,0.0
CUST014530,753,excellent,69.97,92.69,77.33,36.2,80.58,75.5725,3.34,7,1,0,0,0,0,0,7,80570.49,0.166,low,0.0
CUST014531,801,excellent,85.99,93.7,87.47,36.95,84.55,83.4765,1.42,19,1,0,0,0,0,0,5,124180.05,0.0469,low,0.0
CUST014532,764,excellent,86.76,87.49,41.84,46.44,98.12,77.3424,12.21,1,0,0,0,0,0,0,6,187996.8,0.0256,low,0.0
CUST014533,689,risky,27.27,91.37,95.11,79.48,66.91,64.8609,3.19,16,2,3,0,0,0,1,3,74294.67,1.2813,low,0.25
CUST014534,749,good,52.51,95.52,97.16,39.5,93.54,74.9122,9.78,14,0,4,0,0,0,0,6,100412.24,0.1829,low,0.0
CUST014535,785,excellent,89.28,83.95,73.17,43.69,90.34,80.8116,14.6,7,1,0,0,0,0,0,4,408595.83,0.0215,low,0.0
CUST014536,765,excellent,88.57,96.53,25.16,44.56,93.46,77.5357,9.84,0,0,0,0,0,0,0,5,242516.03,0.1228,low,0.0
CUST014537,790,excellent,89.23,91.8,59.4,48.5,91.16,81.6449,8.87,2,0,0,0,0,0,0,5,45126.83,0.0322,low,0.0
CUST014538,740,good,78.52,92.66,28.84,44.64,93.24,73.3944,0.02,0,0,1,0,0,0,0,1,79732.96,0.0894,low,0.0
CUST014539,736,good,87.58,77.95,10.88,73.97,96.31,72.6994,13.68,0,0,0,0,0,0,1,7,271545.12,0.8364,low,0.125
CUST014540,787,excellent,88.89,84.85,65.6,63.61,83.28,81.0955,11.42,6,1,0,0,0,0,1,4,187922.6,0.5625,low,0.2
CUST014541,771,excellent,85.03,82.8,80.54,36.54,81.0,78.4349,14.7,7,1,0,0,0,0,0,0,120072.92,0.0999,low,0.0
CUST014542,783,excellent,93.85,97.39,27.23,52.35,91.84,80.5649,5.6,0,0,0,0,0,0,1,3,104966.46,0.3341,low,0.25
CUST014543,810,excellent,94.83,90.13,89.98,31.37,80.6,84.9236,7.28,12,1,0,0,0,0,0,4,268163.28,0.0266,low,0.0
CUST014544,810,excellent,98.6,79.88,84.5,45.43,92.97,84.9877,11.92,5,0,0,0,0,0,0,6,49080.4,0.1659,low,0.0
CUST014545,706,good,64.32,88.82,74.42,30.58,43.4,67.7185,3.49,6,3,2,0,0,0,0,0,35809.9,0.0089,low,0.0
CUST014546,768,excellent,88.69,78.34,58.98,66.27,80.67,78.0815,11.94,4,1,0,0,0,0,1,3,228426.41,0.9669,low,0.25
CUST014547,737,good,62.49,96.49,64.71,38.12,84.7,72.8052,3.95,3,1,4,0,0,0,0,6,100632.5,0.068,low,0.0
CUST014548,799,excellent,79.57,97.05,86.44,36.15,96.98,83.2434,2.26,14,0,0,0,0,0,0,3,309422.61,0.0443,low,0.0
CUST014549,773,excellent,70.45,88.5,85.87,52.95,94.9,78.8745,1.02,15,0,0,0,0,0,1,3,69464.96,0.8767,low,0.25
CUST014550,724,good,61.14,98.52,58.21,40.74,68.33,70.5947,3.12,2,2,4,0,0,0,0,4,238203.02,0.0664,low,0.0
CUST014551,857,excellent,96.87,92.41,93.62,82.7,88.49,92.7881,7.31,13,1,0,0,0,0,2,7,62344.01,0.5338,low,0.2222
CUST014552,836,excellent,88.34,98.25,89.67,60.45,94.2,89.3076,0.99,12,0,0,0,0,0,1,0,69955.05,0.5233,low,0.5
CUST014553,698,risky,57.41,81.06,65.49,43.39,77.69,66.3439,10.91,8,2,1,0,0,0,0,3,205994.94,0.141,low,0.0
CUST014554,600,high_risk,2.25,84.57,76.34,45.96,77.63,49.9682,14.7,8,2,6,0,1,1,0,2,339117.11,0.4208,low,0.0
CUST014555,832,excellent,97.9,98.66,81.16,37.23,89.49,88.7101,5.84,5,1,0,0,0,0,0,1,38875.33,0.1544,low,0.0
CUST014556,822,excellent,93.66,84.24,97.29,52.05,91.94,87.0474,14.35,15,0,0,0,0,0,1,6,215919.79,0.5982,low,0.1429
CUST014557,686,risky,43.61,94.53,82.07,43.27,40.53,64.3129,8.69,5,4,4,0,0,0,0,4,87353.69,0.199,low,0.0
CUST014558,684,risky,98.44,31.71,31.4,59.26,94.42,64.0437,54.89,1,0,0,0,0,0,0,2,106265.11,0.633,low,0.0
CUST014559,812,excellent,92.98,86.09,76.96,61.72,92.71,85.3577,13.9,5,0,0,0,0,0,1,1,103544.6,0.7179,low,0.5
CUST014560,653,risky,49.9,85.99,21.62,32.1,91.67,58.8818,14.72,0,0,4,0,0,0,0,3,102689.72,0.2216,low,0.0
CUST014561,597,high_risk,11.57,75.34,87.27,62.74,44.61,49.474,14.02,13,4,4,1,0,0,1,4,361279.79,1.2235,low,0.2
CUST014562,814,excellent,86.2,95.25,95.47,45.5,80.75,85.6916,0.52,13,1,0,0,0,0,1,3,233914.1,0.6622,low,0.25
CUST014563,776,excellent,90.2,92.1,51.21,45.63,79.57,79.4022,8.43,4,2,0,0,0,0,0,2,90481.37,0.1093,low,0.0
CUST014564,690,risky,52.83,81.08,68.19,78.26,51.71,65.0423,11.63,6,3,1,0,0,0,1,7,32342.51,1.0416,low,0.125
CUST014565,614,high_risk,6.86,88.85,97.04,30.79,56.08,52.3011,0.5,17,4,4,0,1,1,0,6,95921.1,0.1685,low,0.0
CUST014566,671,risky,25.78,98.74,75.06,38.52,81.37,61.894,6.1,8,1,2,0,0,0,0,6,45276.79,0.2245,low,0.0
CUST014567,799,excellent,88.71,86.2,92.15,32.58,91.87,83.1766,12.24,11,0,0,0,0,0,0,1,12650.03,0.1366,low,0.0
CUST014568,864,excellent,96.28,94.58,90.21,92.03,91.17,93.9247,7.0,16,1,0,0,0,0,2,0,60895.3,0.5169,low,0.6667
CUST014569,784,excellent,88.73,78.04,79.2,46.07,97.89,80.7434,10.71,7,0,0,0,0,0,0,2,83206.85,0.1123,low,0.0
CUST014570,737,good,85.1,89.27,30.02,36.31,81.99,72.9002,1.62,1,1,0,0,0,0,0,6,231440.89,0.1285,low,0.0
CUST014571,703,good,76.14,79.07,27.26,39.68,88.1,67.2381,14.73,0,1,1,0,0,0,0,3,114909.47,0.1212,low,0.0
CUST014572,693,risky,61.69,75.61,56.69,34.61,92.99,65.5364,12.43,2,0,2,0,0,0,0,7,181629.3,0.1785,low,0.0
CUST014573,786,excellent,95.36,95.72,48.01,35.52,81.32,80.9761,7.97,1,1,0,0,0,0,0,1,156672.71,0.0601,low,0.0
CUST014574,656,risky,30.65,88.4,86.3,38.53,53.55,59.3997,6.57,19,3,2,0,0,0,0,5,135568.59,0.2211,low,0.0
CUST014575,757,excellent,68.27,90.77,86.92,34.36,86.17,76.2175,5.93,11,1,1,0,0,0,0,3,146805.65,0.1486,low,0.0
CUST014576,714,good,57.96,77.13,98.6,39.27,68.09,68.9492,11.89,11,2,4,0,0,0,0,4,25506.97,0.0958,low,0.0
CUST014577,759,excellent,90.75,87.1,33.05,39.26,96.68,76.4438,14.13,1,0,0,0,0,0,0,5,35019.28,0.1278,low,0.0
CUST014578,760,excellent,59.9,99.11,89.3,45.21,80.24,76.641,7.53,15,1,3,0,0,0,0,5,120060.89,0.0617,low,0.0
CUST014579,688,risky,54.78,85.69,49.54,46.61,77.33,64.7037,11.2,1,2,3,0,0,0,0,3,161221.49,0.0464,low,0.0
CUST014580,839,excellent,89.85,99.96,76.64,73.97,94.35,89.7617,9.96,6,0,0,0,0,0,1,4,78991.25,0.6917,low,0.2
CUST014581,738,good,69.64,82.52,69.47,49.83,84.83,73.0185,12.76,7,1,0,0,0,0,1,0,838958.18,0.4959,low,0.5
CUST014582,804,excellent,88.24,89.35,62.04,69.74,99.68,83.9373,3.24,4,0,0,0,0,0,1,5,183765.65,0.5033,low,0.1667
CUST014583,-1,no_history,89.21,99.55,23.48,47.55,92.41,78.6073,6.28,0,0,0,0,0,0,0,3,154405.48,0.08,low,0.0
CUST014584,832,excellent,89.09,97.88,77.08,78.47,86.31,88.5853,9.46,7,1,0,0,0,0,2,3,83668.62,0.3432,low,0.4
CUST014585,660,risky,70.32,56.72,30.71,55.66,82.69,60.0697,45.75,1,1,1,0,0,0,0,3,19573.39,0.489,low,0.0
CUST014586,698,risky,46.33,84.88,69.54,62.76,88.67,66.253,25.74,5,1,2,0,0,0,1,1,153791.74,1.3487,low,0.5
CUST014587,804,excellent,99.33,91.73,50.98,45.05,96.26,84.0597,0.6,2,0,0,0,0,0,1,7,136214.61,0.6154,low,0.125
CUST014588,792,excellent,87.57,98.54,60.98,44.56,81.46,81.9611,7.02,2,1,0,0,0,0,0,4,320516.59,0.1583,low,0.0
CUST014589,837,excellent,90.7,96.03,91.03,60.97,92.01,89.5053,1.62,13,0,0,0,0,0,1,5,267459.57,0.7018,low,0.1667
CUST014590,832,excellent,99.59,82.87,93.55,58.98,90.3,88.6799,13.27,14,0,0,0,0,0,1,0,48924.38,0.5483,low,0.5
CUST014591,823,excellent,89.99,89.33,94.05,65.04,82.97,87.2036,5.64,12,1,0,0,0,0,1,6,100116.16,0.3709,low,0.1429
CUST014592,837,excellent,90.22,98.65,82.42,76.1,83.08,89.4538,9.85,5,1,0,0,0,0,1,0,100392.52,0.9663,low,0.5
CUST014593,798,excellent,93.05,96.68,65.81,31.34,84.8,83.0591,0.18,7,1,0,0,0,0,0,4,280832.51,0.1177,low,0.0
CUST014594,747,good,87.67,91.72,17.15,45.35,91.57,74.4634,9.79,0,0,0,0,0,0,1,1,45334.67,0.6421,low,0.5
CUST014595,797,excellent,92.88,97.43,68.45,44.41,63.07,82.7513,1.44,7,3,0,0,0,0,0,7,16198.84,0.1368,low,0.0
CUST014596,583,high_risk,12.15,89.94,34.1,76.16,41.59,47.1256,4.29,1,5,7,0,0,0,1,0,311092.07,1.5437,moderate,0.5
CUST014597,782,excellent,71.26,88.85,88.77,63.71,90.51,80.332,10.17,20,0,0,0,0,0,1,1,46179.81,0.598,low,0.5
CUST014598,743,good,60.2,95.28,77.36,36.85,88.26,73.7704,7.68,5,1,4,0,0,0,0,0,103338.52,0.0635,low,0.0
CUST014599,817,excellent,91.62,94.45,91.26,52.47,68.37,86.174,2.35,14,2,0,0,0,0,1,6,56208.17,0.7714,low,0.1429
CUST014600,610,high_risk,38.36,47.04,65.55,52.06,91.23,51.6971,67.71,8,1,1,0,0,0,0,2,254031.35,0.03,low,0.0
CUST014601,739,good,47.2,88.56,93.3,75.36,85.87,73.2025,2.35,20,1,1,0,0,0,1,2,90978.01,0.8358,low,0.3333
CUST014602,800,excellent,95.68,94.78,48.62,44.13,96.43,83.2705,0.14,1,0,0,0,0,0,0,1,205685.52,0.1484,low,0.0
CUST014603,775,excellent,96.74,98.0,10.03,46.13,98.07,79.1841,6.45,0,0,0,0,0,0,1,6,167269.49,0.3351,low,0.1429
CUST014604,607,high_risk,9.54,97.13,75.48,42.68,31.19,51.1845,9.31,9,6,4,0,1,1,0,0,274214.37,0.5796,low,0.0
CUST014605,710,good,56.03,84.5,67.07,38.2,94.25,68.2665,10.5,8,0,1,0,0,0,0,1,22729.64,0.0923,low,0.0
CUST014606,722,good,65.38,82.47,56.04,62.15,80.9,70.3327,13.28,4,1,0,0,0,0,1,5,614420.71,0.3731,low,0.1667
CUST014607,826,excellent,97.73,85.47,72.4,71.03,98.29,87.64,11.59,6,0,0,0,0,0,1,3,608156.29,0.3554,low,0.25
CUST014608,689,risky,44.28,88.18,75.52,34.21,81.62,64.8621,11.82,7,1,2,0,0,0,0,6,134071.03,0.0812,low,0.0
CUST014609,781,excellent,97.77,96.38,40.59,31.11,79.15,80.2475,4.23,1,2,0,0,0,0,0,0,365291.29,0.0775,low,0.0
CUST014610,724,good,91.64,42.75,90.89,50.22,70.52,70.6045,54.58,13,2,0,0,0,0,0,0,31932.97,0.0844,low,0.0
CUST014611,774,excellent,93.14,67.48,78.55,46.62,97.14,79.0016,45.37,6,0,0,0,0,0,0,2,44447.8,0.1036,low,0.0
CUST014612,718,good,48.48,88.71,95.8,33.71,83.47,69.6712,14.58,14,1,3,0,0,0,0,6,398970.38,0.1071,low,0.0
CUST014613,807,excellent,89.19,92.79,85.8,42.43,84.05,84.5701,8.99,16,1,0,0,0,0,0,6,165323.45,0.0544,low,0.0
CUST014614,796,excellent,89.76,83.99,69.72,61.24,94.33,82.6289,11.45,9,0,0,0,0,0,1,6,230651.74,0.8395,low,0.1429
CUST014615,763,excellent,85.17,92.55,28.33,53.67,99.31,77.121,9.86,0,0,0,0,0,0,1,6,79644.32,0.8125,low,0.1429
CUST014616,831,excellent,94.75,89.11,95.07,58.43,84.97,88.4958,7.97,10,1,0,0,0,0,1,3,96989.27,0.451,low,0.25
CUST014617,726,good,56.75,86.35,96.77,34.87,72.82,71.0524,11.01,16,2,4,0,0,0,0,1,39558.04,0.0947,low,0.0
CUST014618,670,risky,32.66,88.52,93.43,43.33,53.44,61.6772,13.05,10,3,2,0,0,0,0,6,42109.25,0.1582,low,0.0
CUST014619,828,excellent,99.57,92.29,88.04,38.87,83.38,87.9671,6.44,20,1,0,0,0,0,0,2,130254.4,0.1552,low,0.0
CUST014620,825,excellent,86.19,97.7,99.65,41.33,89.5,87.5088,5.35,19,1,0,0,0,0,0,5,276996.46,0.1276,low,0.0
CUST014621,694,risky,53.74,90.08,66.09,34.49,64.95,65.6928,8.24,8,3,2,0,0,0,0,5,136392.62,0.2007,low,0.0
CUST014622,685,risky,41.39,95.19,64.68,47.82,66.49,64.1743,6.88,4,2,2,0,0,0,0,6,274619.78,0.1482,low,0.0
CUST014623,799,excellent,87.54,96.94,58.01,62.91,83.86,83.0989,4.26,3,1,0,0,0,0,1,5,286852.9,0.793,low,0.1667
CUST014624,629,high_risk,25.09,84.05,65.8,30.23,79.56,54.8462,12.99,7,2,2,0,0,0,0,2,25295.97,0.0862,low,0.0
CUST014625,771,excellent,76.1,76.09,89.5,57.63,97.73,78.4239,14.5,13,0,1,0,0,0,1,5,50604.01,0.7569,low,0.1667
CUST014626,625,high_risk,6.79,95.47,95.23,49.12,40.21,54.2329,1.53,17,4,7,1,1,1,0,3,113743.06,0.3321,low,0.0
CUST014627,811,excellent,89.38,92.91,89.53,30.07,95.75,85.1686,4.68,10,0,0,0,0,0,0,6,46112.17,0.0968,low,0.0
CUST014628,785,excellent,90.12,85.24,50.92,64.52,96.83,80.8869,11.81,4,0,0,0,0,0,1,0,157270.07,0.7249,low,0.5
CUST014629,725,good,92.74,77.49,15.6,37.07,91.46,70.8974,11.54,0,1,0,0,0,0,0,5,92421.61,0.0623,low,0.0
CUST014630,737,good,68.03,93.79,51.74,33.6,97.4,72.8085,8.54,2,0,1,0,0,0,0,1,210862.43,0.0794,low,0.0
CUST014631,836,excellent,99.55,90.12,93.44,43.46,90.83,89.3246,7.94,19,0,0,0,0,0,0,3,373726.87,0.0732,low,0.0
CUST014632,585,high_risk,19.77,91.87,13.73,67.84,51.6,47.4852,5.15,0,4,4,0,0,0,1,4,78244.47,1.7552,moderate,0.2
CUST014633,825,excellent,99.99,95.4,65.27,46.97,94.08,87.5114,9.53,7,0,0,0,0,0,0,0,57955.86,0.0802,low,0.0
CUST014634,694,risky,58.11,85.93,44.45,43.84,84.49,65.6162,14.69,1,1,2,0,0,0,0,6,47583.46,0.1427,low,0.0
CUST014635,807,excellent,96.57,79.07,96.65,46.97,77.6,84.4755,12.94,18,2,0,0,0,0,0,4,801986.95,0.0192,low,0.0
CUST014636,826,excellent,94.61,99.18,86.36,37.36,81.77,87.7348,3.27,11,1,0,0,0,0,0,2,142322.15,0.1319,low,0.0
CUST014637,707,good,47.75,75.92,97.7,38.75,97.72,67.7908,10.22,19,0,3,0,0,0,0,3,43362.94,0.1856,low,0.0
CUST014638,853,excellent,99.85,90.05,91.81,71.88,92.04,92.1251,3.34,10,0,0,0,0,0,1,5,49594.61,0.9709,low,0.1667
CUST014639,811,excellent,99.74,97.76,48.69,40.38,96.3,85.2086,1.87,3,0,0,0,0,0,0,2,216517.24,0.0496,low,0.0
CUST014640,781,excellent,99.79,96.3,15.25,49.7,90.93,80.1691,8.37,0,1,0,0,0,0,0,4,91390.77,0.1012,low,0.0
CUST014641,680,risky,45.94,79.79,66.27,63.64,70.04,63.3233,13.02,5,2,2,0,0,0,1,5,45529.8,0.7425,low,0.1667
CUST014642,798,excellent,98.16,96.97,39.59,41.55,95.38,83.079,3.31,1,0,0,0,0,0,0,2,199215.01,0.0883,low,0.0
CUST014643,799,excellent,98.2,99.22,34.64,41.11,97.5,83.1942,9.25,0,0,0,0,0,0,0,7,947341.71,0.0795,low,0.0
CUST014644,838,excellent,98.1,91.64,95.36,52.26,82.44,89.6004,4.3,17,1,0,0,0,0,1,4,79543.13,0.559,low,0.2
CUST014645,813,excellent,90.14,94.05,92.17,34.02,85.62,85.5529,5.49,15,1,0,0,0,0,0,2,359864.52,0.0757,low,0.0
CUST014646,694,risky,62.56,77.69,65.83,33.24,73.07,65.7064,12.32,6,2,2,0,0,0,0,7,60247.49,0.1508,low,0.0
CUST014647,767,excellent,79.63,99.01,48.03,31.62,99.44,77.884,5.3,1,0,0,0,0,0,0,5,55423.51,0.1572,low,0.0
CUST014648,813,excellent,93.93,93.85,73.26,40.68,93.52,85.4399,8.2,7,0,0,0,0,0,0,7,283684.02,0.0037,low,0.0
CUST014649,832,excellent,88.38,99.49,84.72,56.98,94.23,88.609,2.4,8,0,0,0,0,0,1,4,70220.22,0.5804,low,0.2
CUST014650,749,good,97.6,76.63,17.69,57.37,93.37,74.8754,11.84,0,0,0,0,0,0,1,7,139677.86,0.5335,low,0.125
CUST014651,827,excellent,91.95,97.9,92.2,44.24,80.63,87.8702,9.29,10,1,0,0,0,0,0,6,78415.79,0.0592,low,0.0
CUST014652,777,excellent,85.05,89.95,51.08,56.92,93.28,79.4336,3.95,3,0,0,0,0,0,1,6,63271.75,0.6561,low,0.1429
CUST014653,759,excellent,56.02,92.86,96.22,74.41,80.83,76.4215,1.84,10,1,3,0,0,0,1,5,31018.93,1.0565,low,0.1667
CUST014654,816,excellent,95.55,91.75,78.62,33.13,99.05,85.9781,8.15,6,0,0,0,0,0,0,7,330679.93,0.1001,low,0.0
CUST014655,731,good,71.89,93.02,30.03,47.36,94.45,71.7519,9.94,0,0,0,0,0,0,0,3,18134.03,0.0404,low,0.0
CUST014656,837,excellent,99.21,81.76,96.54,67.35,90.29,89.4973,10.58,15,0,0,0,0,0,1,1,96852.19,0.9079,low,0.5
CUST014657,715,good,58.53,99.45,45.33,38.66,82.5,69.236,7.57,1,1,2,0,0,0,0,7,84044.81,0.0198,low,0.0
CUST014658,719,good,90.13,77.4,21.97,33.5,84.96,69.907,14.49,0,1,0,0,0,0,0,1,69365.7,0.0999,low,0.0
CUST014659,744,good,53.35,99.49,75.83,43.49,97.05,73.9496,3.17,8,0,4,0,0,0,0,1,310144.15,0.0736,low,0.0
CUST014660,775,excellent,92.1,89.26,35.44,49.87,98.53,79.1695,10.17,1,0,0,0,0,0,0,1,32486.56,0.1553,low,0.0
CUST014661,772,excellent,70.8,91.83,75.48,56.7,93.1,78.6337,7.56,5,0,1,0,0,0,1,1,92232.0,0.7439,low,0.5
CUST014662,760,excellent,77.39,78.5,81.2,53.4,84.79,76.6374,13.08,8,1,0,0,0,0,1,0,51570.73,0.9126,low,0.5
CUST014663,787,excellent,72.34,93.17,81.26,64.42,93.25,81.2288,7.27,8,0,0,0,0,0,1,2,95835.7,0.7788,low,0.3333
CUST014664,812,excellent,97.65,94.27,61.94,43.4,92.68,85.3542,3.14,3,0,0,0,0,0,0,3,637497.17,0.1492,low,0.0
CUST014665,788,excellent,87.22,88.35,55.46,67.36,92.74,81.3616,1.23,4,0,0,0,0,0,1,7,20341.53,0.3663,low,0.125
CUST014666,805,excellent,99.73,78.19,67.02,58.54,98.16,84.0848,13.79,5,0,0,0,0,0,1,0,1948225.51,0.5852,low,0.5
CUST014667,670,risky,38.62,88.28,81.64,49.2,44.36,61.6044,14.91,9,3,1,0,0,0,0,7,53366.48,0.1779,low,0.0
CUST014668,619,high_risk,32.68,94.1,33.76,42.87,41.47,53.1683,6.82,1,4,3,0,0,0,0,2,897682.45,0.0739,low,0.0
CUST014669,792,excellent,85.7,80.81,95.23,37.58,97.03,81.9843,10.12,14,0,0,0,0,0,0,4,48899.18,0.0889,low,0.0
CUST014670,778,excellent,99.66,82.47,57.14,46.68,67.78,79.641,11.84,3,2,0,0,0,0,0,7,134571.57,0.0088,low,0.0
CUST014671,772,excellent,88.08,90.29,51.9,32.62,96.34,78.5974,8.87,3,0,0,0,0,0,0,3,14566.74,0.063,low,0.0
CUST014672,653,risky,48.67,97.52,24.27,43.98,44.52,58.7842,4.83,0,3,3,0,0,0,0,4,134837.18,0.0828,low,0.0
CUST014673,622,high_risk,10.35,97.91,87.08,70.63,16.02,53.7231,2.36,13,8,4,0,0,0,1,3,424361.23,1.5957,moderate,0.25
CUST014674,820,excellent,95.04,98.63,72.4,42.52,87.63,86.7272,9.96,9,1,0,0,0,0,0,4,334154.62,0.0639,low,0.0
CUST014675,678,risky,47.56,82.97,82.33,37.97,52.96,62.9776,14.34,9,3,2,0,0,0,0,3,132281.33,0.051,low,0.0
CUST014676,-1,no_history,96.03,97.23,18.43,46.62,92.85,79.4918,7.25,0,0,0,0,0,0,0,3,500509.5,0.0114,low,0.0
CUST014677,750,excellent,90.81,82.19,35.02,35.14,98.57,75.0618,10.13,1,0,0,0,0,0,0,5,23852.05,0.1542,low,0.0
CUST014678,784,excellent,86.58,98.33,42.85,47.2,97.0,80.6509,9.24,1,0,0,0,0,0,0,1,142521.38,0.0105,low,0.0
CUST014679,793,excellent,86.74,81.15,84.12,55.12,93.29,82.1635,13.12,9,0,0,0,0,0,1,2,106460.78,0.6571,low,0.3333
CUST014680,688,risky,93.06,31.06,47.29,60.54,96.76,64.7115,51.39,1,0,0,0,0,0,0,2,57020.73,0.0443,low,0.0
CUST014681,841,excellent,93.34,92.39,96.78,56.96,95.99,90.2002,3.27,19,0,0,0,0,0,1,0,206275.2,0.6778,low,0.5
CUST014682,778,excellent,87.45,91.47,55.29,37.75,94.75,79.5912,3.25,2,0,0,0,0,0,0,1,106268.66,0.0836,low,0.0
CUST014683,841,excellent,91.67,82.09,93.85,93.9,99.57,90.1384,12.97,10,0,0,0,0,0,2,6,323960.2,0.4837,low,0.25
CUST014684,809,excellent,91.7,90.48,73.88,47.28,98.65,84.914,8.42,9,0,0,0,0,0,0,0,30991.24,0.0265,low,0.0
CUST014685,786,excellent,79.07,90.17,92.71,31.31,91.88,80.9508,1.52,12,1,0,0,0,0,0,5,43254.65,0.124,low,0.0
CUST014686,767,excellent,95.48,78.12,48.1,47.4,90.88,77.8942,11.58,1,0,0,0,0,0,0,6,64755.51,0.1302,low,0.0
CUST014687,738,good,60.34,95.95,96.78,60.86,35.12,73.021,4.51,10,5,3,0,0,0,1,3,17249.65,1.1196,low,0.25
CUST014688,823,excellent,99.85,84.29,85.14,41.8,99.62,87.147,12.5,15,0,0,0,0,0,0,7,139644.87,0.1266,low,0.0
CUST014689,788,excellent,96.77,93.58,47.01,41.77,82.16,81.389,1.68,2,1,0,0,0,0,0,0,192670.67,0.1608,low,0.0
CUST014690,802,excellent,96.84,88.81,65.71,50.75,81.79,83.6463,2.5,6,1,0,0,0,0,1,1,109861.84,0.5018,low,0.5
CUST014691,521,high_risk,0.12,89.16,20.09,38.61,32.03,36.8694,12.4,0,5,6,0,1,1,0,7,122691.51,0.2453,low,0.0
CUST014692,720,good,68.08,95.78,30.58,44.96,84.04,70.0491,4.22,0,1,1,0,0,0,0,5,29449.12,0.1112,low,0.0
CUST014693,802,excellent,88.37,89.06,68.16,76.52,80.75,83.6002,5.43,8,1,0,0,0,0,1,1,29394.55,0.7609,low,0.5
CUST014694,776,excellent,90.46,76.64,76.14,38.11,94.67,79.3516,10.68,5,0,0,0,0,0,0,1,469235.18,0.095,low,0.0
CUST014695,771,excellent,93.39,83.08,52.48,46.19,84.14,78.5166,14.11,4,1,0,0,0,0,0,4,113875.97,0.1446,low,0.0
CUST014696,811,excellent,98.81,82.78,69.26,61.9,91.95,85.1917,12.45,9,0,0,0,0,0,1,6,214441.49,0.5731,low,0.1429
CUST014697,732,good,95.39,46.91,65.23,49.14,98.53,72.0108,53.9,7,0,0,0,0,0,0,6,101417.46,0.0459,low,0.0
CUST014698,817,excellent,97.47,83.44,86.73,45.59,94.03,86.1184,17.64,13,0,0,0,0,0,0,0,462772.48,0.0933,low,0.0
CUST014699,653,risky,41.43,88.29,47.01,39.21,69.18,58.8765,2.74,1,2,3,0,0,0,0,1,167004.54,0.0855,low,0.0
CUST014700,776,excellent,99.33,79.52,40.92,48.99,97.52,79.4082,11.91,1,0,0,0,0,0,0,2,200053.98,0.1084,low,0.0
CUST014701,829,excellent,92.54,97.37,99.62,38.55,78.43,88.2388,4.63,13,2,0,0,0,0,0,6,57379.22,0.0741,low,0.0
CUST014702,789,excellent,85.65,95.44,60.12,47.69,91.4,81.535,6.27,3,0,0,0,0,0,0,3,81170.3,0.1369,low,0.0
CUST014703,761,excellent,87.66,97.26,30.3,45.35,79.78,76.9138,6.79,1,2,0,0,0,0,0,1,41294.89,0.1169,low,0.0
CUST014704,841,excellent,99.49,95.82,69.87,67.03,94.17,90.1684,0.47,8,0,0,0,0,0,1,7,325679.7,0.5025,low,0.125
CUST014705,826,excellent,90.32,97.71,90.25,41.83,90.26,87.6736,7.53,11,0,0,0,0,0,0,1,69282.86,0.109,low,0.0
CUST014706,707,good,44.56,99.8,62.85,41.16,87.31,67.8086,1.1,2,1,4,0,0,0,0,7,76377.73,0.0036,low,0.0
CUST014707,792,excellent,87.97,82.03,88.18,38.03,95.84,82.0131,12.22,10,0,0,0,0,0,0,2,24226.71,0.0017,low,0.0
CUST014708,689,risky,51.4,65.69,82.62,56.71,91.22,64.8822,43.37,7,0,4,0,0,0,0,1,58584.62,0.0625,low,0.0
CUST014709,842,excellent,94.67,89.56,88.5,72.72,97.65,90.3149,9.45,13,0,0,0,0,0,1,7,52616.91,0.5566,low,0.125
CUST014710,804,excellent,87.57,79.05,97.92,55.23,94.13,83.9875,14.52,19,0,0,0,0,0,1,2,42985.49,0.8571,low,0.3333
CUST014711,805,excellent,91.35,98.3,60.4,44.34,92.42,84.1994,0.54,3,0,0,0,0,0,0,7,156883.24,0.1132,low,0.0
CUST014712,856,excellent,94.18,92.87,99.46,78.82,90.77,92.7013,1.93,16,1,0,0,0,0,1,3,59340.64,0.431,low,0.25
CUST014713,843,excellent,97.64,93.61,92.38,47.02,96.72,90.4898,0.23,15,0,0,0,0,0,0,4,79666.28,0.0423,low,0.0
CUST014714,820,excellent,92.6,94.33,97.52,30.65,82.41,86.6437,8.93,13,1,0,0,0,0,0,0,152687.43,0.0328,low,0.0
CUST014715,777,excellent,85.49,84.25,72.03,44.68,90.06,79.473,11.0,5,0,0,0,0,0,0,4,136196.45,0.1006,low,0.0
CUST014716,792,excellent,95.28,91.58,41.12,52.32,97.43,81.9645,2.66,1,0,0,0,0,0,1,2,118232.68,0.601,low,0.3333
CUST014717,826,excellent,97.3,89.96,84.3,40.8,98.89,87.6565,14.83,6,0,0,0,0,0,0,5,421195.21,0.1198,low,0.0
CUST014718,663,risky,43.37,96.26,43.01,35.04,65.38,60.5503,0.78,1,2,4,0,0,0,0,1,41247.2,0.1588,low,0.0
CUST014719,633,high_risk,17.55,84.28,94.39,71.29,37.17,55.4313,12.46,10,6,3,0,0,0,1,6,132141.73,1.3479,low,0.1429
CUST014720,761,excellent,88.9,92.75,47.69,38.37,69.12,76.845,2.72,2,2,0,0,0,0,0,5,80611.73,0.1261,low,0.0
CUST014721,790,excellent,88.4,95.86,30.83,74.42,99.02,81.665,6.4,1,0,0,0,0,0,1,3,141553.61,0.6049,low,0.25
CUST014722,805,excellent,87.04,86.62,89.09,52.14,91.21,84.1495,12.23,13,1,0,0,0,0,1,3,190047.66,0.362,low,0.25
CUST014723,755,excellent,92.35,61.44,68.44,61.13,87.13,75.8456,37.97,7,1,0,0,0,0,1,5,91706.59,0.6168,low,0.1667
CUST014724,800,excellent,99.03,91.27,48.79,47.5,92.88,83.399,8.51,1,0,0,0,0,0,1,5,118564.33,0.5887,low,0.1667
CUST014725,671,risky,56.98,93.54,21.68,39.84,66.38,61.8797,2.05,0,2,4,0,0,0,0,6,211121.37,0.2213,low,0.0
CUST014726,820,excellent,96.12,96.04,58.41,62.15,93.09,86.7393,5.17,3,0,0,0,0,0,1,3,96977.64,0.8901,low,0.25
CUST014727,638,high_risk,44.78,94.47,11.06,43.5,62.48,56.2708,1.81,0,3,1,0,0,0,0,0,234567.46,0.2456,low,0.0
CUST014728,773,excellent,87.13,91.08,65.79,31.85,79.61,78.8322,8.08,6,2,0,0,0,0,0,0,70935.7,0.0612,low,0.0
CUST014729,849,excellent,97.84,95.36,96.51,46.92,94.38,91.4583,3.53,15,0,0,0,0,0,1,4,228377.95,0.7162,low,0.2
CUST014730,757,excellent,85.52,82.59,48.04,49.2,92.83,76.1177,14.94,3,0,0,0,0,0,0,2,172094.67,0.0896,low,0.0
CUST014731,798,excellent,85.14,88.76,62.32,78.2,94.35,83.0302,3.08,2,0,0,0,0,0,1,4,34906.64,0.6193,low,0.2
CUST014732,824,excellent,89.5,92.94,95.31,55.52,83.05,87.3623,1.52,16,1,0,0,0,0,1,6,67309.83,0.345,low,0.1429
CUST014733,715,good,73.0,96.19,16.46,36.62,86.05,69.1435,2.6,0,1,0,0,0,0,0,2,124201.25,0.1278,low,0.0
CUST014734,809,excellent,97.71,95.85,56.75,43.63,90.41,84.8699,0.61,2,1,0,0,0,0,0,0,330741.81,0.0656,low,0.0
CUST014735,659,risky,42.27,94.99,48.74,47.74,44.57,59.8346,1.96,3,3,3,0,0,0,0,5,46181.77,0.1785,low,0.0
CUST014736,695,risky,65.4,87.18,37.8,36.3,74.74,65.8202,13.4,1,2,0,0,0,0,0,5,113285.7,0.0059,low,0.0
CUST014737,725,good,69.86,61.75,97.28,46.45,86.4,70.8511,31.99,11,1,1,0,0,0,1,0,72083.06,0.4071,low,0.5
CUST014738,732,good,88.14,77.13,41.51,32.16,86.09,72.0363,11.4,1,1,0,0,0,0,0,0,80053.43,0.0017,low,0.0
CUST014739,802,excellent,99.39,83.49,78.48,47.95,72.41,83.6428,14.92,9,2,0,0,0,0,0,0,103895.66,0.1096,low,0.0
CUST014740,748,good,93.98,89.87,14.76,30.99,94.39,74.6034,8.21,0,0,0,0,0,0,0,7,153212.16,0.0038,low,0.0
CUST014741,864,excellent,99.38,97.85,84.15,81.08,90.85,93.9549,5.57,7,0,0,0,0,0,2,1,41916.86,0.6503,low,0.6667
CUST014742,725,good,52.88,84.24,96.28,47.49,79.22,70.893,14.89,18,2,3,0,0,0,0,5,27137.22,0.1591,low,0.0
CUST014743,814,excellent,85.94,91.67,91.9,43.38,99.62,85.666,6.66,14,0,0,0,0,0,0,6,94327.31,0.083,low,0.0
CUST014744,816,excellent,86.09,93.69,79.9,61.96,96.18,86.0379,8.92,8,0,0,0,0,0,1,1,104899.34,0.6737,low,0.5
CUST014745,779,excellent,65.64,88.66,99.05,61.1,93.54,79.8917,8.13,17,0,0,0,0,0,1,2,21998.21,0.8246,low,0.3333
CUST014746,622,high_risk,31.87,77.69,35.85,62.88,76.08,53.7347,10.21,1,2,3,0,0,0,0,4,72809.7,0.9897,low,0.0
CUST014747,838,excellent,98.96,95.72,96.57,38.5,80.26,89.7144,5.72,17,1,0,0,0,0,0,1,136202.99,0.1599,low,0.0
CUST014748,774,excellent,73.43,93.83,88.91,30.29,87.44,78.9579,9.68,14,1,0,0,0,0,0,6,357971.02,0.1036,low,0.0
CUST014749,825,excellent,93.58,92.98,75.3,61.63,94.07,87.5139,9.04,8,0,0,0,0,0,1,7,13433.67,0.7258,low,0.125
CUST014750,714,good,59.28,84.06,94.89,42.93,45.48,69.0397,11.76,17,3,1,0,0,0,0,3,91666.8,0.0168,low,0.0
CUST014751,770,excellent,89.74,78.75,69.98,31.13,96.09,78.2542,11.79,6,0,0,0,0,0,0,6,94440.58,0.085,low,0.0
CUST014752,767,excellent,91.21,80.6,65.92,36.28,82.39,77.8613,14.53,6,1,0,0,0,0,0,7,99653.45,0.0753,low,0.0
CUST014753,822,excellent,87.14,97.21,88.5,46.17,94.6,87.017,9.26,19,0,0,0,0,0,1,4,74673.3,0.6673,low,0.2
CUST014754,815,excellent,90.95,98.13,69.34,49.81,91.69,85.8217,1.7,8,1,0,0,0,0,0,4,48789.76,0.0758,low,0.0
CUST014755,780,excellent,68.78,89.35,74.75,79.45,98.85,79.9212,13.01,9,0,0,0,0,0,1,1,100701.32,0.588,low,0.5
CUST014756,808,excellent,88.65,96.89,77.52,40.0,90.03,84.727,4.85,7,0,0,0,0,0,0,7,725429.67,0.047,low,0.0
CUST014757,625,high_risk,49.84,62.22,26.82,53.45,86.76,54.1549,31.6,0,1,3,0,0,0,0,5,69222.44,0.1245,low,0.0
CUST014758,829,excellent,95.67,88.9,86.97,54.97,95.26,88.2214,19.09,12,0,0,0,0,0,0,2,92008.09,0.093,low,0.0
CUST014759,806,excellent,98.38,82.75,88.96,33.74,83.04,84.2779,11.94,14,1,0,0,0,0,0,1,208264.48,0.1387,low,0.0
CUST014760,810,excellent,91.08,81.42,84.02,79.45,81.67,85.019,10.56,8,1,0,0,0,0,1,4,303296.46,0.4809,low,0.2
CUST014761,644,high_risk,22.66,91.99,68.31,74.16,50.96,57.2851,7.11,6,4,4,0,0,0,1,3,83085.02,1.4528,low,0.25
CUST014762,803,excellent,87.18,88.52,76.51,71.46,81.36,83.8262,4.94,7,1,0,0,0,0,1,7,96592.83,0.6439,low,0.125
CUST014763,797,excellent,86.69,78.61,84.18,70.25,91.77,82.7535,14.5,6,1,0,0,0,0,1,3,156059.79,0.6908,low,0.25
CUST014764,792,excellent,87.37,78.03,79.66,70.99,89.7,82.008,10.36,5,1,0,0,0,0,1,5,219102.3,0.6678,low,0.1667
CUST014765,724,good,89.01,77.7,19.79,37.23,94.59,70.6126,13.27,0,0,0,0,0,0,0,3,160163.06,0.0173,low,0.0
CUST014766,851,excellent,97.56,98.43,97.52,44.06,91.84,91.8903,9.09,20,0,0,0,0,0,0,5,389270.21,0.1249,low,0.0
CUST014767,788,excellent,91.83,95.66,44.82,43.85,94.32,81.3792,0.57,1,0,0,0,0,0,0,4,79376.63,0.0697,low,0.0
CUST014768,705,good,59.01,84.49,61.95,70.49,60.92,67.4346,14.68,4,3,2,0,0,0,1,3,77368.5,1.0829,low,0.25
CUST014769,788,excellent,96.21,79.5,73.64,32.38,94.76,81.2821,10.39,5,0,0,0,0,0,0,3,39426.13,0.0949,low,0.0
CUST014770,592,high_risk,7.91,89.18,92.15,31.49,22.37,48.7324,4.93,13,6,8,0,1,1,0,0,41831.43,0.3946,low,0.0
CUST014771,756,excellent,91.4,93.91,12.7,45.37,93.4,75.9442,4.4,0,0,0,0,0,0,0,0,50457.38,0.0563,low,0.0
CUST014772,840,excellent,90.73,97.46,93.98,62.66,85.95,89.9521,5.12,12,1,0,0,0,0,1,3,84998.04,0.9742,low,0.25
CUST014773,827,excellent,97.09,80.82,98.48,61.13,87.71,87.8858,11.75,10,1,0,0,0,0,1,6,198036.54,0.4573,low,0.1429
CUST014774,731,good,55.26,89.25,94.78,37.19,77.33,71.7842,9.68,15,2,1,0,0,0,0,1,366699.74,0.1376,low,0.0
CUST014775,656,risky,12.9,96.84,91.96,42.14,77.53,59.3261,0.47,12,2,4,0,0,1,0,1,125508.37,0.6416,low,0.0
CUST014776,847,excellent,96.19,99.91,95.78,33.91,98.11,91.206,3.12,16,0,0,0,0,0,0,7,27590.18,0.1461,low,0.0
CUST014777,809,excellent,91.09,95.96,75.81,31.14,96.84,84.8403,0.76,8,0,0,0,0,0,0,0,126939.97,0.0319,low,0.0
CUST014778,613,high_risk,28.19,91.33,22.33,67.92,56.98,52.1075,2.37,0,3,8,0,0,0,1,7,213905.22,1.8368,moderate,0.125
CUST014779,597,high_risk,26.71,75.18,58.17,45.92,42.84,49.5012,11.17,3,3,1,0,0,0,0,7,113612.15,0.1233,low,0.0
CUST014780,819,excellent,87.93,88.07,86.51,74.23,89.01,86.4947,9.9,13,1,0,0,0,0,1,2,228629.15,0.8617,low,0.3333
CUST014781,807,excellent,92.26,96.96,65.96,37.94,94.5,84.5185,5.8,6,0,0,0,0,0,0,2,69064.34,0.1172,low,0.0
CUST014782,775,excellent,95.99,83.52,47.41,53.46,80.24,79.1315,13.29,4,1,0,0,0,0,1,3,149898.87,0.3715,low,0.25
CUST014783,770,excellent,87.28,90.48,49.0,39.84,92.8,78.3081,8.75,1,0,0,0,0,0,0,7,75841.81,0.064,low,0.0
CUST014784,849,excellent,99.92,91.85,98.52,49.13,92.73,91.4899,7.45,14,0,0,0,0,0,1,5,41757.3,0.7964,low,0.1667
CUST014785,684,risky,57.89,93.47,41.79,33.21,60.97,63.991,5.51,1,4,4,0,0,0,0,1,342275.77,0.0946,low,0.0
CUST014786,801,excellent,98.68,77.07,87.11,38.96,88.62,83.4828,14.59,12,1,0,0,0,0,0,7,446331.41,0.1374,low,0.0
CUST014787,653,risky,14.31,99.62,96.42,65.96,39.61,58.9137,3.2,19,5,7,1,0,0,1,7,67781.38,1.5572,moderate,0.125
CUST014788,765,excellent,98.86,86.06,12.74,61.46,90.1,77.4847,13.21,0,1,0,0,0,0,1,5,167259.18,0.3795,low,0.1667
CUST014789,744,good,90.71,99.48,17.01,31.57,66.66,73.9693,0.25,0,2,0,0,0,0,0,3,141095.48,0.0353,low,0.0
CUST014790,778,excellent,87.68,89.86,69.43,30.38,85.9,79.6888,13.94,5,1,0,0,0,0,0,3,155148.95,0.0781,low,0.0
CUST014791,836,excellent,99.66,88.22,92.09,45.61,96.85,89.4059,2.98,15,0,0,0,0,0,0,1,26697.86,0.1081,low,0.0
CUST014792,852,excellent,98.38,90.49,94.96,64.19,98.19,92.0609,0.24,19,0,0,0,0,0,1,2,114367.93,0.4364,low,0.3333
CUST014793,656,risky,16.09,99.99,86.53,30.82,76.05,59.2955,8.95,19,2,6,1,0,1,0,1,26704.15,0.1888,low,0.0
CUST014794,698,risky,53.44,88.56,78.07,32.14,61.95,66.3926,7.64,5,3,3,0,0,0,0,4,320930.73,0.0404,low,0.0
CUST014795,831,excellent,94.15,89.24,99.68,46.94,92.0,88.5705,7.57,13,0,0,0,0,0,0,1,28603.36,0.1013,low,0.0
CUST014796,797,excellent,92.62,89.1,71.22,44.28,84.96,82.754,4.62,9,1,0,0,0,0,0,6,61440.14,0.031,low,0.0
CUST014797,810,excellent,91.51,98.04,67.6,45.71,88.84,85.0366,8.01,5,1,0,0,0,0,0,4,120880.82,0.0056,low,0.0
CUST014798,730,good,59.66,97.33,89.92,31.44,49.58,71.6663,9.78,11,3,4,0,0,0,0,1,24200.68,0.089,low,0.0
CUST014799,823,excellent,92.95,94.14,98.38,37.71,78.66,87.168,3.93,11,2,0,0,0,0,0,5,111510.84,0.0702,low,0.0
CUST014800,813,excellent,90.29,91.42,93.53,37.31,86.66,85.4537,6.6,11,1,0,0,0,0,0,5,129802.62,0.1563,low,0.0
CUST014801,833,excellent,96.36,99.23,83.05,41.95,86.07,88.7529,1.21,9,1,0,0,0,0,0,5,127733.51,0.0547,low,0.0
CUST014802,846,excellent,93.38,97.76,87.87,60.7,96.87,90.9484,7.05,15,0,0,0,0,0,1,0,266590.6,0.9108,low,0.5
CUST014803,758,excellent,94.16,93.38,22.95,33.83,85.11,76.3078,7.64,0,1,0,0,0,0,0,2,17110.53,0.0692,low,0.0
CUST014804,799,excellent,90.59,88.07,80.45,33.5,95.74,83.1182,6.9,7,0,0,0,0,0,0,0,280008.13,0.0239,low,0.0
CUST014805,755,excellent,97.36,83.84,19.95,37.23,98.74,75.8173,12.28,0,0,0,0,0,0,0,6,199152.67,0.0669,low,0.0
CUST014806,847,excellent,95.18,95.93,81.85,71.06,96.12,91.0857,3.14,6,0,0,0,0,0,1,5,184989.71,0.8631,low,0.1667
CUST014807,809,excellent,99.9,99.75,57.34,33.24,80.03,84.817,8.46,2,1,0,0,0,0,0,3,141309.43,0.0758,low,0.0
CUST014808,770,excellent,65.45,96.98,71.77,65.12,90.14,78.2937,6.49,5,0,1,0,0,0,1,6,84948.69,0.8467,low,0.1429
CUST014809,777,excellent,92.27,89.93,59.99,34.61,77.34,79.4685,7.84,3,2,0,0,0,0,0,2,238811.96,0.0438,low,0.0
CUST014810,703,good,52.17,95.65,67.91,45.51,54.87,67.1791,3.44,8,4,1,0,0,0,0,7,25819.69,0.2331,low,0.0
CUST014811,787,excellent,88.67,88.72,76.46,39.69,80.11,81.1004,1.13,5,1,0,0,0,0,0,1,23733.34,0.1387,low,0.0
CUST014812,762,excellent,85.1,79.53,60.27,52.25,91.71,77.08,10.01,3,0,0,0,0,0,1,6,50703.19,0.811,low,0.1429
CUST014813,748,good,95.33,82.33,16.71,43.2,98.43,74.7352,10.63,0,0,0,0,0,0,0,7,8387.16,0.1235,low,0.0
CUST014814,745,good,78.08,92.87,46.58,32.53,87.91,74.2212,5.59,2,1,0,0,0,0,0,7,294707.04,0.1561,low,0.0
CUST014815,761,excellent,85.68,77.4,60.08,48.47,98.39,76.9073,14.6,2,0,0,0,0,0,1,1,150833.36,0.6965,low,0.5
CUST014816,750,excellent,46.2,97.36,87.16,75.04,99.99,74.9541,7.15,19,0,4,0,0,0,1,0,57246.52,1.347,low,0.5
CUST014817,838,excellent,92.95,95.18,88.74,68.68,84.4,89.7063,3.29,15,1,0,0,0,0,1,5,45226.61,0.7843,low,0.1667
CUST014818,793,excellent,93.69,93.22,55.14,47.55,83.05,82.0882,8.85,3,1,0,0,0,0,1,4,335114.94,0.8687,low,0.2
CUST014819,824,excellent,87.3,97.12,97.11,48.88,81.48,87.293,3.16,11,1,0,0,0,0,1,6,58394.34,0.9505,low,0.1429
CUST014820,818,excellent,98.64,94.32,76.86,30.22,90.29,86.3989,2.26,8,0,0,0,0,0,0,4,268124.29,0.1439,low,0.0
CUST014821,787,excellent,89.77,90.07,69.03,41.4,82.28,81.1641,1.29,5,1,0,0,0,0,0,2,103517.1,0.0832,low,0.0
CUST014822,609,high_risk,3.75,90.79,79.56,32.67,78.26,51.5753,4.71,6,2,4,0,1,1,0,5,103942.78,0.2879,low,0.0
CUST014823,803,excellent,94.96,96.08,63.03,32.53,90.47,83.8129,9.59,2,1,0,0,0,0,0,3,65409.41,0.0051,low,0.0
CUST014824,576,high_risk,12.84,88.86,30.77,41.8,60.62,46.0116,1.4,1,4,5,0,0,1,0,6,88983.79,0.4522,low,0.0
CUST014825,811,excellent,98.02,88.56,60.28,60.89,91.88,85.1936,0.52,3,0,0,0,0,0,1,7,135119.39,0.4035,low,0.125
CUST014826,838,excellent,97.23,95.89,64.95,72.74,97.79,89.5932,2.16,4,0,0,0,0,0,1,4,301192.39,0.5846,low,0.2
CUST014827,831,excellent,88.8,98.81,72.29,72.4,96.15,88.424,7.18,9,0,0,0,0,0,1,2,226657.07,0.7417,low,0.3333
CUST014828,756,excellent,91.13,61.89,72.28,50.39,95.92,75.9376,49.35,5,0,0,0,0,0,0,3,88144.89,0.0774,low,0.0
CUST014829,765,excellent,98.17,75.54,59.36,35.22,80.21,77.4664,13.21,3,1,0,0,0,0,0,2,93985.79,0.0389,low,0.0
CUST014830,804,excellent,86.64,95.4,70.62,50.83,93.92,84.0117,4.54,7,0,0,0,0,0,1,6,1329738.23,0.769,low,0.1429
CUST014831,811,excellent,97.96,94.89,79.9,32.38,72.15,85.1914,8.56,8,2,0,0,0,0,0,6,277672.81,0.0471,low,0.0
CUST014832,684,risky,62.36,89.77,41.09,46.1,44.35,63.9665,8.66,1,3,3,0,0,0,0,1,260465.82,0.1139,low,0.0
CUST014833,743,good,85.68,91.83,11.86,49.14,95.55,73.7851,9.2,0,0,0,0,0,0,0,5,369875.45,0.154,low,0.0
CUST014834,791,excellent,88.47,94.19,67.58,34.24,90.29,81.8104,4.79,8,1,0,0,0,0,0,5,69112.62,0.0271,low,0.0
CUST014835,667,risky,23.42,92.45,92.05,73.68,50.1,61.1178,2.27,15,4,3,0,0,0,1,5,187890.96,1.5837,moderate,0.1667
CUST014836,772,excellent,91.91,97.5,32.13,32.45,91.16,78.5997,6.85,0,1,0,0,0,0,0,7,519649.24,0.1121,low,0.0
CUST014837,812,excellent,90.93,91.89,78.53,46.46,95.06,85.3236,0.96,7,0,0,0,0,0,0,3,112484.97,0.0863,low,0.0
CUST014838,810,excellent,87.73,93.69,78.68,49.73,94.39,85.0243,3.49,5,0,0,0,0,0,0,2,91583.49,0.0926,low,0.0
CUST014839,644,high_risk,12.88,95.38,94.12,30.67,70.06,57.312,2.24,13,2,8,1,1,1,0,2,18801.89,0.3693,low,0.0
CUST014840,734,good,56.36,88.48,88.15,37.92,91.17,72.4042,10.98,10,0,1,0,0,0,0,1,41902.43,0.1762,low,0.0
CUST014841,756,excellent,94.47,83.19,29.77,40.1,95.45,76.0441,10.95,0,0,0,0,0,0,0,6,86317.49,0.0254,low,0.0
CUST014842,684,risky,85.81,38.58,54.15,56.5,85.48,63.9281,53.28,4,1,0,0,0,0,0,0,61636.78,0.7089,low,0.0
CUST014843,570,high_risk,7.55,98.71,19.83,44.23,52.73,44.9265,9.17,0,3,6,1,0,1,0,3,188234.8,0.584,low,0.0
CUST014844,753,excellent,89.14,83.02,37.55,47.9,90.29,75.5551,10.52,1,1,0,0,0,0,0,1,414889.2,0.0125,low,0.0
CUST014845,797,excellent,86.76,77.25,82.82,69.56,98.34,82.7534,11.31,7,0,0,0,0,0,1,5,198677.8,0.3837,low,0.1667
CUST014846,811,excellent,93.22,78.92,80.07,69.53,98.58,85.124,11.16,8,0,0,0,0,0,1,7,497750.84,0.7922,low,0.125
CUST014847,803,excellent,89.34,98.5,50.25,75.46,79.06,83.8065,0.16,3,2,0,0,0,0,1,4,190175.52,0.7521,low,0.2
CUST014848,640,high_risk,12.57,88.69,97.13,77.82,42.93,56.6523,2.63,12,5,6,0,0,0,1,0,23005.01,1.8323,moderate,0.5
CUST014849,773,excellent,95.76,99.09,16.1,40.93,91.5,78.9012,9.31,0,0,0,0,0,0,0,1,303501.15,0.0794,low,0.0
CUST014850,669,risky,50.67,91.48,59.92,34.98,38.81,61.5448,8.75,2,5,4,0,0,0,0,1,164913.87,0.1635,low,0.0
CUST014851,808,excellent,95.62,91.91,67.85,49.01,84.71,84.5907,4.71,7,1,0,0,0,0,0,5,23461.27,0.1532,low,0.0
CUST014852,813,excellent,89.99,92.88,85.08,38.75,95.79,85.5765,2.04,17,0,0,0,0,0,0,5,28001.2,0.1604,low,0.0
CUST014853,821,excellent,98.34,93.51,55.15,71.4,89.63,86.8476,9.19,3,1,0,0,0,0,1,3,194357.35,0.5707,low,0.25
CUST014854,821,excellent,96.14,97.94,68.76,64.2,69.97,86.7624,4.9,7,2,0,0,0,0,1,2,210962.42,0.4889,low,0.3333
CUST014855,783,excellent,93.19,93.34,48.86,34.29,91.31,80.5067,3.03,3,0,0,0,0,0,0,5,169704.98,0.0804,low,0.0
CUST014856,827,excellent,98.75,88.76,92.16,35.31,92.42,87.7851,3.04,15,0,0,0,0,0,0,1,161975.7,0.0563,low,0.0
CUST014857,794,excellent,75.76,99.64,77.92,45.23,97.67,82.3842,6.23,6,0,0,0,0,0,0,1,189437.2,0.1169,low,0.0
CUST014858,823,excellent,87.32,92.28,83.12,64.68,99.82,87.1665,0.21,9,0,0,0,0,0,1,4,82872.07,0.4017,low,0.2
CUST014859,823,excellent,98.69,90.98,80.23,37.19,96.58,87.2476,9.86,7,0,0,0,0,0,0,0,180472.7,0.0918,low,0.0
CUST014860,719,good,57.74,89.37,68.77,72.47,62.85,69.8686,3.29,6,3,2,0,0,0,1,3,47008.32,1.3678,low,0.25
CUST014861,823,excellent,90.7,93.88,84.6,49.61,96.25,87.1848,9.39,8,0,0,0,0,0,0,2,51607.62,0.1521,low,0.0
CUST014862,823,excellent,90.07,88.6,86.43,64.94,96.19,87.1823,11.93,13,0,0,0,0,0,1,6,51013.49,0.8833,low,0.1429
CUST014863,794,excellent,88.77,93.13,66.25,49.47,84.41,82.3332,9.05,8,1,0,0,0,0,0,6,26721.37,0.1552,low,0.0
CUST014864,819,excellent,99.64,79.43,90.92,46.59,94.62,86.4629,10.58,11,0,0,0,0,0,0,6,295002.98,0.1,low,0.0
CUST014865,806,excellent,94.09,76.79,98.66,44.2,90.99,84.2882,14.83,17,0,0,0,0,0,0,4,436715.91,0.1327,low,0.0
CUST014866,811,excellent,91.92,87.06,91.61,34.95,95.71,85.0982,14.18,20,0,0,0,0,0,0,3,142753.88,0.0759,low,0.0
CUST014867,745,good,85.66,88.25,35.9,31.11,91.49,74.1009,12.27,1,1,0,0,0,0,0,2,28864.39,0.0298,low,0.0
CUST014868,807,excellent,85.91,83.88,99.62,44.01,99.36,84.5132,14.71,19,0,0,0,0,0,0,0,42366.34,0.0874,low,0.0
CUST014869,668,risky,60.48,89.51,22.9,32.93,66.54,61.4022,13.24,0,2,3,0,0,0,0,0,128307.34,0.207,low,0.0
CUST014870,768,excellent,87.29,96.27,34.75,42.75,90.43,77.9609,3.65,0,0,0,0,0,0,0,5,36910.64,0.0437,low,0.0
CUST014871,845,excellent,98.48,91.56,81.96,73.6,92.52,90.8432,9.73,5,0,0,0,0,0,1,1,96802.05,0.6067,low,0.5
CUST014872,759,excellent,87.2,77.9,40.42,74.59,90.1,76.4204,22.93,1,0,0,0,0,0,1,2,103047.74,0.4577,low,0.3333
CUST014873,-1,no_history,85.37,81.36,13.07,36.57,92.51,69.1539,11.3,0,0,0,0,0,0,0,3,103451.52,0.1646,low,0.0
CUST014874,790,excellent,85.21,83.35,65.14,73.41,97.2,81.6624,11.75,6,0,0,0,0,0,1,0,96643.12,0.5965,low,0.5
CUST014875,616,high_risk,7.62,98.18,86.32,49.62,26.29,52.663,5.37,10,5,6,0,1,1,0,6,98153.47,0.5414,low,0.0
CUST014876,666,risky,42.68,99.07,54.78,37.6,43.6,60.9965,4.48,3,4,4,0,0,0,0,6,643350.98,0.221,low,0.0
CUST014877,830,excellent,93.76,95.25,85.48,50.76,90.25,88.3128,0.99,19,0,0,0,0,0,1,4,60299.29,0.888,low,0.2
CUST014878,862,excellent,99.78,99.26,77.84,75.24,97.59,93.6593,7.81,7,0,0,0,0,0,1,7,308304.12,0.5135,low,0.125
CUST014879,791,excellent,85.52,89.85,73.95,43.93,93.8,81.754,8.26,5,0,0,0,0,0,0,1,35550.93,0.0152,low,0.0
CUST014880,802,excellent,96.77,87.6,59.12,63.33,82.64,83.6136,11.8,2,1,0,0,0,0,1,0,77351.24,0.3975,low,0.5
CUST014881,650,risky,14.77,99.61,97.45,72.21,24.07,58.2974,4.33,20,5,8,0,0,0,1,5,25493.74,1.399,low,0.1667
CUST014882,761,excellent,91.28,76.82,47.41,48.32,98.84,76.8212,13.69,4,0,0,0,0,0,0,6,111182.56,0.0791,low,0.0
CUST014883,781,excellent,96.18,97.99,24.43,43.72,90.74,80.1702,8.53,0,0,0,0,0,0,0,7,125259.2,0.0109,low,0.0
CUST014884,758,excellent,92.94,79.66,35.46,46.44,99.23,76.3128,10.1,1,0,0,0,0,0,0,3,133865.47,0.0828,low,0.0
CUST014885,799,excellent,91.34,94.22,59.03,49.53,90.86,83.1304,1.97,2,1,0,0,0,0,0,1,30200.74,0.0518,low,0.0
CUST014886,797,excellent,96.78,95.92,44.89,38.56,95.94,82.8297,6.35,1,0,0,0,0,0,0,5,470049.46,0.0511,low,0.0
CUST014887,781,excellent,91.43,80.83,69.45,36.53,98.47,80.1665,14.35,5,0,0,0,0,0,0,5,130234.56,0.0612,low,0.0
CUST014888,816,excellent,96.73,83.51,95.59,30.81,97.43,86.0691,13.97,11,0,0,0,0,0,0,7,152965.75,0.0894,low,0.0
CUST014889,591,high_risk,10.37,79.21,73.24,34.82,67.15,48.5773,11.71,8,2,7,0,1,1,0,3,100416.76,0.4386,low,0.0
CUST014890,802,excellent,91.18,97.15,56.35,46.09,96.12,83.7316,8.49,2,0,0,0,0,0,0,7,76213.4,0.0968,low,0.0
CUST014891,722,good,86.02,89.84,13.04,45.63,67.12,70.2882,10.72,0,2,0,0,0,0,1,5,116855.62,0.8709,low,0.1667
CUST014892,773,excellent,86.52,90.49,52.88,35.43,99.41,78.8462,0.78,3,0,0,0,0,0,0,7,34805.73,0.0375,low,0.0
CUST014893,719,good,51.79,87.86,98.24,49.1,56.83,69.8114,13.79,12,3,3,0,0,0,0,4,104916.96,0.1362,low,0.0
CUST014894,814,excellent,94.85,92.23,47.93,77.62,99.33,85.7478,3.19,4,0,0,0,0,0,1,2,174217.99,0.5064,low,0.3333
CUST014895,773,excellent,65.07,93.83,99.79,39.2,89.51,78.7629,7.47,16,1,1,0,0,0,0,7,112098.24,0.0974,low,0.0
CUST014896,765,excellent,93.3,76.59,52.67,41.63,98.34,77.53,10.59,3,0,0,0,0,0,0,3,162718.64,0.047,low,0.0
CUST014897,771,excellent,93.74,90.96,31.37,42.03,94.95,78.5013,8.25,0,0,0,0,0,0,0,1,187255.2,0.1505,low,0.0
CUST014898,800,excellent,85.45,95.91,77.9,33.76,95.82,83.3226,1.0,7,0,0,0,0,0,0,3,124987.81,0.0784,low,0.0
CUST014899,810,excellent,85.78,97.24,77.51,46.73,94.91,84.9861,4.09,5,0,0,0,0,0,0,7,804005.59,0.0536,low,0.0
CUST014900,811,excellent,97.42,88.72,64.95,48.75,98.02,85.1302,12.02,3,0,0,0,0,0,0,4,77553.05,0.0074,low,0.0
CUST014901,768,excellent,99.11,91.74,22.75,31.65,92.09,77.9944,2.74,0,0,0,0,0,0,0,7,140078.11,0.1038,low,0.0
CUST014902,826,excellent,93.09,99.24,72.85,75.35,69.32,87.7496,9.8,7,2,0,0,0,0,1,1,46660.11,0.5391,low,0.5
CUST014903,760,excellent,93.15,78.27,43.65,41.65,99.02,76.6998,12.16,1,0,0,0,0,0,0,3,71254.78,0.0534,low,0.0
CUST014904,687,risky,53.91,84.46,71.67,41.19,54.81,64.5592,11.27,8,3,4,0,0,0,0,7,291839.8,0.0934,low,0.0
CUST014905,803,excellent,99.61,92.8,45.34,56.07,87.84,83.8974,3.16,2,1,0,0,0,0,1,0,101364.59,0.5437,low,0.5
CUST014906,758,excellent,89.88,78.9,59.9,36.08,86.87,76.4072,10.09,2,1,0,0,0,0,0,7,387758.63,0.1071,low,0.0
CUST014907,637,high_risk,15.25,99.85,74.23,36.76,60.28,56.1314,4.21,6,4,6,0,0,1,0,0,28387.86,0.262,low,0.0
CUST014908,807,excellent,95.06,79.96,90.75,41.02,95.07,84.4817,10.93,10,0,0,0,0,0,0,3,971061.53,0.1235,low,0.0
CUST014909,852,excellent,91.51,97.99,99.89,67.13,88.28,91.9502,5.48,20,1,0,0,0,0,1,1,131851.68,0.6101,low,0.5
CUST014910,714,good,67.82,98.41,18.0,39.82,90.58,69.0012,6.49,0,1,1,0,0,0,0,3,104480.9,0.1509,low,0.0
CUST014911,752,excellent,57.11,97.58,93.08,39.93,80.47,75.2641,3.69,12,1,4,0,0,0,0,1,485233.58,0.2306,low,0.0
CUST014912,783,excellent,89.32,78.47,86.83,42.87,84.31,80.5471,14.54,20,1,0,0,0,0,0,6,9660.33,0.0357,low,0.0
CUST014913,803,excellent,96.25,81.94,86.47,33.74,91.98,83.8137,14.75,10,0,0,0,0,0,0,3,190755.99,0.0358,low,0.0
CUST014914,826,excellent,97.44,91.38,87.82,39.56,90.15,87.6624,7.94,12,0,0,0,0,0,0,7,274733.66,0.1027,low,0.0
CUST014915,724,good,92.72,36.71,85.45,45.18,98.1,70.6114,52.73,12,0,0,0,0,0,0,6,48362.18,0.0997,low,0.0
CUST014916,816,excellent,91.47,78.59,95.54,63.1,97.11,85.9441,26.57,15,0,0,0,0,0,0,5,91051.29,0.1036,low,0.0
CUST014917,829,excellent,97.68,91.0,95.69,38.46,85.32,88.2197,4.14,19,1,0,0,0,0,0,5,58420.93,0.066,low,0.0
CUST014918,801,excellent,72.4,95.09,90.46,75.96,84.78,83.5104,4.59,11,1,0,0,0,0,2,4,80698.39,0.4549,low,0.3333
CUST014919,831,excellent,91.14,97.67,70.58,75.74,91.55,88.5178,5.63,7,0,0,0,0,0,1,1,52941.21,0.8577,low,0.5
CUST014920,832,excellent,99.23,90.05,90.78,40.39,92.27,88.6313,8.25,16,0,0,0,0,0,0,3,128020.58,0.1591,low,0.0
CUST014921,841,excellent,93.51,90.85,86.27,77.09,94.55,90.0863,0.27,11,0,0,0,0,0,1,6,183993.87,0.542,low,0.1429
CUST014922,781,excellent,90.66,92.38,50.89,39.51,91.5,80.1783,2.27,2,0,0,0,0,0,0,4,543004.59,0.0017,low,0.0
CUST014923,809,excellent,89.34,91.78,86.16,38.3,92.78,84.8328,3.64,11,0,0,0,0,0,0,2,60726.01,0.0857,low,0.0
CUST014924,646,high_risk,21.74,94.9,68.27,61.75,61.55,57.6509,0.59,7,3,6,1,0,0,1,7,60318.57,1.7192,moderate,0.125
CUST014925,827,excellent,87.86,98.07,98.45,33.1,95.2,87.7707,9.99,15,0,0,0,0,0,0,1,62674.32,0.0397,low,0.0
CUST014926,802,excellent,92.78,89.16,56.79,70.31,89.74,83.7436,0.23,3,1,0,0,0,0,1,2,108563.4,0.3387,low,0.3333
CUST014927,798,excellent,86.13,84.42,86.96,45.34,99.46,82.9959,11.37,14,0,0,0,0,0,0,5,101048.81,0.1059,low,0.0
CUST014928,794,excellent,89.51,87.47,72.15,49.26,90.86,82.403,13.85,6,1,0,0,0,0,0,6,47219.32,0.0988,low,0.0
CUST014929,811,excellent,99.01,79.67,93.91,43.13,82.43,85.1959,12.71,15,1,0,0,0,0,0,1,55781.23,0.0369,low,0.0
CUST014930,760,excellent,62.07,99.82,97.9,35.89,66.71,76.612,6.61,17,2,3,0,0,0,0,3,25226.5,0.2429,low,0.0
CUST014931,638,high_risk,23.75,93.95,99.48,41.17,7.6,56.2975,3.29,11,7,7,0,0,1,0,4,13162.67,0.6024,low,0.0
CUST014932,710,good,36.03,98.89,95.35,31.43,86.33,68.3552,6.69,15,1,1,0,0,0,0,4,177282.19,0.1515,low,0.0
CUST014933,781,excellent,85.22,88.11,66.71,42.18,97.23,80.2074,12.0,8,0,0,0,0,0,0,0,21319.15,0.1038,low,0.0
CUST014934,824,excellent,99.8,88.88,88.92,38.88,85.63,87.3833,7.51,12,1,0,0,0,0,0,3,64231.6,0.0429,low,0.0
CUST014935,842,excellent,99.97,91.3,93.08,45.22,95.52,90.4155,0.42,13,0,0,0,0,0,1,7,180062.35,0.7829,low,0.125
CUST014936,839,excellent,89.88,88.54,93.64,77.54,99.92,89.8116,2.63,10,0,0,0,0,0,1,2,102546.66,0.5985,low,0.3333
CUST014937,822,excellent,93.7,92.58,84.66,46.84,90.69,87.0202,4.38,8,1,0,0,0,0,0,3,128020.61,0.0519,low,0.0
CUST014938,820,excellent,95.36,85.31,69.01,77.8,96.28,86.7278,13.65,8,0,0,0,0,0,1,4,108281.64,0.681,low,0.2
CUST014939,703,good,43.73,83.6,92.64,33.74,95.27,67.1855,12.74,14,0,2,0,0,0,0,2,459206.24,0.0577,low,0.0
CUST014940,801,excellent,87.23,91.05,74.54,53.42,90.85,83.4545,4.37,5,0,0,0,0,0,1,6,120762.89,0.9257,low,0.1429
CUST014941,758,excellent,86.69,77.88,65.1,34.63,93.2,76.2542,13.95,6,0,0,0,0,0,0,3,30960.9,0.109,low,0.0
CUST014942,724,good,44.99,98.12,93.34,36.61,77.51,70.5949,7.3,12,2,2,0,0,0,0,6,123715.98,0.1258,low,0.0
CUST014943,712,good,60.63,94.86,61.22,30.51,66.76,68.5894,0.46,2,2,4,0,0,0,0,6,45216.06,0.2225,low,0.0
CUST014944,761,excellent,66.55,89.2,87.99,42.96,93.3,76.876,12.19,19,0,1,0,0,0,0,0,61545.56,0.1302,low,0.0
CUST014945,759,excellent,89.02,89.97,40.7,50.83,72.11,76.5478,11.96,1,2,0,0,0,0,1,1,768075.08,0.5644,low,0.5
CUST014946,753,excellent,95.79,91.33,15.2,31.3,91.82,75.5186,7.44,0,1,0,0,0,0,0,0,111480.71,0.1356,low,0.0
CUST014947,828,excellent,94.62,92.14,96.53,30.66,96.23,87.9275,4.01,13,0,0,0,0,0,0,6,154177.88,0.0746,low,0.0
CUST014948,773,excellent,98.65,67.89,67.09,51.81,86.28,78.7678,46.66,8,1,0,0,0,0,0,7,275141.34,0.0579,low,0.0
CUST014949,669,risky,54.38,75.91,73.39,36.79,49.66,61.4609,13.52,5,4,3,0,0,0,0,1,57965.43,0.1017,low,0.0
CUST014950,777,excellent,85.83,89.02,55.03,47.0,98.02,79.5041,0.45,3,0,0,0,0,0,1,3,52086.77,0.5735,low,0.25
CUST014951,804,excellent,94.98,99.86,35.07,64.94,90.03,83.9576,4.13,1,0,0,0,0,0,1,2,436689.37,0.6954,low,0.3333
CUST014952,745,good,65.95,72.42,92.9,59.64,94.61,74.169,31.58,12,0,1,0,0,0,0,0,17514.37,0.1209,low,0.0
CUST014953,626,high_risk,26.34,88.75,61.11,62.26,41.74,54.4121,0.48,2,5,7,0,0,0,1,6,101066.51,1.9599,moderate,0.1429
CUST014954,839,excellent,92.13,95.85,99.87,40.67,98.12,89.8619,2.97,13,0,0,0,0,0,0,6,299231.3,0.0651,low,0.0
CUST014955,675,risky,41.97,99.14,57.36,49.0,45.29,62.4628,6.83,2,3,3,0,0,0,0,5,55187.3,0.1109,low,0.0
CUST014956,814,excellent,96.75,90.89,71.73,42.46,95.17,85.6509,0.84,7,0,0,0,0,0,0,6,53038.83,0.1604,low,0.0
CUST014957,780,excellent,76.46,81.69,91.04,61.01,90.35,80.0589,13.77,18,0,0,0,0,0,1,5,313561.11,0.8265,low,0.1667
CUST014958,773,excellent,85.58,82.8,71.4,41.72,91.6,78.8351,11.3,7,1,0,0,0,0,0,6,666131.24,0.0031,low,0.0
CUST014959,798,excellent,95.17,77.69,78.11,50.21,95.63,82.9179,11.55,5,0,0,0,0,0,1,4,73620.68,0.9144,low,0.2
CUST014960,709,good,62.43,92.8,72.8,33.95,41.18,68.1231,8.55,8,4,3,0,0,0,0,1,90807.1,0.2258,low,0.0
CUST014961,683,risky,46.89,91.82,45.25,32.04,99.57,63.9074,9.78,4,0,3,0,0,0,0,2,99881.91,0.238,low,0.0
CUST014962,813,excellent,99.02,90.87,61.69,46.28,97.56,85.5571,9.42,4,0,0,0,0,0,0,0,92590.87,0.0123,low,0.0
CUST014963,678,risky,47.57,96.19,39.82,45.79,69.95,63.0528,6.82,1,2,3,0,0,0,0,3,44116.67,0.1289,low,0.0
CUST014964,700,good,26.54,99.23,86.34,71.57,75.05,66.671,1.23,16,2,4,0,0,0,1,7,44008.6,0.7231,low,0.125
CUST014965,795,excellent,98.48,77.32,91.41,30.71,80.74,82.5193,11.54,18,1,0,0,0,0,0,5,18303.27,0.0632,low,0.0
CUST014966,771,excellent,67.83,92.1,90.4,48.08,87.53,78.493,8.09,14,1,1,0,0,0,0,4,24128.71,0.0541,low,0.0
CUST014967,837,excellent,99.52,91.71,94.34,30.41,99.52,89.4898,1.0,19,0,0,0,0,0,0,3,26123.14,0.132,low,0.0
CUST014968,765,excellent,72.76,77.17,92.26,69.64,80.15,77.434,12.94,14,1,0,0,0,0,1,1,300730.41,0.6413,low,0.5
CUST014969,819,excellent,94.52,89.53,54.75,88.66,94.08,86.4271,11.39,3,0,0,0,0,0,2,4,139575.15,0.3594,low,0.3333
CUST014970,770,excellent,87.99,92.1,24.46,78.56,84.06,78.3594,2.82,0,1,0,0,0,0,1,5,73869.84,0.8083,low,0.1667
CUST014971,644,high_risk,14.32,98.34,76.66,60.44,62.46,57.3031,3.94,7,4,5,0,0,0,1,6,591047.31,1.3499,low,0.1429
CUST014972,725,good,46.65,84.25,94.02,78.12,83.04,70.8226,11.22,10,1,3,0,0,0,1,6,99179.34,1.3476,low,0.1429
CUST014973,744,good,55.57,96.65,93.9,48.67,66.1,74.0053,5.5,19,2,4,0,0,0,0,0,18927.72,0.0848,low,0.0
CUST014974,762,excellent,99.17,79.1,37.01,35.06,95.18,77.0153,13.45,1,0,0,0,0,0,0,7,144597.5,0.1663,low,0.0
CUST014975,815,excellent,99.38,80.48,91.92,37.55,94.36,85.9038,12.73,11,0,0,0,0,0,0,2,57427.03,0.0122,low,0.0
CUST014976,698,risky,42.33,96.68,87.01,41.91,53.06,66.3654,1.02,14,3,2,0,0,0,0,6,78399.38,0.0274,low,0.0
CUST014977,774,excellent,87.82,95.42,31.34,49.7,99.34,78.9676,5.77,0,0,0,0,0,0,0,2,71282.19,0.0905,low,0.0
CUST014978,779,excellent,88.29,76.67,49.3,94.66,90.82,79.844,11.28,2,0,0,0,0,0,2,7,291020.44,0.9594,low,0.2222
CUST014979,823,excellent,99.16,83.37,98.38,32.17,93.95,87.0867,14.68,10,0,0,0,0,0,0,6,82617.21,0.133,low,0.0
CUST014980,816,excellent,94.11,78.4,99.75,62.32,83.68,86.0201,12.18,17,1,0,0,0,0,1,0,15630.58,0.5209,low,0.5
CUST014981,756,excellent,74.62,75.23,80.28,60.36,92.66,76.0307,13.23,6,0,0,0,0,0,1,7,66248.38,0.759,low,0.125
CUST014982,769,excellent,92.83,70.66,76.08,62.74,67.41,78.1153,44.76,5,2,0,0,0,0,1,3,32152.86,0.8593,low,0.25
CUST014983,729,good,55.6,95.69,85.97,42.03,62.91,71.5583,2.59,12,3,1,0,0,0,0,1,36094.6,0.1429,low,0.0
CUST014984,658,risky,44.06,77.45,45.16,46.46,96.27,59.7037,21.48,1,0,1,0,0,0,0,1,93488.73,0.2485,low,0.0
CUST014985,562,high_risk,5.21,97.77,45.14,37.02,21.01,43.7305,1.78,3,5,2,0,1,1,0,3,356340.62,0.6551,low,0.0
CUST014986,718,good,60.27,89.69,74.44,43.74,61.19,69.6587,5.69,7,4,4,0,0,0,0,4,39681.11,0.0094,low,0.0
CUST014987,754,excellent,89.52,76.37,55.64,35.85,95.51,75.7241,14.1,2,0,0,0,0,0,0,1,155955.06,0.1249,low,0.0
CUST014988,661,risky,33.81,99.91,50.56,40.95,66.22,60.1087,8.51,3,2,4,0,0,0,0,1,636813.87,0.0274,low,0.0
CUST014989,805,excellent,99.24,88.73,66.09,38.14,90.19,84.0994,9.21,6,1,0,0,0,0,0,2,114461.07,0.0212,low,0.0
CUST014990,786,excellent,96.09,98.56,30.84,40.56,91.99,81.0832,5.01,0,0,0,0,0,0,0,2,74123.83,0.1058,low,0.0
CUST014991,798,excellent,90.58,89.14,69.8,49.52,92.07,83.0756,1.98,8,0,0,0,0,0,1,0,39311.03,0.6565,low,0.5
CUST014992,778,excellent,94.77,92.52,28.78,47.82,96.08,79.6318,3.45,0,0,0,0,0,0,0,1,82576.42,0.0487,low,0.0
CUST014993,808,excellent,95.22,80.81,77.91,58.34,96.46,84.7348,22.97,8,0,0,0,0,0,1,0,143262.53,0.4021,low,0.5
CUST014994,674,risky,54.67,78.53,55.04,43.37,70.74,62.3586,10.41,2,2,2,0,0,0,0,4,24289.24,0.1804,low,0.0
CUST014995,755,excellent,98.87,90.4,10.18,42.6,83.18,75.8308,3.46,0,1,0,0,0,0,0,1,120279.06,0.1158,low,0.0
CUST014996,754,excellent,62.9,90.07,98.82,45.14,72.97,75.669,4.06,13,2,3,0,0,0,0,7,88562.34,0.1755,low,0.0
CUST014997,788,excellent,97.39,97.62,32.91,47.38,82.97,81.3433,3.77,1,1,0,0,0,0,0,1,230649.52,0.1567,low,0.0
CUST014998,633,high_risk,22.07,82.43,98.94,73.69,19.0,55.5619,11.1,17,7,4,0,0,0,1,3,55144.84,2.1081,moderate,0.25
CUST014999,807,excellent,75.15,98.0,97.43,69.75,71.87,84.4793,8.56,11,2,0,0,0,0,1,2,64280.6,0.735,low,0.3333
CUST015000,737,good,42.09,92.39,92.5,75.27,89.14,72.7651,4.59,11,1,2,0,0,0,1,5,465943.04,0.9997,low,0.1667
CUST015001,798,excellent,87.4,89.46,77.52,48.1,91.08,82.9732,7.14,6,0,0,0,0,0,0,5,618518.24,0.0593,low,0.0
CUST015002,832,excellent,91.68,94.26,88.05,69.35,81.58,88.6664,9.55,10,1,0,0,0,0,1,3,56546.95,0.5147,low,0.25
CUST015003,803,excellent,91.97,90.59,78.18,36.0,91.87,83.8817,1.09,8,0,0,0,0,0,0,0,151366.31,0.0453,low,0.0
CUST015004,778,excellent,91.93,82.87,72.72,34.09,83.42,79.6942,12.76,6,1,0,0,0,0,0,3,106821.53,0.1208,low,0.0
CUST015005,785,excellent,76.98,95.99,87.77,49.21,70.36,80.8614,9.7,15,2,1,0,0,0,1,5,183930.57,0.8626,low,0.1667
CUST015006,725,good,65.63,88.57,46.74,46.12,95.89,70.7522,9.78,1,0,0,0,0,0,0,1,44305.96,0.0236,low,0.0
CUST015007,695,risky,52.46,82.58,75.38,70.68,43.47,65.8574,14.36,8,3,3,0,0,0,1,7,216942.42,0.8574,low,0.125
CUST015008,772,excellent,96.9,96.47,13.28,48.7,90.3,78.7467,6.99,0,1,0,0,0,0,0,5,54160.15,0.1631,low,0.0
CUST015009,726,good,66.67,83.79,67.21,33.11,91.93,71.0588,11.93,6,1,0,0,0,0,0,0,233994.64,0.0522,low,0.0
CUST015010,798,excellent,90.68,81.14,77.2,74.03,79.83,83.0453,11.44,6,2,0,0,0,0,1,6,162297.23,0.9132,low,0.1429
CUST015011,844,excellent,96.32,86.81,93.04,81.45,88.16,90.6695,18.72,12,1,0,0,0,0,2,1,54893.91,0.9664,low,0.6667
CUST015012,793,excellent,88.21,78.85,99.01,35.6,92.57,82.194,12.44,10,0,0,0,0,0,0,6,272135.62,0.0678,low,0.0
CUST015013,612,high_risk,41.38,84.56,18.61,46.46,47.52,52.0385,14.82,0,3,1,0,0,0,0,3,40578.1,0.0902,low,0.0
CUST015014,750,excellent,76.97,97.01,32.44,46.89,94.55,75.0524,3.05,0,0,1,0,0,0,1,6,235523.06,0.4486,low,0.1429
CUST015015,814,excellent,94.4,93.67,70.66,40.1,98.68,85.6175,1.5,5,0,0,0,0,0,0,3,57290.49,0.1111,low,0.0
CUST015016,851,excellent,98.99,95.01,96.55,47.82,94.35,91.8481,3.86,11,0,0,0,0,0,0,7,201197.98,0.0764,low,0.0
CUST015017,800,excellent,96.12,99.07,56.07,37.38,77.63,83.2742,1.5,2,2,0,0,0,0,0,4,57976.08,0.0199,low,0.0
CUST015018,795,excellent,89.85,75.83,94.46,50.99,89.86,82.4496,22.15,13,1,0,0,0,0,0,0,113426.75,0.0486,low,0.0
CUST015019,615,high_risk,63.53,35.04,69.76,61.92,31.0,52.5038,51.82,6,5,4,0,0,0,0,2,174816.08,0.0056,low,0.0
CUST015020,821,excellent,97.25,97.39,66.68,43.64,91.66,86.7862,1.0,9,0,0,0,0,0,0,0,96074.71,0.1611,low,0.0
CUST015021,839,excellent,95.8,94.52,91.93,65.27,76.01,89.8052,9.4,14,2,0,0,0,0,1,6,55974.11,0.5986,low,0.1429
CUST015022,803,excellent,98.59,94.25,56.11,39.33,86.9,83.8224,2.8,2,1,0,0,0,0,0,7,55885.88,0.1565,low,0.0
CUST015023,863,excellent,99.52,99.21,91.41,62.06,93.13,93.8252,2.12,13,0,0,0,0,0,1,1,507995.06,0.8856,low,0.5
CUST015024,803,excellent,94.37,89.24,47.51,70.68,97.89,83.7838,10.17,3,0,0,0,0,0,1,7,26245.39,0.3987,low,0.125
CUST015025,778,excellent,97.55,99.69,17.56,57.43,71.88,79.6153,8.44,0,2,0,0,0,0,1,0,214381.45,0.7856,low,0.5
CUST015026,838,excellent,95.05,90.62,92.03,62.61,91.29,89.6487,1.83,15,0,0,0,0,0,1,1,66743.46,0.3655,low,0.5
CUST015027,776,excellent,93.35,94.37,28.5,43.72,97.72,79.4023,2.54,0,0,0,0,0,0,0,1,41280.04,0.1042,low,0.0
CUST015028,703,good,54.83,92.84,48.82,36.42,91.84,67.1919,7.97,1,1,3,0,0,0,0,0,141193.02,0.0956,low,0.0
CUST015029,867,excellent,94.49,99.53,95.71,74.68,97.77,94.5303,3.27,17,0,0,0,0,0,1,7,62877.12,0.4425,low,0.125
CUST015030,818,excellent,99.55,88.44,67.36,56.78,91.15,86.2728,5.33,6,0,0,0,0,0,1,5,161069.88,0.8908,low,0.1667
CUST015031,806,excellent,86.1,94.35,85.19,40.18,91.38,84.3734,3.06,12,1,0,0,0,0,0,3,96794.14,0.0913,low,0.0
CUST015032,606,high_risk,13.28,88.08,91.54,33.06,29.37,51.0444,8.37,12,5,4,0,0,1,0,6,95409.93,0.5963,low,0.0
CUST015033,719,good,53.9,94.46,86.8,47.76,48.84,69.883,5.12,16,3,3,0,0,0,0,6,256171.22,0.0882,low,0.0
CUST015034,787,excellent,88.88,89.66,63.84,37.98,97.24,81.1065,6.57,4,0,0,0,0,0,0,5,96428.19,0.0651,low,0.0
CUST015035,807,excellent,87.35,88.6,88.38,45.06,96.22,84.5368,5.46,12,0,0,0,0,0,0,6,45894.37,0.0939,low,0.0
CUST015036,766,excellent,85.64,82.73,66.15,48.78,80.04,77.5969,11.42,5,1,0,0,0,0,1,5,787222.99,0.5473,low,0.1667
CUST015037,765,excellent,92.6,77.39,65.51,36.64,83.57,77.4713,12.79,6,1,0,0,0,0,0,7,297624.31,0.0685,low,0.0
CUST015038,812,excellent,85.1,92.72,90.2,45.06,97.48,85.385,4.37,12,0,0,0,0,0,0,5,39311.01,0.1112,low,0.0
CUST015039,823,excellent,95.75,95.83,75.85,39.11,96.38,87.1875,3.08,5,0,0,0,0,0,0,7,105133.13,0.0125,low,0.0
CUST015040,795,excellent,98.95,75.14,76.89,40.99,96.24,82.4321,11.97,5,0,0,0,0,0,0,0,18220.48,0.1189,low,0.0
CUST015041,797,excellent,89.9,90.18,82.59,37.14,81.5,82.7695,9.9,9,1,0,0,0,0,0,7,56140.88,0.1644,low,0.0
CUST015042,755,excellent,68.68,87.09,78.84,51.43,87.18,75.8534,17.73,6,1,0,0,0,0,0,5,77527.23,0.0492,low,0.0
CUST015043,796,excellent,71.75,89.27,93.38,75.19,93.12,82.7338,13.47,14,0,0,0,0,0,1,7,69262.36,0.4047,low,0.125
CUST015044,817,excellent,96.79,93.32,72.27,41.2,92.97,86.1297,4.07,7,0,0,0,0,0,0,7,175410.6,0.0198,low,0.0
CUST015045,835,excellent,99.64,97.04,82.98,43.36,83.92,89.1586,5.38,6,1,0,0,0,0,0,7,38069.12,0.04,low,0.0
CUST015046,720,good,40.14,97.02,98.89,31.48,89.01,70.0372,9.99,11,1,4,0,0,0,0,6,159140.14,0.022,low,0.0
CUST015047,632,high_risk,21.78,98.54,58.89,61.47,41.67,55.334,7.45,2,5,8,1,0,0,1,4,54378.5,1.2847,low,0.2
CUST015048,768,excellent,69.01,89.91,59.43,87.49,91.67,77.9565,14.64,3,0,0,0,0,0,2,3,110577.84,0.5307,low,0.4
CUST015049,690,risky,47.62,81.26,97.7,31.19,62.58,65.0763,11.72,11,3,3,0,0,0,0,7,33536.59,0.174,low,0.0
CUST015050,717,good,85.77,33.46,95.99,54.14,95.73,69.4419,59.3,15,0,0,0,0,0,0,6,72293.09,0.1005,low,0.0
CUST015051,812,excellent,90.05,93.92,87.05,44.95,80.28,85.2751,1.17,14,1,0,0,0,0,0,7,355663.72,0.0159,low,0.0
CUST015052,792,excellent,88.44,90.5,70.03,47.51,86.52,82.011,7.39,9,1,0,0,0,0,0,2,20807.3,0.0559,low,0.0
CUST015053,847,excellent,99.34,95.6,97.31,49.16,82.77,91.2386,0.17,10,1,0,0,0,0,0,6,78119.62,0.129,low,0.0
CUST015054,717,good,45.39,88.71,88.82,46.68,90.05,69.4948,14.05,15,1,4,0,0,0,0,2,110853.11,0.1609,low,0.0
CUST015055,551,high_risk,45.76,35.04,13.3,55.84,77.29,41.8361,61.98,0,2,2,0,0,0,0,0,42532.76,0.1565,low,0.0
CUST015056,797,excellent,97.58,94.74,30.73,64.52,92.79,82.9161,1.63,1,0,0,0,0,0,1,4,747542.77,0.8831,low,0.2
CUST015057,802,excellent,90.17,85.44,79.88,45.73,98.63,83.6095,10.08,5,0,0,0,0,0,0,0,39700.81,0.1129,low,0.0
CUST015058,785,excellent,85.02,84.56,85.45,52.36,76.79,80.8571,29.43,12,2,0,0,0,0,0,2,22904.63,0.1531,low,0.0
CUST015059,810,excellent,89.34,93.68,78.57,47.75,90.48,84.9839,7.76,9,0,0,0,0,0,0,4,182633.85,0.1229,low,0.0
CUST015060,823,excellent,89.56,88.65,88.23,72.43,87.24,87.1423,9.27,16,1,0,0,0,0,1,2,26785.34,0.921,low,0.3333
CUST015061,803,excellent,94.65,75.99,93.97,47.81,90.16,83.8137,24.47,17,1,0,0,0,0,0,6,68878.11,0.0341,low,0.0
CUST015062,763,excellent,87.44,76.51,55.05,68.03,86.07,77.224,13.88,2,1,0,0,0,0,1,7,150248.94,0.7192,low,0.125
CUST015063,658,risky,33.33,94.38,33.22,63.75,83.17,59.6549,3.33,1,1,4,0,0,0,1,7,133556.62,0.9452,low,0.125
CUST015064,695,risky,41.1,76.17,88.12,66.4,86.96,65.788,12.34,14,1,4,0,0,0,1,2,819220.46,0.6735,low,0.3333
CUST015065,839,excellent,90.73,98.41,77.91,79.12,89.99,89.8773,9.53,5,1,0,0,0,0,1,0,262985.4,0.4193,low,0.5
CUST015066,726,good,64.55,86.13,65.82,60.73,66.53,71.0311,12.75,5,2,4,0,0,0,1,2,109554.06,0.8601,low,0.3333
CUST015067,675,risky,54.9,83.59,41.96,40.66,78.92,62.5459,11.67,1,2,2,0,0,0,0,5,79025.01,0.2075,low,0.0
CUST015068,812,excellent,86.01,89.67,85.4,73.97,81.03,85.3147,5.25,14,1,0,0,0,0,1,7,39747.27,0.4449,low,0.125
CUST015069,806,excellent,79.63,90.16,92.77,64.94,89.94,84.3235,9.71,14,1,0,0,0,0,1,6,32163.26,0.5878,low,0.1429
CUST015070,722,good,45.16,90.45,89.13,49.3,91.17,70.3568,6.77,15,1,1,0,0,0,0,1,189389.2,0.2351,low,0.0
CUST015071,814,excellent,94.58,75.43,94.83,72.57,84.2,85.6334,12.91,16,1,0,0,0,0,1,2,74370.96,0.3528,low,0.3333
CUST015072,799,excellent,87.31,77.47,92.29,65.57,89.5,83.147,13.01,16,1,0,0,0,0,1,3,110728.92,0.7731,low,0.25
CUST015073,737,good,48.94,92.29,90.7,46.53,97.3,72.8052,5.76,18,0,2,0,0,0,0,2,177662.67,0.1505,low,0.0
CUST015074,790,excellent,86.63,90.83,73.76,34.1,95.82,81.6249,6.95,5,0,0,0,0,0,0,4,95056.82,0.1547,low,0.0
CUST015075,752,excellent,92.13,88.4,14.88,46.83,96.84,75.3625,0.91,0,0,0,0,0,0,0,4,329180.71,0.0837,low,0.0
CUST015076,791,excellent,86.77,96.02,47.0,69.22,86.94,81.8385,3.34,4,1,0,0,0,0,1,5,132413.41,0.6623,low,0.1667
CUST015077,634,high_risk,14.7,93.94,86.83,38.82,53.98,55.6276,5.12,17,3,8,0,0,1,0,6,40810.24,0.2339,low,0.0
CUST015078,821,excellent,91.95,77.85,82.28,89.94,99.01,86.7724,13.44,8,0,0,0,0,0,2,3,72623.28,0.4619,low,0.4
CUST015079,542,high_risk,3.63,90.52,34.79,31.8,35.55,40.3834,2.84,1,5,8,0,1,1,0,4,204771.76,0.4352,low,0.0
CUST015080,655,risky,17.83,97.36,86.89,73.64,43.92,59.2356,2.01,15,5,3,0,0,0,1,3,46449.49,1.4109,low,0.25
CUST015081,801,excellent,86.71,99.19,66.43,46.02,88.14,83.4867,1.23,6,1,0,0,0,0,0,6,236331.26,0.1251,low,0.0
CUST015082,604,high_risk,12.05,92.3,80.75,31.32,35.72,50.7249,7.5,8,6,4,1,0,1,0,3,91915.21,0.4739,low,0.0
CUST015083,667,risky,47.53,67.35,87.69,61.74,49.91,61.1594,49.72,15,3,1,0,0,0,0,7,79905.41,0.1618,low,0.0
CUST015084,816,excellent,91.53,98.62,49.64,69.07,99.9,85.9649,2.77,3,0,0,0,0,0,1,2,65598.28,0.6034,low,0.3333
CUST015085,825,excellent,96.16,91.58,85.78,47.31,87.07,87.4346,7.61,14,1,0,0,0,0,0,4,189193.63,0.1156,low,0.0
CUST015086,808,excellent,97.7,90.89,61.39,44.58,95.98,84.7281,1.25,2,0,0,0,0,0,0,4,432294.71,0.165,low,0.0
CUST015087,787,excellent,95.8,82.1,53.18,52.75,97.43,81.1549,11.59,2,0,0,0,0,0,1,3,165085.77,0.6364,low,0.25
CUST015088,705,good,64.71,93.4,44.11,38.79,63.24,67.4885,8.56,1,4,3,0,0,0,0,1,21288.4,0.1346,low,0.0
CUST015089,711,good,64.2,77.94,93.68,37.44,48.63,68.5119,11.18,20,3,2,0,0,0,0,3,79748.6,0.0653,low,0.0
CUST015090,838,excellent,90.05,98.08,87.85,61.11,94.13,89.6415,6.14,16,0,0,0,0,0,1,6,62599.37,0.799,low,0.1429
CUST015091,748,good,66.06,93.35,71.35,45.53,82.77,74.658,1.79,7,1,0,0,0,0,1,6,35699.39,0.6203,low,0.1429
CUST015092,691,risky,48.06,94.04,66.23,46.5,54.97,65.1162,3.74,5,4,1,0,0,0,0,6,243358.05,0.217,low,0.0
CUST015093,671,risky,27.59,93.15,91.09,43.91,62.55,61.913,7.33,12,3,6,0,0,1,0,1,215985.26,0.5911,low,0.0
CUST015094,821,excellent,96.02,88.25,71.05,64.95,95.3,86.762,8.7,9,0,0,0,0,0,1,3,15121.29,0.4022,low,0.25
CUST015095,831,excellent,99.48,96.11,69.83,58.4,84.72,88.4366,2.15,8,1,0,0,0,0,1,5,191516.35,0.9036,low,0.1667
CUST015096,810,excellent,94.81,95.84,53.32,76.84,73.24,84.9419,1.57,4,2,0,0,0,0,1,1,108366.77,0.6751,low,0.5
CUST015097,785,excellent,89.09,93.66,63.7,30.37,90.11,80.8826,0.29,4,0,0,0,0,0,0,6,97124.6,0.0024,low,0.0
CUST015098,594,high_risk,19.01,95.71,47.6,68.81,6.02,48.9882,3.85,3,7,6,0,0,0,1,2,90462.66,1.2797,low,0.3333
CUST015099,798,excellent,90.51,97.45,62.53,30.52,97.12,83.0549,0.32,2,0,0,0,0,0,0,7,48860.58,0.0886,low,0.0
CUST015100,724,good,52.92,86.8,85.01,36.7,96.33,70.6164,13.87,12,0,1,0,0,0,0,1,148628.92,0.2466,low,0.0
CUST015101,830,excellent,89.01,90.59,93.74,62.14,97.87,88.3943,0.81,17,0,0,0,0,0,1,7,51980.05,0.7056,low,0.125
CUST015102,747,good,89.27,90.71,19.14,48.7,82.4,74.437,3.82,0,1,0,0,0,0,0,0,74930.37,0.1514,low,0.0
CUST015103,769,excellent,96.2,79.16,49.29,43.85,90.18,78.2147,12.67,1,1,0,0,0,0,0,3,393078.33,0.0444,low,0.0
CUST015104,697,risky,47.52,88.13,70.68,45.69,79.11,66.1516,13.64,6,2,1,0,0,0,0,3,55514.45,0.004,low,0.0
CUST015105,715,good,64.13,90.0,42.51,42.33,91.81,69.2352,5.65,1,0,1,0,0,0,0,1,191650.7,0.2271,low,0.0
CUST015106,799,excellent,95.42,88.49,60.82,44.79,96.87,83.2318,13.48,3,0,0,0,0,0,0,1,164822.48,0.0587,low,0.0
CUST015107,820,excellent,92.88,93.32,93.52,31.31,90.02,86.6633,2.02,18,1,0,0,0,0,0,2,129868.73,0.0603,low,0.0
CUST015108,796,excellent,93.24,89.11,59.44,51.6,92.75,82.721,10.85,4,0,0,0,0,0,1,3,32859.47,0.6818,low,0.25
CUST015109,837,excellent,91.18,97.14,98.85,45.52,90.59,89.4913,1.94,15,1,0,0,0,0,0,3,164794.03,0.1514,low,0.0
CUST015110,670,risky,44.72,78.11,63.1,71.23,60.7,61.7447,12.58,2,3,2,0,0,0,1,5,32794.5,0.9796,low,0.1667
CUST015111,808,excellent,88.39,91.85,79.16,45.4,97.59,84.6662,8.17,9,0,0,0,0,0,1,4,40746.49,0.5833,low,0.2
CUST015112,646,high_risk,45.67,81.71,53.74,46.7,43.9,57.6158,10.54,2,3,1,0,0,0,0,1,47976.94,0.0519,low,0.0
CUST015113,782,excellent,90.15,88.57,45.49,55.45,99.12,80.4047,21.2,3,0,0,0,0,0,0,1,294843.58,0.0159,low,0.0
CUST015114,757,excellent,68.73,92.29,74.42,38.08,93.86,76.0976,0.96,5,0,1,0,0,0,0,6,68740.29,0.0855,low,0.0
CUST015115,836,excellent,94.33,99.97,69.97,58.27,99.65,89.2948,3.59,7,0,0,0,0,0,1,4,84909.21,0.3929,low,0.2
CUST015116,693,risky,53.18,96.4,41.91,35.9,81.31,65.5391,1.71,1,1,2,0,0,0,0,6,148119.63,0.1128,low,0.0
CUST015117,641,high_risk,51.52,76.06,47.72,38.76,49.14,56.7983,14.9,1,3,2,0,0,0,0,2,28208.17,0.1592,low,0.0
CUST015118,623,high_risk,11.49,86.63,98.47,45.24,45.42,53.8453,14.75,12,4,2,1,1,1,0,7,144841.79,0.4563,low,0.0
CUST015119,833,excellent,90.17,88.63,88.06,76.85,97.9,88.832,7.91,18,0,0,0,0,0,1,5,254694.61,0.5641,low,0.1667
CUST015120,832,excellent,98.67,94.32,87.48,37.2,90.24,88.6969,8.84,16,0,0,0,0,0,0,7,107608.64,0.1493,low,0.0
CUST015121,765,excellent,97.02,79.57,45.1,30.68,97.92,77.4527,14.98,3,0,0,0,0,0,0,4,29329.82,0.0376,low,0.0
CUST015122,643,high_risk,28.4,92.86,79.35,75.69,9.18,57.1844,0.92,5,8,7,0,0,0,1,1,364888.56,1.4408,low,0.5
CUST015123,771,excellent,85.38,89.57,54.95,37.8,96.54,78.4319,5.62,4,0,0,0,0,0,0,2,50158.05,0.0605,low,0.0
CUST015124,581,high_risk,21.75,76.72,47.67,41.58,48.48,46.7843,14.95,1,3,7,0,0,1,0,1,144625.51,0.3736,low,0.0
CUST015125,809,excellent,72.89,98.1,94.91,57.7,99.26,84.8724,2.47,15,0,1,0,0,0,1,5,295703.88,0.7058,low,0.1667
CUST015126,708,good,54.81,85.08,89.82,35.85,62.32,67.9972,12.45,19,3,1,0,0,0,0,3,30965.11,0.1706,low,0.0
CUST015127,685,risky,54.57,89.91,33.0,33.85,97.46,64.1534,8.46,0,0,3,0,0,0,0,0,72081.85,0.1426,low,0.0
CUST015128,785,excellent,98.47,91.94,39.03,36.38,92.7,80.809,9.78,1,0,0,0,0,0,0,3,222112.35,0.0305,low,0.0
CUST015129,816,excellent,92.41,99.61,69.98,39.03,94.47,86.0736,7.04,8,0,0,0,0,0,0,6,123217.39,0.0356,low,0.0
CUST015130,644,high_risk,13.49,96.67,94.08,79.44,25.37,57.3147,4.37,13,6,5,1,0,0,1,4,237649.64,1.8531,moderate,0.2
CUST015131,840,excellent,92.08,91.16,94.41,63.38,98.83,89.9582,9.45,15,0,0,0,0,0,1,2,26078.73,0.976,low,0.3333
CUST015132,775,excellent,65.86,97.64,94.29,41.07,86.46,79.2375,5.62,19,1,1,0,0,0,0,3,88801.36,0.007,low,0.0
CUST015133,788,excellent,95.23,77.07,73.77,47.17,91.53,81.3839,13.07,5,0,0,0,0,0,0,2,100301.11,0.125,low,0.0
CUST015134,799,excellent,67.65,88.56,91.7,92.44,98.51,83.097,10.44,12,0,0,0,0,0,2,2,56803.91,0.9362,low,0.5
CUST015135,797,excellent,86.59,84.16,82.58,51.34,97.26,82.8013,13.86,6,0,0,0,0,0,0,6,90895.09,0.0047,low,0.0
CUST015136,798,excellent,86.64,88.0,92.83,42.34,81.55,83.0395,13.4,19,1,0,0,0,0,0,6,212338.94,0.0873,low,0.0
CUST015137,723,good,43.76,92.44,85.07,69.16,87.15,70.4407,0.89,11,1,4,0,0,0,1,4,89504.36,1.1656,low,0.2
CUST015138,842,excellent,92.74,94.11,99.07,64.16,84.06,90.3751,0.12,10,1,0,0,0,0,1,4,29033.2,0.7957,low,0.2
CUST015139,802,excellent,85.4,76.26,88.1,79.91,96.14,83.5858,10.89,20,0,0,0,0,0,1,0,88030.8,0.3984,low,0.5
CUST015140,808,excellent,85.75,98.25,71.15,49.1,95.79,84.646,9.91,7,0,0,0,0,0,0,4,136870.28,0.0791,low,0.0
CUST015141,670,risky,15.69,85.95,92.96,75.42,99.26,61.687,12.91,12,0,4,1,0,0,1,4,210162.64,1.184,low,0.2
CUST015142,808,excellent,66.4,96.56,98.42,78.39,98.19,84.6271,1.45,11,0,1,0,0,0,1,4,274946.64,0.9698,low,0.2
CUST015143,798,excellent,99.7,98.88,34.33,35.6,98.11,83.0783,3.27,0,0,0,0,0,0,0,2,49446.75,0.0337,low,0.0
CUST015144,781,excellent,78.72,82.78,88.86,51.96,91.84,80.0948,11.09,20,0,0,0,0,0,1,0,41211.3,0.5488,low,0.5
CUST015145,813,excellent,86.01,93.16,73.64,73.92,90.12,85.5037,9.05,6,0,0,0,0,0,2,7,84298.62,0.5984,low,0.2222
CUST015146,798,excellent,93.36,78.46,84.35,49.36,91.29,82.931,11.81,8,0,0,0,0,0,0,4,47979.75,0.1273,low,0.0
CUST015147,791,excellent,90.66,73.88,99.38,46.27,83.42,81.7708,33.61,13,1,0,0,0,0,1,7,67177.14,0.6786,low,0.125
CUST015148,662,risky,42.42,95.27,41.82,30.91,75.29,60.3234,7.03,1,2,1,0,0,0,0,5,207913.43,0.1347,low,0.0
CUST015149,849,excellent,97.81,97.08,93.83,45.82,95.51,91.5625,6.32,14,0,0,0,0,0,0,4,323728.32,0.1182,low,0.0
CUST015150,808,excellent,98.33,80.13,77.28,55.29,90.69,84.6467,28.21,5,0,0,0,0,0,0,7,398455.13,0.0966,low,0.0
CUST015151,565,high_risk,12.07,94.3,11.3,31.41,67.91,44.1415,7.32,0,2,3,1,1,1,0,0,667745.7,0.6508,low,0.0
CUST015152,816,excellent,89.02,91.35,90.31,41.46,98.03,86.0588,5.88,13,0,0,0,0,0,0,0,40195.19,0.027,low,0.0
CUST015153,832,excellent,92.5,94.32,72.03,75.22,97.51,88.7492,6.25,8,0,0,0,0,0,1,1,87543.45,0.6109,low,0.5
CUST015154,749,good,59.15,96.95,89.66,32.64,83.41,74.8446,3.02,13,1,4,0,0,0,0,7,73909.89,0.0657,low,0.0
CUST015155,784,excellent,68.87,89.34,82.53,74.8,98.61,80.6287,11.08,6,0,0,0,0,0,1,0,186608.66,0.497,low,0.5
CUST015156,694,risky,42.28,93.79,94.17,44.89,40.74,65.6228,4.26,10,3,1,0,0,0,0,6,22794.42,0.1583,low,0.0
CUST015157,781,excellent,96.93,79.97,74.2,32.65,78.89,80.1992,13.45,8,2,0,0,0,0,0,3,30995.11,0.1549,low,0.0
CUST015158,817,excellent,89.89,82.47,97.63,60.5,92.89,86.1864,10.23,13,0,0,0,0,0,0,3,90323.34,0.0259,low,0.0
CUST015159,637,high_risk,26.87,96.89,70.44,48.39,22.74,56.1495,6.05,7,6,7,0,0,1,0,7,47010.55,0.6513,low,0.0
CUST015160,776,excellent,91.96,90.37,48.32,36.64,91.4,79.3505,4.44,2,1,0,0,0,0,0,0,227301.14,0.1113,low,0.0
CUST015161,780,excellent,77.17,89.94,72.22,60.78,90.2,79.9227,8.04,8,0,1,0,0,0,1,3,40348.0,0.9853,low,0.25
CUST015162,787,excellent,92.66,96.81,47.27,45.39,80.22,81.1261,6.35,1,1,0,0,0,0,0,1,88682.79,0.0011,low,0.0
CUST015163,776,excellent,91.55,89.95,48.75,30.37,99.26,79.3017,10.61,1,0,0,0,0,0,0,2,75303.64,0.0631,low,0.0
CUST015164,826,excellent,90.16,92.02,98.42,50.85,86.25,87.6359,2.37,14,1,0,0,0,0,1,2,116373.38,0.849,low,0.3333
CUST015165,800,excellent,74.4,93.2,81.56,71.18,99.23,83.2762,0.35,9,0,1,0,0,0,1,4,48192.44,0.6964,low,0.2
CUST015166,707,good,62.78,85.52,51.08,30.78,94.79,67.8482,11.87,2,0,3,0,0,0,0,2,201728.59,0.2036,low,0.0
CUST015167,810,excellent,99.0,76.05,76.89,64.15,96.57,85.07,14.94,8,0,0,0,0,0,1,4,158352.97,0.8412,low,0.2
CUST015168,716,good,85.08,77.11,18.67,36.23,99.81,69.3148,13.13,0,0,0,0,0,0,0,4,133637.47,0.1613,low,0.0
CUST015169,721,good,43.95,89.89,99.71,48.69,80.6,70.2363,14.99,14,1,1,0,0,0,0,4,139006.81,0.2319,low,0.0
CUST015170,700,good,52.08,77.33,92.49,42.6,70.33,66.5935,10.57,11,2,4,0,0,0,0,6,275024.05,0.1093,low,0.0
CUST015171,770,excellent,90.27,81.81,55.96,43.3,94.14,78.2759,14.7,4,0,0,0,0,0,0,6,141945.46,0.0863,low,0.0
CUST015172,745,good,56.88,92.83,88.54,40.55,91.23,74.2151,1.61,18,0,4,0,0,0,0,1,37196.48,0.0293,low,0.0
CUST015173,823,excellent,88.25,93.32,97.88,38.62,97.3,87.1565,0.57,15,0,0,0,0,0,0,7,78963.62,0.0243,low,0.0
CUST015174,637,high_risk,27.05,94.48,82.08,46.78,13.35,56.1369,2.03,8,8,6,0,0,0,0,5,32623.19,0.2701,low,0.0
CUST015175,794,excellent,97.82,80.59,63.94,44.91,98.78,82.3747,13.88,2,0,0,0,0,0,0,7,190394.39,0.0232,low,0.0
CUST015176,808,excellent,93.58,89.84,85.29,31.15,90.66,84.6807,4.14,19,1,0,0,0,0,0,0,116211.92,0.1538,low,0.0
CUST015177,599,high_risk,23.45,96.5,23.92,60.17,41.4,49.9011,0.39,0,4,8,0,0,0,1,1,96412.15,1.3457,low,0.5
CUST015178,756,excellent,77.82,89.56,82.81,31.0,64.46,76.0722,10.73,7,3,1,0,0,0,0,7,341629.22,0.019,low,0.0
CUST015179,707,good,42.15,75.65,92.94,72.64,91.3,67.7821,12.94,12,1,3,0,0,0,1,3,17184.51,0.7602,low,0.25
CUST015180,618,high_risk,29.6,85.01,36.14,38.64,79.27,53.0738,12.03,1,2,8,0,0,1,0,7,58926.36,0.4684,low,0.0
CUST015181,724,good,45.54,96.03,94.67,45.15,71.8,70.6429,1.4,20,2,4,0,0,0,0,1,199917.1,0.2268,low,0.0
CUST015182,812,excellent,92.08,97.53,61.26,58.74,88.5,85.3999,8.7,2,1,0,0,0,0,1,0,198941.48,0.7001,low,0.5
CUST015183,818,excellent,94.69,89.46,91.91,30.11,94.97,86.2755,7.14,20,0,0,0,0,0,0,0,24595.64,0.0422,low,0.0
CUST015184,782,excellent,86.1,77.92,85.23,49.45,91.38,80.3775,14.25,19,0,0,0,0,0,0,5,218615.86,0.1368,low,0.0
CUST015185,788,excellent,76.69,96.53,88.9,43.42,78.88,81.3675,7.96,15,2,0,0,0,0,0,0,95950.11,0.0699,low,0.0
CUST015186,650,risky,10.55,88.49,97.75,69.2,75.83,58.4032,4.41,11,2,8,0,0,0,1,6,274403.1,2.0385,moderate,0.1429
CUST015187,732,good,56.71,93.27,82.96,47.96,68.84,71.9525,1.19,7,2,1,0,0,0,0,4,37005.59,0.2219,low,0.0
CUST015188,829,excellent,88.48,90.89,83.96,83.7,89.65,88.1657,9.02,9,1,0,0,0,0,2,5,43300.44,0.8647,low,0.2857
CUST015189,757,excellent,90.22,88.54,29.91,40.62,94.56,76.1424,13.25,0,0,0,0,0,0,0,3,621651.36,0.0628,low,0.0
CUST015190,800,excellent,91.82,83.68,94.59,36.62,82.04,83.2964,14.82,19,1,0,0,0,0,0,6,66630.76,0.0739,low,0.0
CUST015191,792,excellent,95.72,94.54,51.22,38.43,85.46,81.936,8.12,2,1,0,0,0,0,0,2,42033.79,0.0554,low,0.0
CUST015192,828,excellent,96.26,87.48,89.96,48.4,97.56,88.0273,14.18,20,0,0,0,0,0,0,4,348877.48,0.0754,low,0.0
CUST015193,762,excellent,99.72,86.25,20.89,36.92,94.36,77.0386,14.79,0,0,0,0,0,0,0,4,36004.23,0.0142,low,0.0
CUST015194,657,risky,28.47,89.49,50.15,74.63,87.62,59.5606,1.31,3,1,8,0,0,0,1,7,35361.18,1.5309,moderate,0.125
CUST015195,694,risky,45.79,89.85,88.04,31.69,62.98,65.6521,10.82,17,3,4,0,0,0,0,3,125438.67,0.0023,low,0.0
CUST015196,783,excellent,85.08,77.01,90.76,40.5,99.64,80.5081,13.96,16,0,0,0,0,0,0,1,98458.31,0.0188,low,0.0
CUST015197,784,excellent,86.78,88.59,77.69,38.56,81.3,80.5869,9.02,8,1,0,0,0,0,0,6,117800.77,0.1172,low,0.0
CUST015198,781,excellent,93.19,93.41,62.79,33.14,67.89,80.1622,9.95,4,2,0,0,0,0,0,2,89691.32,0.0146,low,0.0
CUST015199,748,good,88.74,84.74,33.33,38.06,94.44,74.7326,11.42,1,0,0,0,0,0,0,5,62813.48,0.0853,low,0.0
CUST015200,763,excellent,74.23,77.84,99.9,34.43,94.43,77.2032,10.22,14,0,1,0,0,0,0,1,119143.71,0.1039,low,0.0
CUST015201,618,high_risk,29.37,95.76,30.24,75.28,29.13,52.9875,9.38,0,6,3,0,0,0,1,2,91896.23,1.5557,moderate,0.3333
CUST015202,756,excellent,97.73,56.78,36.68,92.6,99.84,75.9854,32.32,1,0,0,0,0,0,2,3,98599.13,0.5742,low,0.4
CUST015203,833,excellent,94.65,94.33,72.58,66.84,99.02,88.8975,4.3,9,0,0,0,0,0,1,7,99587.05,0.8732,low,0.125
CUST015204,643,high_risk,23.97,96.92,74.55,49.67,36.22,57.2366,3.35,9,5,6,0,0,1,0,1,147716.86,0.48,low,0.0
CUST015205,777,excellent,74.99,90.18,97.97,32.93,82.39,79.5267,2.0,18,1,1,0,0,0,0,6,85961.01,0.1103,low,0.0
CUST015206,795,excellent,85.81,83.05,79.48,75.64,80.66,82.5007,14.16,9,1,0,0,0,0,2,2,73956.32,0.8756,low,0.5
CUST015207,632,high_risk,15.92,95.65,73.68,66.06,44.09,55.3348,4.23,7,5,3,0,0,0,1,5,12595.0,1.4573,low,0.1667
CUST015208,839,excellent,98.58,91.95,98.84,34.42,95.02,89.86,8.21,10,0,0,0,0,0,0,7,70791.52,0.142,low,0.0
CUST015209,803,excellent,85.85,95.36,82.78,41.03,86.38,83.8132,9.88,8,1,0,0,0,0,0,2,81151.89,0.1564,low,0.0
CUST015210,814,excellent,85.37,98.35,91.01,33.2,92.71,85.6239,2.77,12,0,0,0,0,0,0,5,48429.13,0.0175,low,0.0
CUST015211,816,excellent,92.41,92.64,66.45,72.98,86.08,86.009,1.12,7,1,0,0,0,0,1,7,132556.89,0.7604,low,0.125
CUST015212,801,excellent,86.52,88.53,91.22,61.25,68.85,83.5337,8.19,18,2,0,0,0,0,1,5,62544.2,0.4023,low,0.1667
CUST015213,608,high_risk,12.77,93.73,73.65,32.14,44.98,51.3476,2.32,7,3,4,0,1,1,0,5,37289.35,0.623,low,0.0
CUST015214,816,excellent,87.33,88.1,87.6,62.18,95.82,85.9364,10.24,17,0,0,0,0,0,1,7,438659.97,0.594,low,0.125
CUST015215,797,excellent,99.68,83.92,63.4,36.58,96.77,82.9087,10.28,2,0,0,0,0,0,0,1,25787.71,0.0507,low,0.0
CUST015216,622,high_risk,5.49,99.0,94.47,47.01,31.16,53.6056,1.72,13,5,6,0,1,1,0,0,30072.88,0.5511,low,0.0
CUST015217,541,high_risk,12.17,78.77,17.25,49.74,46.55,40.1068,12.24,0,4,5,0,0,1,0,5,223666.12,0.3662,low,0.0
CUST015218,777,excellent,93.44,72.52,73.92,47.32,92.52,79.5325,40.83,5,0,0,0,0,0,1,0,219244.91,0.4562,low,0.5
CUST015219,806,excellent,96.25,98.58,70.72,30.53,73.77,84.3021,0.36,5,2,0,0,0,0,0,4,246649.26,0.0878,low,0.0
CUST015220,697,risky,41.72,90.29,75.56,32.57,99.21,66.1991,1.66,9,0,3,0,0,0,0,1,30714.1,0.096,low,0.0
CUST015221,585,high_risk,20.03,86.43,57.52,37.72,20.98,47.4397,12.92,4,5,6,0,0,1,0,6,441897.98,0.3003,low,0.0
CUST015222,820,excellent,97.8,78.01,91.72,61.64,90.53,86.607,22.36,14,0,0,0,0,0,0,4,74115.63,0.0232,low,0.0
CUST015223,717,good,64.91,88.18,63.46,41.98,66.18,69.5062,11.89,2,2,2,0,0,0,0,6,95935.06,0.1746,low,0.0
CUST015224,826,excellent,90.78,98.3,92.45,33.2,91.34,87.5863,3.39,15,0,0,0,0,0,0,2,229890.03,0.0447,low,0.0
CUST015225,778,excellent,97.23,89.08,42.45,34.8,91.17,79.7189,5.23,1,0,0,0,0,0,0,0,1510833.22,0.0573,low,0.0
CUST015226,793,excellent,77.17,90.54,86.86,60.91,89.3,82.2182,4.01,16,1,1,0,0,0,1,6,81654.18,0.4416,low,0.1429
CUST015227,707,good,54.73,87.78,80.74,47.6,55.42,67.9042,11.7,7,3,1,0,0,0,0,3,119745.56,0.0814,low,0.0
CUST015228,791,excellent,99.39,98.87,28.29,33.92,98.22,81.9057,9.79,0,0,0,0,0,0,0,0,200294.35,0.1517,low,0.0
CUST015229,839,excellent,97.39,96.26,74.31,65.82,91.79,89.8712,4.29,8,1,0,0,0,0,1,2,91067.69,0.6634,low,0.3333
CUST015230,783,excellent,95.95,95.25,32.37,46.14,88.79,80.5041,5.98,1,1,0,0,0,0,0,3,97970.49,0.0753,low,0.0
CUST015231,793,excellent,96.23,82.62,66.99,40.7,96.07,82.1946,13.82,6,0,0,0,0,0,0,1,250610.21,0.0243,low,0.0
CUST015232,709,good,70.63,90.59,28.12,31.53,88.85,68.1536,1.85,0,1,1,0,0,0,0,0,65315.38,0.0737,low,0.0
CUST015233,624,high_risk,25.99,94.87,45.5,46.86,49.05,53.9744,4.89,4,3,4,0,0,1,0,1,56329.74,0.3107,low,0.0
CUST015234,806,excellent,96.9,79.55,81.75,51.98,90.82,84.3229,24.2,9,0,0,0,0,0,0,7,25238.49,0.0859,low,0.0
CUST015235,807,excellent,88.12,93.43,64.47,62.27,96.86,84.4535,4.51,2,0,0,0,0,0,1,2,47871.54,0.8345,low,0.3333
CUST015236,762,excellent,60.37,95.09,86.29,45.41,98.99,77.0398,5.09,16,0,1,0,0,0,0,3,146478.43,0.1395,low,0.0
CUST015237,785,excellent,89.01,88.3,48.36,77.61,81.57,80.8137,2.21,4,1,0,0,0,0,1,1,51519.43,0.9308,low,0.5
CUST015238,649,high_risk,28.29,94.32,55.76,68.17,57.53,58.1306,0.75,3,4,5,0,0,0,1,3,166232.56,1.5106,moderate,0.25
CUST015239,766,excellent,87.45,88.67,47.96,40.29,92.65,77.6944,3.71,2,0,0,0,0,0,0,0,239200.38,0.1243,low,0.0
CUST015240,795,excellent,92.25,88.84,65.07,46.16,92.3,82.5458,13.4,8,0,0,0,0,0,1,5,280476.9,0.4291,low,0.1667
CUST015241,789,excellent,91.34,76.38,90.34,36.38,94.03,81.4732,12.48,13,0,0,0,0,0,0,7,94985.61,0.085,low,0.0
CUST015242,792,excellent,90.35,80.06,69.06,69.3,90.6,81.9906,10.9,9,0,0,0,0,0,1,1,224495.66,0.5093,low,0.5
CUST015243,653,risky,43.07,93.5,34.43,39.22,65.4,58.7531,0.01,1,2,1,0,0,0,0,3,71152.82,0.1795,low,0.0
CUST015244,703,good,32.65,98.85,93.02,41.1,80.57,67.2048,0.97,17,1,3,0,0,0,0,5,339621.15,0.234,low,0.0
CUST015245,641,high_risk,43.92,91.29,32.91,42.55,49.67,56.9164,3.27,0,3,2,0,0,0,0,1,202687.85,0.1941,low,0.0
CUST015246,671,risky,56.26,83.96,56.71,44.1,40.04,61.7962,13.42,2,4,2,0,0,0,0,3,24415.77,0.0553,low,0.0
CUST015247,788,excellent,94.76,71.47,86.97,45.97,91.47,81.398,44.14,12,1,0,0,0,0,1,7,99907.49,0.458,low,0.125
CUST015248,819,excellent,97.89,90.47,82.78,33.86,92.58,86.4603,7.31,8,0,0,0,0,0,0,7,332538.25,0.0186,low,0.0
CUST015249,827,excellent,89.59,96.45,88.31,55.03,87.25,87.7646,2.37,17,1,0,0,0,0,1,7,126794.97,0.7539,low,0.125
CUST015250,836,excellent,93.99,96.0,65.77,87.42,90.83,89.387,2.07,8,0,0,0,0,0,2,1,113122.01,0.8958,low,0.6667
CUST015251,811,excellent,86.53,89.23,77.26,65.99,99.75,85.2178,5.23,5,0,0,0,0,0,1,2,95486.24,0.9294,low,0.3333
CUST015252,805,excellent,90.8,84.58,95.17,34.83,92.48,84.1617,10.71,11,0,0,0,0,0,0,0,507274.13,0.0772,low,0.0
CUST015253,804,excellent,85.12,99.39,79.52,31.74,93.66,84.0748,8.28,5,0,0,0,0,0,0,4,221658.88,0.1509,low,0.0
CUST015254,843,excellent,88.93,99.68,95.07,63.51,88.83,90.5263,7.36,15,1,0,0,0,0,1,0,88830.22,0.9631,low,0.5
CUST015255,787,excellent,92.01,85.61,73.37,35.11,88.2,81.223,10.9,8,1,0,0,0,0,0,2,61210.64,0.0707,low,0.0
CUST015256,712,good,56.87,87.68,68.06,31.44,91.84,68.7461,14.84,7,1,4,0,0,0,0,1,67622.83,0.013,low,0.0
CUST015257,797,excellent,89.45,83.14,91.72,34.51,93.87,82.8455,12.79,14,0,0,0,0,0,0,6,49653.63,0.1485,low,0.0
CUST015258,646,high_risk,44.15,98.7,31.46,37.47,40.76,57.6054,9.85,0,3,4,0,0,0,0,3,10789.91,0.1813,low,0.0
CUST015259,815,excellent,97.7,88.5,90.8,34.12,80.46,85.8226,10.31,18,1,0,0,0,0,0,4,112292.44,0.0245,low,0.0
CUST015260,855,excellent,94.48,96.04,87.26,76.72,98.44,92.4834,4.78,14,0,0,0,0,0,1,5,64576.03,0.5534,low,0.1667
CUST015261,795,excellent,89.03,79.97,87.35,54.87,87.29,82.4683,14.45,13,1,0,0,0,0,1,3,197245.24,0.4905,low,0.25
CUST015262,763,excellent,88.11,82.23,45.52,57.89,91.23,77.246,14.7,4,0,0,0,0,0,1,2,302740.08,0.521,low,0.3333
CUST015263,796,excellent,92.71,95.78,51.25,46.27,91.77,82.6732,4.22,4,0,0,0,0,0,0,3,185691.87,0.1147,low,0.0
CUST015264,808,excellent,74.45,91.62,95.93,87.33,80.46,84.7114,7.52,14,1,1,0,0,0,2,3,154951.4,0.6952,low,0.4
CUST015265,823,excellent,89.98,99.07,71.04,62.11,90.06,87.0881,4.61,8,0,0,0,0,0,1,5,574394.82,0.8774,low,0.1667
CUST015266,640,high_risk,45.58,88.58,23.42,45.99,60.82,56.721,2.89,0,3,1,0,0,0,0,3,31892.26,0.2126,low,0.0
CUST015267,822,excellent,93.49,90.77,75.89,72.39,84.2,86.9915,2.69,8,1,0,0,0,0,1,7,80208.93,0.3836,low,0.125
CUST015268,846,excellent,94.71,92.55,97.2,64.5,91.37,91.0828,2.83,14,0,0,0,0,0,1,0,255717.52,0.4143,low,0.5
CUST015269,764,excellent,90.99,77.62,51.42,51.89,93.05,77.3371,22.3,3,0,0,0,0,0,0,3,131245.03,0.162,low,0.0
CUST015270,780,excellent,85.96,91.49,50.88,54.13,93.62,79.9373,7.64,4,0,0,0,0,0,0,3,32211.66,0.1022,low,0.0
CUST015271,820,excellent,88.31,88.33,93.32,57.75,95.36,86.7145,4.93,11,0,0,0,0,0,1,1,38620.87,0.8462,low,0.5
CUST015272,621,high_risk,14.08,89.19,87.5,32.27,53.88,53.4244,12.98,13,3,3,0,0,1,0,2,48205.39,0.5766,low,0.0
CUST015273,746,good,67.63,76.46,70.39,75.39,96.32,74.3378,13.94,8,0,0,0,0,0,1,1,53363.27,0.5689,low,0.5
CUST015274,841,excellent,96.79,98.63,91.96,42.5,86.28,90.1382,7.88,18,1,0,0,0,0,0,5,170884.58,0.0581,low,0.0
CUST015275,771,excellent,89.77,80.42,66.66,40.69,89.4,78.5513,13.17,8,1,0,0,0,0,0,2,258575.9,0.1061,low,0.0
CUST015276,768,excellent,85.03,88.41,54.26,45.67,90.06,77.9951,12.19,2,0,0,0,0,0,0,6,160370.68,0.1399,low,0.0
CUST015277,771,excellent,88.48,84.87,61.12,37.76,91.09,78.4835,14.88,2,1,0,0,0,0,0,4,289935.41,0.1655,low,0.0
CUST015278,662,risky,24.13,92.61,89.81,76.8,40.26,60.4072,3.26,16,5,7,1,0,0,1,2,35056.83,2.1561,moderate,0.3333
CUST015279,774,excellent,88.99,88.9,43.16,48.39,98.73,79.0034,4.72,1,0,0,0,0,0,1,2,52761.04,0.5291,low,0.3333
CUST015280,603,high_risk,3.55,88.35,98.14,42.04,37.56,50.4288,13.13,17,5,7,0,1,1,0,5,97971.41,0.3718,low,0.0
CUST015281,796,excellent,92.46,84.58,83.41,32.68,91.01,82.6164,12.91,9,0,0,0,0,0,0,0,202131.41,0.017,low,0.0
CUST015282,752,excellent,59.53,97.36,88.98,63.0,55.66,75.2562,7.22,14,3,3,0,0,0,1,6,26758.3,0.8804,low,0.1429
CUST015283,774,excellent,87.75,89.21,50.45,45.96,94.34,79.0727,2.46,2,0,0,0,0,0,0,4,193649.77,0.0272,low,0.0
CUST015284,743,good,95.07,77.79,24.98,44.22,91.32,73.9106,13.75,0,0,0,0,0,0,0,2,246711.37,0.0389,low,0.0
CUST015285,728,good,73.73,94.81,30.9,32.99,91.99,71.3793,8.69,1,0,1,0,0,0,0,4,252831.55,0.0779,low,0.0
CUST015286,742,good,74.78,82.86,68.52,39.72,83.87,73.6708,12.55,7,1,1,0,0,0,0,2,51066.44,0.0615,low,0.0
CUST015287,814,excellent,93.18,94.17,77.52,39.14,92.6,85.6649,7.52,6,0,0,0,0,0,0,5,43367.24,0.0169,low,0.0
CUST015288,846,excellent,94.67,98.25,86.02,61.19,93.51,90.9825,1.46,14,0,0,0,0,0,1,0,116896.86,0.4073,low,0.5
CUST015289,646,high_risk,14.12,95.56,88.54,76.07,42.44,57.7424,8.58,11,6,3,1,0,0,1,1,48713.78,1.3663,low,0.5
CUST015290,815,excellent,91.75,89.67,69.97,83.1,80.24,85.845,1.73,8,1,0,0,0,0,3,7,210779.43,0.8047,low,0.3
CUST015291,795,excellent,97.3,91.69,56.3,34.67,90.75,82.5469,6.59,2,0,0,0,0,0,0,6,14186.0,0.083,low,0.0
CUST015292,811,excellent,94.25,97.16,69.46,42.35,83.49,85.1367,6.07,7,1,0,0,0,0,0,2,169955.92,0.0555,low,0.0
CUST015293,851,excellent,99.76,85.22,85.33,86.32,99.97,91.9128,10.29,18,0,0,0,0,0,2,1,63262.2,0.7636,low,0.6667
CUST015294,797,excellent,91.36,79.87,74.4,63.6,93.82,82.8412,29.27,9,0,0,0,0,0,0,0,37666.4,0.1652,low,0.0
CUST015295,680,risky,58.3,77.7,68.42,46.81,47.35,63.3959,10.83,7,3,4,0,0,0,0,3,65822.9,0.187,low,0.0
CUST015296,783,excellent,90.03,75.8,92.02,32.57,91.23,80.4327,13.72,13,1,0,0,0,0,0,2,45988.59,0.1412,low,0.0
CUST015297,694,risky,25.13,99.11,95.62,36.94,91.11,65.679,9.32,10,0,2,0,0,0,0,0,113707.26,0.0449,low,0.0
CUST015298,836,excellent,88.04,88.72,95.91,77.28,98.51,89.3967,9.6,20,0,0,0,0,0,1,6,108028.94,0.4124,low,0.1429
CUST015299,784,excellent,88.6,95.9,47.46,39.17,98.41,80.658,0.6,2,0,0,0,0,0,0,6,244515.74,0.0178,low,0.0
CUST015300,801,excellent,89.85,88.86,87.33,38.3,84.61,83.4937,10.13,11,1,0,0,0,0,0,3,274904.55,0.0449,low,0.0
CUST015301,539,high_risk,16.39,75.38,20.57,33.62,50.59,39.8567,12.62,0,3,5,0,0,1,0,3,49554.32,0.2545,low,0.0
CUST015302,803,excellent,91.84,92.66,49.39,93.19,72.16,83.8853,1.38,4,2,0,0,0,0,2,0,88213.14,0.7761,low,0.6667
CUST015303,799,excellent,96.36,98.35,47.24,41.14,86.89,83.12,8.67,2,1,0,0,0,0,0,5,96195.57,0.1504,low,0.0
CUST015304,788,excellent,92.94,88.51,60.09,34.17,98.25,81.3378,0.27,3,0,0,0,0,0,0,7,94983.05,0.0138,low,0.0
CUST015305,606,high_risk,12.67,86.83,96.19,36.64,23.42,50.9187,11.66,19,6,8,0,0,1,0,0,55236.29,0.5434,low,0.0
CUST015306,811,excellent,89.78,77.33,97.03,76.04,84.23,85.2025,11.5,17,1,0,0,0,0,1,6,154763.89,0.9925,low,0.1429
CUST015307,781,excellent,76.72,77.75,92.04,66.04,95.06,80.092,11.0,18,0,1,0,0,0,1,6,304149.23,0.994,low,0.1429
CUST015308,800,excellent,98.74,93.1,48.09,45.49,90.18,83.2678,6.2,4,1,0,0,0,0,0,0,137979.34,0.0007,low,0.0
CUST015309,751,excellent,90.63,75.03,46.78,40.73,97.99,75.1207,12.57,1,0,0,0,0,0,0,0,49057.77,0.0073,low,0.0
CUST015310,766,excellent,87.8,89.64,45.63,31.55,99.79,77.6022,4.9,1,0,0,0,0,0,0,6,134001.69,0.1359,low,0.0
CUST015311,827,excellent,99.39,96.55,78.1,39.15,84.74,87.857,3.6,5,1,0,0,0,0,0,3,42340.72,0.0457,low,0.0
CUST015312,755,excellent,90.02,96.97,10.43,49.57,87.44,75.8614,9.07,0,1,0,0,0,0,0,4,80405.95,0.0472,low,0.0
CUST015313,813,excellent,95.17,89.39,81.99,35.48,95.79,85.5519,2.44,5,0,0,0,0,0,0,7,153527.13,0.0992,low,0.0
CUST015314,609,high_risk,12.35,90.89,81.14,48.4,29.62,51.563,3.01,5,5,6,0,0,1,0,0,29575.51,0.2683,low,0.0
CUST015315,830,excellent,96.87,99.88,65.83,46.66,98.74,88.2821,8.91,6,0,0,0,0,0,0,4,87599.39,0.125,low,0.0
CUST015316,803,excellent,99.91,95.66,50.2,41.57,84.58,83.8099,9.44,2,1,0,0,0,0,0,7,116045.71,0.0448,low,0.0
CUST015317,689,risky,64.69,82.23,51.2,33.91,63.9,64.7706,10.14,4,3,2,0,0,0,0,5,82091.72,0.0182,low,0.0
CUST015318,845,excellent,86.9,98.47,96.74,73.57,89.85,90.8084,3.91,12,1,0,0,0,0,1,1,66849.13,0.6188,low,0.5
CUST015319,824,excellent,97.19,95.52,79.99,33.09,92.71,87.2517,6.22,6,0,0,0,0,0,0,0,143139.58,0.1465,low,0.0
CUST015320,580,high_risk,20.86,94.52,16.77,42.07,43.26,46.7045,9.88,0,4,8,0,0,0,0,2,208108.94,0.1783,low,0.0
CUST015321,615,high_risk,41.69,76.81,13.63,47.42,80.4,52.4615,10.28,0,1,2,0,0,0,0,6,109293.77,0.1906,low,0.0
CUST015322,732,good,70.37,78.48,77.08,30.98,91.76,72.0094,10.91,5,0,0,0,0,0,0,0,105464.85,0.1094,low,0.0
CUST015323,793,excellent,91.19,96.4,54.31,40.38,90.89,82.1103,8.92,4,0,0,0,0,0,0,0,37993.87,0.0364,low,0.0
CUST015324,827,excellent,91.63,97.81,94.71,31.3,90.93,87.8451,4.24,15,0,0,0,0,0,0,1,22699.66,0.1549,low,0.0
CUST015325,773,excellent,67.27,93.69,96.91,35.07,91.5,78.846,9.24,13,0,0,0,0,0,0,7,50925.97,0.0323,low,0.0
CUST015326,649,high_risk,62.3,39.3,75.02,56.48,77.49,58.2439,58.7,6,2,2,0,0,0,0,3,177358.35,0.1074,low,0.0
CUST015327,759,excellent,91.12,77.53,31.61,76.48,90.09,76.5485,12.4,1,0,0,0,0,0,1,4,105637.22,0.5696,low,0.2
CUST015328,812,excellent,92.73,98.17,51.67,64.29,92.23,85.3077,7.11,4,0,0,0,0,0,1,1,104889.41,0.7668,low,0.5
CUST015329,775,excellent,67.7,95.87,65.58,77.8,91.13,79.1829,7.88,7,0,1,0,0,0,2,5,118443.04,0.6012,low,0.2857
CUST015330,739,good,97.88,45.81,68.13,56.76,93.43,73.2376,52.58,9,0,0,0,0,0,0,3,158513.87,0.0521,low,0.0
CUST015331,861,excellent,99.4,99.45,78.17,77.37,94.3,93.519,8.2,5,0,0,0,0,0,1,3,145909.38,0.9182,low,0.25
CUST015332,800,excellent,88.09,96.97,65.97,37.11,98.02,83.3303,1.05,7,0,0,0,0,0,0,0,150973.69,0.0216,low,0.0
CUST015333,806,excellent,94.11,88.98,87.33,49.76,66.36,84.3441,0.15,14,2,0,0,0,0,0,7,58023.61,0.1359,low,0.0
CUST015334,806,excellent,87.6,82.02,79.78,73.06,98.65,84.4037,13.5,5,0,0,0,0,0,1,6,113139.47,0.3644,low,0.1429
CUST015335,740,good,90.4,81.56,23.23,49.76,87.14,73.2827,13.88,0,1,0,0,0,0,1,5,36861.12,0.3565,low,0.1667
CUST015336,646,high_risk,38.1,75.08,74.33,35.89,70.9,57.6898,12.51,5,2,3,0,0,0,0,4,76919.71,0.0237,low,0.0
CUST015337,687,risky,40.77,96.53,71.77,36.6,68.7,64.5238,5.16,6,2,2,0,0,0,0,0,162500.15,0.1272,low,0.0
CUST015338,834,excellent,86.46,96.37,87.11,76.48,90.45,88.9316,5.67,12,0,0,0,0,0,2,6,31704.58,0.9964,low,0.25
CUST015339,846,excellent,96.64,95.2,77.81,77.76,92.29,91.061,6.24,8,0,0,0,0,0,1,5,37941.1,0.5154,low,0.1667
CUST015340,761,excellent,89.49,91.79,31.1,38.55,94.46,76.8219,1.28,0,0,0,0,0,0,0,5,69219.59,0.0903,low,0.0
CUST015341,792,excellent,89.39,99.37,52.57,32.25,97.72,81.9804,9.04,3,0,0,0,0,0,0,3,197675.44,0.0591,low,0.0
CUST015342,711,good,57.83,64.98,99.6,64.99,73.53,68.5249,42.32,14,2,2,0,0,0,0,4,263614.73,0.1183,low,0.0
CUST015343,765,excellent,89.06,88.72,45.73,30.05,98.76,77.5292,6.15,1,0,0,0,0,0,0,3,216851.56,0.084,low,0.0
CUST015344,614,high_risk,12.9,77.8,91.5,62.17,56.03,52.4016,13.37,10,4,6,0,0,0,1,1,45428.81,1.3655,low,0.5
CUST015345,769,excellent,98.54,78.9,47.46,30.95,98.1,78.1845,13.49,1,0,0,0,0,0,0,1,46999.16,0.1469,low,0.0
CUST015346,719,good,64.82,88.95,82.88,34.35,45.29,69.7661,5.46,9,4,1,0,0,0,0,4,47953.84,0.01,low,0.0
CUST015347,842,excellent,91.02,88.12,98.25,76.07,97.39,90.3785,4.14,14,0,0,0,0,0,1,1,121403.0,0.4062,low,0.5
CUST015348,805,excellent,88.5,95.39,84.05,48.51,70.72,84.1235,3.36,6,2,0,0,0,0,1,3,231171.13,0.6246,low,0.25
CUST015349,577,high_risk,5.35,77.11,58.5,47.9,76.33,46.2033,14.3,3,2,6,1,1,1,0,2,53449.81,0.3249,low,0.0
CUST015350,707,good,79.28,88.77,15.45,34.95,76.67,67.8578,12.76,0,2,0,0,0,0,0,1,100377.3,0.0693,low,0.0
CUST015351,843,excellent,98.18,94.95,87.18,53.0,93.6,90.583,7.29,17,0,0,0,0,0,1,3,100678.26,0.9291,low,0.25
CUST015352,693,risky,39.12,97.79,85.01,46.27,50.99,65.5072,0.74,18,3,1,0,0,0,0,7,152492.08,0.043,low,0.0
CUST015353,767,excellent,89.59,99.95,15.09,46.65,95.05,77.7763,7.44,0,0,0,0,0,0,0,6,148806.14,0.1251,low,0.0
CUST015354,631,high_risk,27.21,92.83,66.07,32.38,46.6,55.1801,0.13,8,4,4,0,0,1,0,7,64816.39,0.344,low,0.0
CUST015355,702,good,40.05,90.73,92.95,32.71,85.63,67.0114,7.16,13,1,4,0,0,0,0,2,451789.65,0.1746,low,0.0
CUST015356,813,excellent,93.68,97.08,75.43,40.88,81.22,85.4371,0.89,6,1,0,0,0,0,0,7,98758.56,0.136,low,0.0
CUST015357,786,excellent,98.19,88.93,45.01,48.04,84.64,81.0639,7.66,1,1,0,0,0,0,1,5,49663.91,0.3764,low,0.1667
CUST015358,761,excellent,94.86,89.99,17.77,47.61,92.71,76.8942,10.92,0,0,0,0,0,0,0,1,79540.19,0.0709,low,0.0
CUST015359,779,excellent,86.06,89.75,70.37,32.88,90.16,79.9067,3.38,6,0,0,0,0,0,0,2,99841.03,0.061,low,0.0
CUST015360,717,good,92.23,80.27,28.5,43.46,44.48,69.4301,10.29,0,3,0,0,0,0,0,2,17098.36,0.039,low,0.0
CUST015361,813,excellent,94.25,77.89,97.58,47.84,96.94,85.4713,10.1,17,0,0,0,0,0,0,0,86038.32,0.0492,low,0.0
CUST015362,841,excellent,98.22,97.97,96.65,35.04,83.52,90.1195,5.73,19,1,0,0,0,0,0,4,200609.27,0.0273,low,0.0
CUST015363,657,risky,32.04,89.17,63.82,36.55,82.9,59.4848,8.42,3,1,4,0,0,0,0,6,129278.9,0.1419,low,0.0
CUST015364,839,excellent,89.54,98.16,90.71,58.99,95.11,89.8057,1.0,13,0,0,0,0,0,1,7,99738.34,0.5796,low,0.125
CUST015365,845,excellent,99.1,97.33,86.61,42.56,96.65,90.7955,3.01,14,0,0,0,0,0,0,3,65146.71,0.1198,low,0.0
CUST015366,817,excellent,91.76,88.32,82.85,60.2,90.51,86.1104,8.2,7,0,0,0,0,0,1,3,55733.47,0.3776,low,0.25
CUST015367,786,excellent,86.0,85.52,58.76,77.84,85.82,80.9347,14.71,4,1,0,0,0,0,1,4,228668.66,0.7296,low,0.2
CUST015368,716,good,62.33,89.06,60.11,30.04,87.28,69.2847,8.86,2,1,1,0,0,0,0,1,103929.76,0.01,low,0.0
CUST015369,693,risky,47.35,79.15,68.18,61.82,87.82,65.5091,25.61,8,1,2,0,0,0,0,6,127700.05,0.0467,low,0.0
CUST015370,680,risky,40.02,92.68,63.55,30.06,89.68,63.3175,5.96,2,1,1,0,0,0,0,0,205207.75,0.0842,low,0.0
CUST015371,814,excellent,89.87,96.58,77.14,37.37,98.82,85.6188,9.14,8,0,0,0,0,0,0,3,22451.04,0.0082,low,0.0
CUST015372,765,excellent,88.15,89.73,37.62,59.73,81.3,77.5168,6.0,1,1,0,0,0,0,1,0,133879.92,0.724,low,0.5
CUST015373,815,excellent,94.45,86.3,91.53,47.7,83.64,85.8105,11.44,13,1,0,0,0,0,1,7,587525.74,0.4576,low,0.125
CUST015374,796,excellent,99.3,77.25,72.02,48.09,91.4,82.6799,11.68,5,1,0,0,0,0,1,6,129734.14,0.5388,low,0.1429
CUST015375,785,excellent,91.13,85.8,66.08,41.24,91.93,80.8653,13.07,5,0,0,0,0,0,0,1,93502.34,0.1294,low,0.0
CUST015376,703,good,52.07,91.0,66.08,32.22,85.19,67.1777,9.97,7,1,4,0,0,0,0,1,14728.51,0.156,low,0.0
CUST015377,690,risky,49.39,84.12,57.1,47.89,91.26,65.0012,11.95,3,1,1,0,0,0,0,1,48280.89,0.1167,low,0.0
CUST015378,755,excellent,66.64,93.06,72.28,40.68,96.93,75.8458,1.69,8,0,1,0,0,0,0,7,206656.03,0.1539,low,0.0
CUST015379,806,excellent,87.35,84.39,99.24,40.8,95.38,84.3962,14.25,19,0,0,0,0,0,0,1,575774.93,0.0568,low,0.0
CUST015380,783,excellent,79.67,91.69,80.94,36.76,93.41,80.5487,5.63,6,0,0,0,0,0,0,5,677242.5,0.0618,low,0.0
CUST015381,830,excellent,95.06,93.95,95.17,38.21,88.18,88.3706,1.02,19,1,0,0,0,0,0,2,81210.4,0.148,low,0.0
CUST015382,686,risky,56.34,85.48,29.05,73.84,72.04,64.3095,14.86,0,2,4,0,0,0,1,4,242242.72,0.8947,low,0.2
CUST015383,701,good,51.11,83.5,70.78,42.66,89.9,66.8132,10.32,8,1,2,0,0,0,0,0,64267.79,0.1864,low,0.0
CUST015384,811,excellent,88.62,95.72,83.14,32.66,97.36,85.2026,3.29,7,0,0,0,0,0,0,0,84368.88,0.0435,low,0.0
CUST015385,764,excellent,88.71,88.57,26.35,67.45,90.64,77.3794,14.49,0,0,0,0,0,0,1,5,133736.64,0.9685,low,0.1667
CUST015386,596,high_risk,6.99,96.09,74.43,35.01,34.74,49.4122,4.6,6,6,6,1,0,1,0,4,679255.62,0.2417,low,0.0
CUST015387,772,excellent,91.19,95.8,40.45,34.7,84.18,78.6108,3.33,1,1,0,0,0,0,0,6,307482.75,0.1575,low,0.0
CUST015388,830,excellent,92.25,93.6,93.31,44.5,94.62,88.2744,6.74,19,0,0,0,0,0,0,1,16995.51,0.1095,low,0.0
CUST015389,829,excellent,91.83,83.52,89.71,77.19,98.09,88.1835,13.82,12,0,0,0,0,0,2,5,142121.17,0.7648,low,0.2857
CUST015390,807,excellent,87.83,94.5,90.39,44.61,74.2,84.5305,0.61,14,2,0,0,0,0,0,3,34698.18,0.0264,low,0.0
CUST015391,792,excellent,89.77,77.75,87.96,46.43,94.02,81.9842,10.36,14,0,0,0,0,0,1,0,275125.0,0.3858,low,0.5
CUST015392,762,excellent,72.99,77.45,87.56,58.02,92.74,76.9915,10.55,12,0,1,0,0,0,1,6,153141.5,0.7622,low,0.1429
CUST015393,807,excellent,95.79,98.34,37.34,67.05,91.46,84.4831,4.07,1,0,0,0,0,0,1,5,57543.96,0.8586,low,0.1667
CUST015394,707,good,85.18,42.52,63.71,61.64,95.23,67.8125,52.09,2,0,0,0,0,0,0,0,98247.22,0.1139,low,0.0
CUST015395,757,excellent,93.96,82.36,34.01,41.15,94.11,76.2217,12.53,0,0,0,0,0,0,0,5,28150.99,0.0574,low,0.0
CUST015396,831,excellent,98.81,89.9,90.65,34.58,98.8,88.4862,1.43,16,0,0,0,0,0,0,0,73723.29,0.159,low,0.0
CUST015397,837,excellent,95.87,96.85,84.12,51.9,91.0,89.5167,8.67,5,0,0,0,0,0,1,3,156516.82,0.843,low,0.25
CUST015398,651,risky,20.02,82.82,67.34,79.07,95.83,58.4433,12.88,9,0,7,0,0,0,1,2,66603.1,1.2625,low,0.3333
CUST015399,833,excellent,92.98,93.49,80.79,70.45,91.32,88.8825,9.92,8,1,0,0,0,0,1,4,58065.22,0.9372,low,0.2
CUST015400,779,excellent,89.34,75.06,80.46,41.69,98.82,79.9045,10.45,7,0,0,0,0,0,0,0,206078.9,0.0041,low,0.0
CUST015401,778,excellent,90.66,98.9,38.39,38.42,87.31,79.7331,7.93,1,1,0,0,0,0,0,5,27976.97,0.048,low,0.0
CUST015402,784,excellent,95.77,94.48,26.98,50.15,98.26,80.7489,1.06,0,0,0,0,0,0,1,2,158918.64,0.6006,low,0.3333
CUST015403,786,excellent,88.44,67.49,97.05,51.98,99.63,80.9185,34.47,15,0,0,0,0,0,1,4,42169.78,0.54,low,0.2
CUST015404,818,excellent,98.01,88.48,85.6,41.75,84.85,86.3487,14.4,10,1,0,0,0,0,0,4,19222.81,0.0954,low,0.0
CUST015405,809,excellent,93.75,80.5,97.77,51.22,80.93,84.8423,12.88,19,1,0,0,0,0,1,6,727647.94,0.9679,low,0.1429
CUST015406,577,high_risk,10.98,89.99,55.37,44.5,25.3,46.126,3.55,2,5,3,1,0,1,0,7,24871.61,0.4019,low,0.0
CUST015407,676,risky,59.51,88.98,40.4,38.2,53.22,62.7239,8.9,1,3,2,0,0,0,0,7,16680.7,0.0766,low,0.0
CUST015408,640,high_risk,19.65,88.93,95.87,34.55,52.85,56.6757,2.53,15,4,3,0,0,1,0,4,181178.34,0.3155,low,0.0
CUST015409,751,excellent,94.43,88.57,10.84,44.88,93.83,75.1177,1.57,0,0,0,0,0,0,0,5,47288.81,0.0134,low,0.0
CUST015410,842,excellent,94.82,90.5,87.27,78.35,90.41,90.3017,2.75,13,0,0,0,0,0,1,3,513121.12,0.458,low,0.25
CUST015411,778,excellent,89.26,91.66,55.32,31.59,95.15,79.7135,3.1,4,0,0,0,0,0,0,2,23341.0,0.0988,low,0.0
CUST015412,817,excellent,99.88,89.1,80.8,36.58,87.73,86.2411,0.9,7,1,0,0,0,0,0,5,296671.0,0.1432,low,0.0
CUST015413,828,excellent,99.53,89.98,79.99,45.36,95.65,87.9279,1.65,8,0,0,0,0,0,1,2,47691.13,0.8658,low,0.3333
CUST015414,826,excellent,95.0,81.67,83.12,76.34,98.09,87.6637,11.52,9,0,0,0,0,0,1,1,81060.22,0.7666,low,0.5
CUST015415,703,good,44.4,82.43,85.85,49.88,90.29,67.1626,10.4,15,1,4,0,0,0,0,1,59235.58,0.2131,low,0.0
CUST015416,817,excellent,96.64,96.07,37.76,81.27,97.24,86.1604,5.8,1,0,0,0,0,0,2,1,82527.15,0.8839,low,0.6667
CUST015417,706,good,61.86,62.77,87.7,63.71,77.3,67.736,48.32,17,2,4,0,0,0,0,5,64606.06,0.0847,low,0.0
CUST015418,795,excellent,74.99,86.42,99.73,57.4,95.91,82.4616,17.69,16,0,1,0,0,0,0,5,42355.03,0.035,low,0.0
CUST015419,843,excellent,97.15,96.9,85.58,47.92,97.79,90.4772,7.51,19,0,0,0,0,0,1,0,219309.99,0.5046,low,0.5
CUST015420,794,excellent,79.3,84.15,88.18,66.49,95.01,82.3772,14.16,11,0,0,0,0,0,1,4,109012.49,0.9808,low,0.2
CUST015421,842,excellent,93.94,99.68,70.75,70.94,98.47,90.3369,0.77,8,0,0,0,0,0,1,3,63129.15,0.3534,low,0.25
CUST015422,817,excellent,90.57,83.65,97.76,56.51,90.0,86.1109,11.93,12,0,0,0,0,0,1,7,130403.36,0.5703,low,0.125
CUST015423,859,excellent,98.05,92.32,94.01,71.36,98.79,93.13,0.01,10,0,0,0,0,0,1,6,510661.86,0.7075,low,0.1429
CUST015424,645,high_risk,13.71,99.62,92.25,31.71,58.74,57.5673,9.61,15,4,6,1,1,1,0,4,247936.21,0.2473,low,0.0
CUST015425,816,excellent,92.43,89.21,82.09,47.82,97.78,85.9834,5.25,7,0,0,0,0,0,0,0,136807.19,0.124,low,0.0
CUST015426,758,excellent,91.07,87.39,41.74,31.6,89.06,76.416,13.64,1,1,0,0,0,0,0,5,46473.29,0.0422,low,0.0
CUST015427,799,excellent,90.04,93.85,67.71,48.31,85.55,83.2099,1.87,6,1,0,0,0,0,0,1,212054.02,0.0861,low,0.0
CUST015428,744,good,87.4,89.68,32.66,34.56,81.32,73.9815,3.29,1,1,0,0,0,0,0,5,43517.91,0.0349,low,0.0
CUST015429,779,excellent,73.33,92.06,88.38,35.17,97.77,79.8345,9.89,19,0,0,0,0,0,0,3,124832.32,0.1019,low,0.0
CUST015430,795,excellent,97.87,78.84,68.04,60.57,82.88,82.4591,10.49,7,1,0,0,0,0,1,5,50435.74,0.9523,low,0.1667
CUST015431,704,good,42.33,97.93,70.97,42.08,82.65,67.3135,8.64,9,1,3,0,0,0,0,4,567833.61,0.2403,low,0.0
CUST015432,831,excellent,91.85,96.02,82.35,53.87,98.88,88.5822,10.0,7,0,0,0,0,0,1,5,19122.03,0.4153,low,0.1667
CUST015433,835,excellent,94.2,97.24,99.3,30.22,91.68,89.2296,9.98,18,0,0,0,0,0,0,0,12017.49,0.0619,low,0.0
CUST015434,832,excellent,91.24,87.3,90.65,71.68,98.21,88.7078,11.02,10,0,0,0,0,0,1,4,158415.16,0.4385,low,0.2
CUST015435,842,excellent,98.05,88.41,91.78,71.38,86.61,90.4064,0.88,10,1,0,0,0,0,1,6,319704.2,0.3569,low,0.1429
CUST015436,749,good,88.07,89.11,13.4,63.93,89.24,74.8845,2.18,0,1,0,0,0,0,1,6,42363.25,0.3517,low,0.1429
CUST015437,540,high_risk,0.65,80.28,51.55,47.5,31.56,39.9512,14.23,2,6,6,1,1,1,0,0,102166.05,0.2497,low,0.0
CUST015438,625,high_risk,18.45,75.07,87.85,69.43,61.25,54.2255,13.72,12,4,8,0,0,0,1,0,108827.31,1.7616,moderate,0.5
CUST015439,659,risky,42.66,85.82,48.37,31.57,87.83,59.873,11.45,3,1,4,0,0,0,0,5,536801.69,0.0892,low,0.0
CUST015440,842,excellent,89.54,93.81,92.33,74.63,96.18,90.4159,1.17,10,0,0,0,0,0,1,1,93022.82,0.3755,low,0.5
CUST015441,701,good,43.52,90.45,90.57,30.86,77.65,66.8006,4.18,11,2,1,0,0,0,0,6,144998.84,0.1141,low,0.0
CUST015442,744,good,93.91,79.91,30.27,34.99,91.16,73.999,12.48,1,1,0,0,0,0,0,1,295820.68,0.1649,low,0.0
CUST015443,719,good,36.55,98.15,92.54,40.19,97.46,69.8861,4.83,17,0,1,0,0,0,0,4,76474.8,0.0687,low,0.0
CUST015444,727,good,87.07,60.48,56.56,63.82,76.5,71.1342,36.5,2,2,0,0,0,0,0,0,74728.34,0.0124,low,0.0
CUST015445,789,excellent,86.16,95.63,61.92,43.3,90.66,81.5293,1.2,3,0,0,0,0,0,0,3,203701.01,0.0497,low,0.0
CUST015446,836,excellent,90.83,99.49,95.17,43.32,90.49,89.2917,5.08,19,0,0,0,0,0,0,0,103220.19,0.0458,low,0.0
CUST015447,754,excellent,88.74,76.35,46.54,57.17,90.7,75.7326,11.98,1,1,0,0,0,0,1,4,102694.5,0.975,low,0.2
CUST015448,843,excellent,99.33,88.17,99.79,44.31,98.62,90.4757,14.79,19,0,0,0,0,0,0,2,116981.28,0.0927,low,0.0
CUST015449,767,excellent,97.45,80.04,49.33,32.87,90.44,77.8493,13.15,3,0,0,0,0,0,0,3,71258.45,0.13,low,0.0
CUST015450,783,excellent,94.51,68.81,77.12,51.7,99.82,80.4408,44.81,8,0,0,0,0,0,0,7,20487.75,0.1108,low,0.0
CUST015451,703,good,50.8,77.76,91.7,34.47,88.91,67.2009,13.35,13,1,3,0,0,0,0,5,21333.14,0.2316,low,0.0
CUST015452,708,good,62.52,78.12,87.48,42.08,52.78,67.922,12.06,14,3,3,0,0,0,0,5,74822.99,0.1546,low,0.0
CUST015453,820,excellent,91.83,94.33,87.44,36.82,94.31,86.6689,5.29,20,0,0,0,0,0,0,1,58123.54,0.0237,low,0.0
CUST015454,781,excellent,88.76,89.4,48.57,79.41,70.56,80.1666,5.65,3,2,0,0,0,0,1,7,103369.27,0.4828,low,0.125
CUST015455,723,good,88.6,63.46,52.06,45.85,80.87,70.5317,47.2,3,1,0,0,0,0,1,0,132820.93,0.9644,low,0.5
CUST015456,823,excellent,94.24,91.21,86.33,45.96,93.27,87.22,2.9,15,0,0,0,0,0,1,5,81242.28,0.9286,low,0.1667
CUST015457,716,good,63.09,93.09,73.4,36.3,47.21,69.3699,0.5,9,3,2,0,0,0,0,2,39597.12,0.2382,low,0.0
CUST015458,678,risky,40.35,86.56,64.04,36.91,96.26,63.0125,10.95,2,0,1,0,0,0,0,0,94043.52,0.1375,low,0.0
CUST015459,732,good,88.91,67.64,46.82,48.5,87.81,72.0661,37.3,4,1,0,0,0,0,0,2,188055.4,0.0993,low,0.0
CUST015460,781,excellent,93.52,78.67,66.04,45.15,94.36,80.1895,10.28,8,0,0,0,0,0,0,3,87500.71,0.1032,low,0.0
CUST015461,823,excellent,95.61,94.67,67.81,52.23,99.08,87.1681,5.77,8,0,0,0,0,0,1,4,53942.06,0.7661,low,0.2
CUST015462,851,excellent,96.8,98.31,94.59,45.87,97.59,91.9069,1.45,16,0,0,0,0,0,0,7,121907.41,0.1331,low,0.0
CUST015463,761,excellent,68.14,93.94,74.77,39.97,95.91,76.8357,9.5,6,0,1,0,0,0,0,4,53355.53,0.1301,low,0.0
CUST015464,763,excellent,87.3,78.78,65.19,33.47,98.57,77.1701,12.14,7,0,0,0,0,0,0,1,511130.79,0.0171,low,0.0
CUST015465,796,excellent,88.89,95.34,50.94,71.72,82.05,82.7338,0.88,4,1,0,0,0,0,1,1,23220.01,0.9924,low,0.5
CUST015466,802,excellent,99.45,77.31,65.37,61.95,96.41,83.6415,11.98,9,0,0,0,0,0,1,2,128013.27,0.9609,low,0.3333
CUST015467,782,excellent,90.81,77.65,60.85,66.48,95.11,80.363,13.86,3,0,0,0,0,0,2,7,45734.95,0.9688,low,0.2222
CUST015468,836,excellent,96.73,83.25,94.74,64.75,98.0,89.3194,12.23,10,0,0,0,0,0,1,2,75250.02,0.5211,low,0.3333
CUST015469,815,excellent,94.79,80.79,99.64,50.35,84.59,85.8522,16.44,14,1,0,0,0,0,0,0,345934.4,0.0221,low,0.0
CUST015470,738,good,58.59,98.75,81.11,36.78,70.46,73.0207,0.72,9,2,2,0,0,0,0,3,24908.24,0.1486,low,0.0
CUST015471,796,excellent,87.38,84.57,90.85,42.22,88.8,82.6837,13.65,13,1,0,0,0,0,0,3,87605.5,0.1559,low,0.0
CUST015472,802,excellent,88.03,94.89,92.07,39.08,65.94,83.5896,8.48,11,2,0,0,0,0,0,7,236316.28,0.0958,low,0.0
CUST015473,714,good,76.38,89.21,19.43,45.26,80.45,68.9785,7.52,0,1,1,0,0,0,0,0,44546.53,0.0131,low,0.0
CUST015474,783,excellent,95.17,88.45,47.95,52.94,82.33,80.5659,7.58,2,1,0,0,0,0,1,5,153874.43,0.3915,low,0.1667
CUST015475,845,excellent,98.73,85.25,89.59,78.25,93.71,90.7635,11.03,10,0,0,0,0,0,1,4,32550.39,0.365,low,0.2
CUST015476,739,good,62.16,92.98,85.46,30.73,76.27,73.1684,8.6,14,2,3,0,0,0,0,7,324317.58,0.1004,low,0.0
CUST015477,802,excellent,96.5,85.73,69.23,43.9,93.8,83.6487,13.47,6,0,0,0,0,0,0,0,860939.98,0.0591,low,0.0
CUST015478,823,excellent,87.61,83.4,96.2,71.33,99.93,87.2377,11.28,17,0,0,0,0,0,1,4,163846.66,0.5871,low,0.2
CUST015479,808,excellent,90.45,91.15,74.73,49.67,95.5,84.7292,7.62,5,0,0,0,0,0,0,4,187103.83,0.1329,low,0.0
CUST015480,773,excellent,63.9,97.48,96.86,37.44,88.85,78.7707,0.44,13,1,1,0,0,0,0,1,185980.24,0.015,low,0.0
CUST015481,573,high_risk,9.19,91.91,34.94,43.84,51.51,45.5669,3.23,1,3,4,0,1,1,0,4,139437.48,0.232,low,0.0
CUST015482,747,good,59.21,96.8,90.66,33.59,77.65,74.4878,2.18,17,2,1,0,0,0,0,5,39442.29,0.0238,low,0.0
CUST015483,731,good,48.83,88.34,93.54,72.91,79.7,71.8843,9.57,18,2,3,0,0,0,1,6,10560.73,1.4784,low,0.1429
CUST015484,590,high_risk,10.32,84.15,53.8,79.66,43.97,48.2896,14.01,2,5,7,1,0,0,1,4,147217.56,1.4933,low,0.2
CUST015485,770,excellent,86.75,75.21,63.68,68.14,90.53,78.3459,10.38,3,1,0,0,0,0,1,3,104355.77,0.7908,low,0.25
CUST015486,770,excellent,87.75,99.59,28.43,35.23,99.22,78.2989,8.01,0,0,0,0,0,0,0,0,338223.78,0.1426,low,0.0
CUST015487,672,risky,40.62,86.08,77.24,31.08,71.97,61.9307,11.4,5,2,1,0,0,0,0,5,177691.8,0.223,low,0.0
CUST015488,779,excellent,90.38,77.84,71.14,46.97,95.17,79.8702,12.91,8,0,0,0,0,0,0,0,47427.95,0.0908,low,0.0
CUST015489,660,risky,42.75,93.7,62.82,32.21,43.42,60.0574,6.31,4,3,2,0,0,0,0,1,156197.46,0.0422,low,0.0
CUST015490,800,excellent,90.74,80.03,80.24,60.88,94.18,83.3093,12.64,6,0,0,0,0,0,1,5,165675.42,0.3718,low,0.1667
CUST015491,850,excellent,90.83,96.88,98.47,65.0,95.71,91.6942,1.4,12,0,0,0,0,0,1,2,239547.65,0.3593,low,0.3333
CUST015492,830,excellent,86.85,91.28,96.36,62.94,97.87,88.3181,3.46,15,0,0,0,0,0,1,4,680825.31,0.3373,low,0.2
CUST015493,796,excellent,92.72,80.91,66.27,67.47,91.81,82.5924,14.61,9,0,0,0,0,0,1,7,31127.81,0.6534,low,0.125
CUST015494,791,excellent,90.35,97.11,50.79,42.46,92.94,81.9137,7.75,2,0,0,0,0,0,0,6,648893.81,0.0479,low,0.0
CUST015495,759,excellent,85.96,98.74,29.03,40.25,84.31,76.5177,3.17,0,1,0,0,0,0,0,7,198327.98,0.0544,low,0.0
CUST015496,810,excellent,90.04,88.55,95.75,31.74,93.86,85.0014,3.28,12,0,0,0,0,0,0,0,113023.16,0.1124,low,0.0
CUST015497,722,good,86.1,76.29,23.58,39.05,98.08,70.2737,14.11,0,0,0,0,0,0,0,0,382647.48,0.0666,low,0.0
CUST015498,703,good,73.92,47.19,93.8,47.23,82.62,67.0837,55.31,17,1,1,0,0,0,0,3,62607.67,0.1186,low,0.0
CUST015499,689,risky,54.01,97.42,30.89,34.67,85.45,64.7745,6.12,1,1,2,0,0,0,0,7,309031.62,0.1519,low,0.0
CUST015500,741,good,78.96,84.92,45.85,43.06,92.18,73.5139,11.21,1,0,1,0,0,0,0,2,374631.34,0.1219,low,0.0
CUST015501,791,excellent,97.82,88.68,57.37,41.36,82.3,81.8143,0.88,2,1,0,0,0,0,0,1,49475.7,0.058,low,0.0
CUST015502,663,risky,42.13,89.57,67.33,44.72,42.37,60.4254,13.2,8,3,2,0,0,0,0,7,351424.92,0.0125,low,0.0
CUST015503,821,excellent,89.68,87.7,98.99,49.95,92.49,86.7883,14.22,12,0,0,0,0,0,0,1,100832.55,0.1323,low,0.0
CUST015504,806,excellent,88.03,92.49,92.36,36.04,83.35,84.3497,9.41,18,1,0,0,0,0,0,5,46731.95,0.0726,low,0.0
CUST015505,792,excellent,94.55,90.95,36.71,66.31,94.09,81.9216,0.96,1,0,0,0,0,0,1,2,76284.9,0.5846,low,0.3333
CUST015506,660,risky,23.41,98.27,71.82,66.84,57.94,59.9263,1.18,5,3,4,0,0,0,1,5,366313.28,2.2695,moderate,0.1667
CUST015507,724,good,65.25,79.35,65.07,45.08,96.76,70.5885,13.09,9,0,1,0,0,0,0,6,104341.59,0.1197,low,0.0
CUST015508,821,excellent,94.1,88.58,97.8,32.78,94.18,86.8739,6.65,13,0,0,0,0,0,0,2,45170.69,0.0347,low,0.0
CUST015509,828,excellent,99.06,89.02,96.46,33.23,88.74,88.0427,5.08,14,1,0,0,0,0,0,2,68474.89,0.0522,low,0.0
CUST015510,810,excellent,97.96,94.23,53.24,45.98,98.25,84.9648,7.65,4,0,0,0,0,0,1,3,251705.63,0.7389,low,0.25
CUST015511,800,excellent,86.49,84.68,94.59,52.21,83.19,83.4029,12.96,15,1,0,0,0,0,1,6,82647.19,0.4505,low,0.1429
CUST015512,749,good,86.13,87.42,31.72,42.59,95.03,74.893,12.25,0,0,0,0,0,0,0,7,200170.62,0.0144,low,0.0
CUST015513,777,excellent,91.22,80.76,71.94,31.07,93.9,79.4453,10.79,8,0,0,0,0,0,0,4,36848.61,0.1298,low,0.0
CUST015514,828,excellent,91.16,98.3,87.77,43.5,90.48,87.9603,8.03,15,0,0,0,0,0,0,0,19878.12,0.1608,low,0.0
CUST015515,764,excellent,57.76,95.25,86.14,68.57,97.6,77.3305,7.89,13,0,3,0,0,0,1,2,47199.05,1.1476,low,0.3333
CUST015516,749,good,63.09,91.11,93.41,30.1,83.77,74.8146,3.02,17,1,3,0,0,0,0,7,42031.82,0.1653,low,0.0
CUST015517,773,excellent,96.57,90.56,34.63,36.89,90.44,78.8948,2.64,0,1,0,0,0,0,0,3,145157.6,0.1371,low,0.0
CUST015518,802,excellent,95.37,76.23,89.69,44.4,95.81,83.7219,14.24,19,0,0,0,0,0,0,3,17774.17,0.0592,low,0.0
CUST015519,828,excellent,93.4,90.9,94.29,40.14,99.11,88.0297,0.51,11,0,0,0,0,0,0,4,95520.27,0.1507,low,0.0
CUST015520,837,excellent,96.26,94.38,91.41,41.38,97.24,89.58,3.2,18,0,0,0,0,0,0,4,100249.83,0.0088,low,0.0
CUST015521,811,excellent,88.12,96.83,87.41,41.21,79.8,85.103,0.18,12,2,0,0,0,0,0,3,115086.27,0.0047,low,0.0
CUST015522,814,excellent,96.38,89.39,75.04,46.97,91.75,85.6779,8.71,7,0,0,0,0,0,0,5,213264.85,0.0792,low,0.0
CUST015523,679,risky,90.93,37.88,34.5,60.27,87.91,63.1835,53.55,1,1,0,0,0,0,0,2,74951.98,0.7435,low,0.0
CUST015524,754,excellent,88.3,56.91,78.68,61.08,96.96,75.5859,33.86,5,0,0,0,0,0,1,7,13111.58,0.6337,low,0.125
CUST015525,754,excellent,70.08,91.58,69.31,34.26,98.53,75.6776,3.02,6,0,1,0,0,0,0,0,57415.4,0.1563,low,0.0
CUST015526,644,high_risk,49.01,79.32,45.01,31.46,64.37,57.2827,13.88,1,3,3,0,0,0,0,2,128734.43,0.0497,low,0.0
CUST015527,803,excellent,99.78,69.32,90.34,64.91,81.03,83.8638,47.55,10,1,0,0,0,0,1,3,45099.88,0.7091,low,0.25
CUST015528,724,good,58.33,67.64,96.34,78.19,87.57,70.7342,47.38,14,1,1,0,0,0,1,4,213342.16,1.3266,low,0.2
CUST015529,776,excellent,90.33,88.52,56.06,35.78,92.0,79.3578,7.37,2,0,0,0,0,0,0,4,155979.98,0.0774,low,0.0
CUST015530,802,excellent,97.11,84.03,68.64,50.86,91.36,83.7165,21.97,9,0,0,0,0,0,0,7,1356234.48,0.0523,low,0.0
CUST015531,678,risky,58.59,75.07,56.9,38.07,75.55,62.9241,13.91,3,2,3,0,0,0,0,1,239663.81,0.0096,low,0.0
CUST015532,833,excellent,86.86,92.41,93.06,79.44,88.37,88.8638,1.6,11,1,0,0,0,0,1,3,200592.0,0.5035,low,0.25
CUST015533,807,excellent,88.39,88.09,69.4,67.03,99.94,84.4701,1.72,5,0,0,0,0,0,1,2,276912.27,0.804,low,0.3333
CUST015534,809,excellent,85.98,98.03,96.96,40.8,66.43,84.7717,3.4,13,2,0,0,0,0,0,6,312397.97,0.0446,low,0.0
CUST015535,817,excellent,99.82,78.25,90.2,62.99,79.48,86.1902,13.35,12,2,0,0,0,0,1,3,68483.16,0.8773,low,0.25
CUST015536,673,risky,41.71,94.59,70.44,43.04,42.97,62.1431,0.22,8,5,3,0,0,0,0,3,102514.59,0.1853,low,0.0
CUST015537,822,excellent,88.37,98.54,97.58,32.96,86.52,87.0765,2.53,15,1,0,0,0,0,0,4,14507.17,0.1074,low,0.0
CUST015538,757,excellent,90.38,88.73,26.59,43.68,95.94,76.201,5.86,0,0,0,0,0,0,0,2,367963.13,0.1228,low,0.0
CUST015539,670,risky,29.88,91.84,81.53,65.08,59.56,61.7039,8.94,7,4,8,0,0,0,1,4,49868.5,1.6136,moderate,0.2
CUST015540,765,excellent,87.65,93.67,47.4,64.39,52.1,77.5369,3.01,1,3,0,0,0,0,1,6,46374.02,0.831,low,0.1429
CUST015541,628,high_risk,40.19,84.54,39.91,41.88,50.56,54.6579,10.42,1,3,1,0,0,0,0,5,49060.45,0.1466,low,0.0
CUST015542,774,excellent,94.79,89.95,33.55,39.98,97.27,78.9201,0.47,0,0,0,0,0,0,0,4,55042.1,0.1493,low,0.0
CUST015543,763,excellent,91.31,77.83,59.79,37.59,91.22,77.1568,10.03,2,1,0,0,0,0,0,2,146601.29,0.1086,low,0.0
CUST015544,648,high_risk,11.1,93.61,85.46,41.54,90.23,57.9678,6.71,14,1,1,0,1,1,0,4,95687.07,0.2693,low,0.0
CUST015545,774,excellent,92.55,75.82,59.51,57.75,91.42,78.9816,14.65,3,0,0,0,0,0,1,3,114805.24,0.506,low,0.25
CUST015546,746,good,64.46,94.98,90.68,34.94,61.8,74.3289,3.13,11,3,4,0,0,0,0,4,31394.98,0.0495,low,0.0
CUST015547,801,excellent,91.66,77.36,66.98,87.3,94.77,83.5418,13.83,8,0,0,0,0,0,2,1,176189.99,0.5747,low,0.6667
CUST015548,783,excellent,88.0,88.08,47.9,60.48,99.64,80.4217,8.73,4,0,0,0,0,0,1,3,77903.61,0.6721,low,0.25
CUST015549,675,risky,42.57,81.24,85.16,32.1,72.99,62.5547,14.28,12,2,4,0,0,0,0,6,61505.72,0.0572,low,0.0
CUST015550,829,excellent,91.83,91.94,94.07,62.93,81.17,88.2409,1.08,13,1,0,0,0,0,1,3,194668.51,0.8542,low,0.25
CUST015551,821,excellent,93.56,90.97,76.77,69.27,84.09,86.8909,7.85,6,1,0,0,0,0,1,4,111950.86,0.6737,low,0.2
CUST015552,754,excellent,95.29,77.15,35.99,48.78,89.31,75.7041,12.16,1,1,0,0,0,0,0,5,80152.55,0.0098,low,0.0
CUST015553,781,excellent,99.56,60.68,88.59,47.45,90.99,80.1832,42.82,12,0,0,0,0,0,0,2,85857.01,0.0758,low,0.0
CUST015554,567,high_risk,10.69,88.24,58.23,41.25,13.99,44.473,0.92,3,7,3,1,1,1,0,4,224324.39,0.2503,low,0.0
CUST015555,780,excellent,93.83,80.24,48.81,74.88,82.38,79.9606,12.16,3,1,0,0,0,0,1,2,93114.58,0.6406,low,0.3333
CUST015556,805,excellent,86.62,97.4,70.27,40.89,99.73,84.1414,5.68,8,0,0,0,0,0,0,1,60740.5,0.1449,low,0.0
CUST015557,824,excellent,92.26,89.31,88.69,62.77,86.99,87.3627,1.74,14,1,0,0,0,0,1,3,39560.57,0.9724,low,0.25
CUST015558,782,excellent,93.26,58.65,95.66,65.6,92.21,80.3673,34.15,18,0,0,0,0,0,1,6,13945.33,0.8826,low,0.1429
CUST015559,824,excellent,99.63,85.49,87.65,46.88,90.24,87.3757,11.61,16,1,0,0,0,0,1,1,68642.61,0.6306,low,0.5
CUST015560,775,excellent,88.54,99.29,51.13,38.55,68.74,79.1753,2.44,3,2,0,0,0,0,0,7,62833.56,0.0778,low,0.0
CUST015561,851,excellent,92.16,98.46,78.55,92.33,90.76,91.8879,0.6,7,0,0,0,0,0,2,1,316808.44,0.6082,low,0.6667
CUST015562,615,high_risk,23.14,77.8,55.26,43.08,84.15,52.4525,10.87,2,1,4,0,0,1,0,2,56272.58,0.3687,low,0.0
CUST015563,787,excellent,86.15,88.04,85.3,36.33,82.01,81.194,5.82,12,1,0,0,0,0,0,6,272102.55,0.0711,low,0.0
CUST015564,798,excellent,86.85,94.74,71.87,43.92,90.62,83.0527,8.77,7,1,0,0,0,0,0,1,47818.54,0.0034,low,0.0
CUST015565,831,excellent,95.55,88.01,98.92,42.71,94.94,88.4476,1.39,11,0,0,0,0,0,0,4,49436.94,0.1262,low,0.0
CUST015566,566,high_risk,2.03,85.66,65.94,30.14,49.51,44.2655,14.26,7,3,4,0,1,1,0,6,29956.89,0.6286,low,0.0
CUST015567,577,high_risk,17.54,94.76,21.4,62.4,30.82,46.0971,1.39,0,5,4,0,0,0,1,7,85774.36,1.621,moderate,0.125
CUST015568,577,high_risk,16.32,88.69,34.27,46.23,40.04,46.0893,4.77,1,3,5,0,0,1,0,5,129010.94,0.6174,low,0.0
CUST015569,822,excellent,92.93,96.52,88.64,32.58,89.89,87.0254,5.68,16,1,0,0,0,0,0,6,340805.61,0.0975,low,0.0
CUST015570,761,excellent,65.63,94.09,62.19,75.18,87.19,76.766,1.92,3,1,0,0,0,0,2,1,114018.09,0.5395,low,0.6667
CUST015571,806,excellent,88.17,91.9,74.36,48.51,98.62,84.299,4.0,7,0,0,0,0,0,1,1,140778.23,0.5064,low,0.5
CUST015572,826,excellent,94.39,97.91,55.45,75.48,94.49,87.7239,4.52,3,0,0,0,0,0,1,2,76973.31,0.7597,low,0.3333
CUST015573,782,excellent,78.26,89.52,86.54,64.37,66.52,80.317,8.68,15,2,0,0,0,0,1,5,223278.1,0.9096,low,0.1667
CUST015574,805,excellent,92.72,98.37,55.73,47.71,91.33,84.2261,8.23,4,0,0,0,0,0,0,4,254949.11,0.1332,low,0.0
CUST015575,626,high_risk,13.42,91.48,71.79,73.51,49.94,54.2557,7.24,6,3,8,0,0,0,1,1,138441.39,2.0597,moderate,0.5
CUST015576,815,excellent,88.98,95.39,81.35,62.73,75.83,85.8187,0.67,7,2,0,0,0,0,1,2,42710.85,0.6054,low,0.3333
CUST015577,840,excellent,89.76,98.19,91.72,64.39,89.59,90.0293,4.76,14,1,0,0,0,0,1,1,51320.95,0.5878,low,0.5
CUST015578,741,good,89.43,59.13,67.9,47.2,96.19,73.5652,40.4,6,0,0,0,0,0,1,0,236363.22,0.6725,low,0.5
CUST015579,810,excellent,92.97,76.87,92.18,61.94,93.32,84.9534,14.88,18,0,0,0,0,0,1,2,67459.98,0.7553,low,0.3333
CUST015580,779,excellent,91.15,90.44,51.82,31.55,98.82,79.8454,0.34,2,0,0,0,0,0,0,2,32848.15,0.1365,low,0.0
CUST015581,612,high_risk,35.71,91.75,12.78,39.65,61.22,52.0292,1.57,0,4,4,0,0,0,0,0,12783.08,0.0805,low,0.0
CUST015582,756,excellent,62.46,99.05,88.72,34.95,76.66,76.0434,0.79,13,2,1,0,0,0,0,4,125629.26,0.0868,low,0.0
CUST015583,788,excellent,93.13,92.35,53.49,30.82,99.35,81.3444,0.38,3,0,0,0,0,0,0,6,178613.09,0.1142,low,0.0
CUST015584,716,good,55.49,92.36,71.72,34.25,79.73,69.2844,8.88,8,2,4,0,0,0,0,1,70560.85,0.212,low,0.0
CUST015585,649,high_risk,44.4,86.18,23.22,40.3,91.78,58.0838,13.52,0,1,2,0,0,0,0,0,62755.34,0.0747,low,0.0
CUST015586,659,risky,40.22,93.98,50.69,46.94,53.02,59.8709,2.05,2,4,1,0,0,0,0,2,152141.45,0.0305,low,0.0
CUST015587,805,excellent,88.23,84.69,86.54,48.55,99.94,84.1181,14.68,14,0,0,0,0,0,0,1,112636.81,0.1142,low,0.0
CUST015588,838,excellent,90.59,96.58,91.73,60.85,90.64,89.5887,0.19,15,0,0,0,0,0,1,7,33081.78,0.3937,low,0.125
CUST015589,852,excellent,96.96,93.16,96.56,71.54,85.53,92.0751,6.98,18,1,0,0,0,0,1,3,245251.05,0.7787,low,0.25
CUST015590,801,excellent,86.48,90.7,89.16,40.93,86.18,83.5625,4.46,15,1,0,0,0,0,0,7,41274.19,0.0015,low,0.0
CUST015591,832,excellent,97.71,97.7,73.72,45.28,95.43,88.6389,0.83,7,0,0,0,0,0,0,6,157845.21,0.0952,low,0.0
CUST015592,817,excellent,90.75,93.99,84.91,46.47,87.93,86.138,8.22,9,1,0,0,0,0,1,2,457569.11,0.3475,low,0.3333
CUST015593,669,risky,49.3,79.97,87.05,32.73,38.77,61.4563,10.02,11,5,2,0,0,0,0,0,20456.58,0.203,low,0.0
CUST015594,609,high_risk,8.15,91.86,93.6,39.18,31.74,51.5439,0.86,14,5,4,1,0,1,0,3,169664.27,0.3025,low,0.0
CUST015595,737,good,55.85,98.3,69.47,75.37,59.17,72.9144,4.99,5,3,2,0,0,0,1,2,75486.92,0.7807,low,0.3333
CUST015596,641,high_risk,42.94,90.94,22.91,34.05,76.74,56.8261,10.0,0,2,4,0,0,0,0,7,73834.4,0.0447,low,0.0
CUST015597,797,excellent,93.7,97.13,55.33,45.23,80.39,82.7977,5.14,2,1,0,0,0,0,0,0,343693.99,0.0458,low,0.0
CUST015598,832,excellent,98.65,88.88,92.75,38.9,96.02,88.5965,1.3,16,0,0,0,0,0,0,7,220601.59,0.0433,low,0.0
CUST015599,818,excellent,98.27,88.27,77.25,40.05,98.36,86.3041,9.26,9,0,0,0,0,0,0,3,154747.91,0.0629,low,0.0
CUST015600,749,good,87.63,91.4,19.0,40.39,98.36,74.8156,9.53,0,0,0,0,0,0,0,2,127593.47,0.1513,low,0.0
CUST015601,826,excellent,93.37,87.85,90.17,62.67,88.21,87.6485,17.65,11,1,0,0,0,0,1,3,49330.81,0.7598,low,0.25
CUST015602,743,good,57.74,80.31,93.35,73.73,82.37,73.9129,13.6,10,1,2,0,0,0,1,5,112467.27,0.8349,low,0.1667
CUST015603,845,excellent,86.45,91.19,95.1,93.55,96.62,90.8968,8.48,14,0,0,0,0,0,2,6,182719.38,0.6044,low,0.25
CUST015604,621,high_risk,40.44,76.38,53.45,31.27,52.08,53.4206,12.27,2,3,3,0,0,0,0,3,68750.21,0.1421,low,0.0
CUST015605,779,excellent,86.1,98.97,37.65,47.56,95.32,79.7632,7.13,1,0,0,0,0,0,0,7,90269.61,0.1186,low,0.0
CUST015606,845,excellent,88.09,93.72,98.87,78.17,92.61,90.8568,5.64,14,0,0,0,0,0,1,1,181275.13,0.9519,low,0.5
CUST015607,847,excellent,95.23,87.21,96.65,77.96,94.31,91.2181,14.69,11,0,0,0,0,0,1,2,61781.03,0.7163,low,0.3333
CUST015608,636,high_risk,43.0,99.74,26.25,31.5,38.8,55.9399,3.32,0,5,3,0,0,0,0,3,160480.63,0.1628,low,0.0
CUST015609,664,risky,51.64,63.28,75.25,46.96,77.02,60.747,34.38,6,2,2,0,0,0,0,3,156463.8,0.0933,low,0.0
CUST015610,783,excellent,86.03,89.68,65.2,39.38,98.15,80.5498,13.62,7,0,0,0,0,0,0,6,1325754.31,0.1444,low,0.0
CUST015611,755,excellent,87.49,94.88,33.5,41.5,75.34,75.7957,2.05,0,2,0,0,0,0,0,1,87117.22,0.0431,low,0.0
CUST015612,760,excellent,85.65,85.64,53.09,47.5,82.16,76.5988,13.35,3,1,0,0,0,0,0,2,749056.46,0.1424,low,0.0
CUST015613,772,excellent,85.64,95.13,41.76,41.04,97.48,78.6309,4.79,1,0,0,0,0,0,0,5,173001.52,0.0569,low,0.0
CUST015614,820,excellent,97.79,83.03,94.27,37.27,96.19,86.6236,11.61,15,0,0,0,0,0,0,5,265191.04,0.1255,low,0.0
CUST015615,856,excellent,87.99,99.54,96.42,77.84,97.68,92.6724,1.26,13,0,0,0,0,0,1,1,30918.98,0.5834,low,0.5
CUST015616,781,excellent,88.7,82.75,75.02,31.08,99.05,80.1391,12.0,8,0,0,0,0,0,0,0,195151.07,0.137,low,0.0
CUST015617,779,excellent,85.68,93.88,51.96,47.14,92.3,79.8901,6.79,2,0,0,0,0,0,0,5,445180.0,0.1112,low,0.0
CUST015618,765,excellent,65.06,96.95,56.92,78.85,91.62,77.4393,3.61,4,0,0,0,0,0,1,4,55047.47,0.9881,low,0.2
CUST015619,798,excellent,71.92,99.83,86.46,50.55,98.34,82.9788,0.59,13,0,1,0,0,0,1,5,44575.17,0.4362,low,0.1667
CUST015620,678,risky,48.11,98.09,23.08,43.66,88.59,62.9535,4.29,0,1,2,0,0,0,0,5,164681.93,0.0284,low,0.0
CUST015621,685,risky,31.27,96.78,74.8,69.53,70.82,64.2367,3.56,7,2,2,0,0,0,1,2,405670.59,1.3585,low,0.3333
CUST015622,616,high_risk,23.7,79.07,66.73,46.29,59.68,52.6198,14.55,5,4,4,0,0,1,0,1,168319.15,0.302,low,0.0
CUST015623,690,risky,62.96,72.79,65.42,54.68,58.4,64.9939,43.47,6,4,4,0,0,0,0,7,261869.16,0.154,low,0.0
CUST015624,649,high_risk,49.45,89.76,27.4,37.51,60.92,58.1883,1.71,0,3,3,0,0,0,0,0,343194.17,0.0891,low,0.0
CUST015625,651,risky,13.01,97.26,78.79,67.23,72.44,58.5172,3.8,5,2,5,0,0,0,1,0,130978.52,1.6752,moderate,0.5
CUST015626,861,excellent,98.91,97.02,99.87,59.59,88.44,93.5053,2.02,17,1,0,0,0,0,1,4,89064.04,0.4683,low,0.2
CUST015627,707,good,42.34,95.84,92.22,36.41,68.2,67.8657,3.66,20,2,3,0,0,0,0,1,162224.35,0.0772,low,0.0
CUST015628,811,excellent,93.06,91.44,91.37,32.72,81.19,85.0981,3.52,14,1,0,0,0,0,0,4,192580.57,0.1505,low,0.0
CUST015629,599,high_risk,11.9,91.21,59.33,73.29,31.25,49.8822,7.06,3,5,5,0,0,0,1,1,55339.23,2.0044,moderate,0.5
CUST015630,709,good,67.13,94.62,15.3,44.31,95.72,68.1793,3.21,0,0,0,0,0,0,0,5,319094.56,0.1225,low,0.0
CUST015631,654,risky,11.15,98.02,80.05,46.32,91.09,59.0585,9.52,7,1,6,0,0,1,0,2,173278.31,0.4213,low,0.0
CUST015632,789,excellent,87.34,92.82,51.47,63.37,90.32,81.5062,5.97,3,1,0,0,0,0,2,0,74853.51,0.5137,low,0.6667
CUST015633,598,high_risk,13.49,92.64,62.75,39.09,37.53,49.5888,4.41,3,5,5,0,0,1,0,6,48554.61,0.3907,low,0.0
CUST015634,795,excellent,99.14,81.29,61.6,48.57,93.33,82.5159,14.91,2,0,0,0,0,0,0,6,200249.56,0.1595,low,0.0
CUST015635,805,excellent,95.6,89.1,70.15,43.4,90.81,84.1348,1.9,7,0,0,0,0,0,0,4,85882.9,0.059,low,0.0
CUST015636,772,excellent,99.35,75.76,69.24,30.28,77.9,78.7039,13.11,8,2,0,0,0,0,0,7,665988.29,0.0206,low,0.0
CUST015637,789,excellent,70.68,97.94,94.22,54.42,77.33,81.4255,7.62,18,2,1,0,0,0,1,2,275757.85,0.5287,low,0.3333
CUST015638,795,excellent,90.8,86.66,70.8,58.54,81.75,82.4266,11.92,9,1,0,0,0,0,1,0,99091.99,0.6322,low,0.5
CUST015639,828,excellent,95.33,79.82,96.49,76.69,84.76,87.9315,14.62,10,1,0,0,0,0,1,5,106779.54,0.9849,low,0.1667
CUST015640,669,risky,42.66,92.09,49.21,65.37,59.71,61.4474,4.82,1,3,4,0,0,0,1,7,136410.98,1.2445,low,0.125
CUST015641,859,excellent,98.29,98.05,91.83,64.63,90.89,93.1425,1.2,16,0,0,0,0,0,1,3,42800.8,0.4635,low,0.25
CUST015642,727,good,41.96,98.84,96.76,48.29,74.1,71.0892,3.36,16,2,1,0,0,0,0,5,71119.99,0.0838,low,0.0
CUST015643,783,excellent,78.89,89.61,85.68,44.28,86.86,80.4581,10.79,14,1,1,0,0,0,0,3,55224.33,0.0644,low,0.0
CUST015644,609,high_risk,25.65,81.71,60.19,44.06,46.03,51.5267,11.34,3,3,4,0,0,1,0,1,154529.5,0.5307,low,0.0
CUST015645,618,high_risk,9.36,98.41,97.1,31.01,24.97,52.9616,2.88,13,5,8,1,1,1,0,0,60779.12,0.4633,low,0.0
CUST015646,786,excellent,96.02,76.75,84.94,46.96,69.65,81.0324,11.97,8,2,0,0,0,0,1,0,142040.37,0.6594,low,0.5
CUST015647,845,excellent,95.6,97.35,89.62,47.15,99.43,90.7664,7.15,12,0,0,0,0,0,0,0,289006.58,0.154,low,0.0
CUST015648,766,excellent,78.89,89.33,50.28,61.89,95.22,77.6653,29.56,2,0,1,0,0,0,0,3,615245.17,0.0441,low,0.0
CUST015649,761,excellent,88.93,93.64,32.95,31.82,95.52,76.8954,1.54,1,0,0,0,0,0,0,1,294115.54,0.0831,low,0.0
CUST015650,800,excellent,77.26,99.71,87.65,41.14,91.03,83.3174,0.14,12,1,0,0,0,0,0,6,85774.1,0.0077,low,0.0
CUST015651,751,excellent,79.86,89.32,48.69,39.32,92.39,75.2203,14.24,1,0,1,0,0,0,0,2,212028.1,0.0298,low,0.0
CUST015652,835,excellent,99.8,89.97,68.65,79.45,90.59,89.2214,2.96,5,0,0,0,0,0,1,7,102289.78,0.931,low,0.125
CUST015653,826,excellent,89.87,95.96,96.04,33.35,97.32,87.7148,3.02,14,0,0,0,0,0,0,5,22221.07,0.0638,low,0.0
CUST015654,771,excellent,86.53,82.9,45.92,68.15,96.53,78.5129,10.93,3,0,0,0,0,0,1,2,78614.96,0.4874,low,0.3333
CUST015655,793,excellent,70.01,88.25,88.96,81.31,97.37,82.1906,8.03,14,0,0,0,0,0,2,7,449257.23,0.6297,low,0.2222
CUST015656,755,excellent,92.24,82.74,32.77,47.83,90.65,75.8715,13.17,0,0,0,0,0,0,0,2,35749.07,0.0722,low,0.0
CUST015657,632,high_risk,21.16,91.97,92.92,39.64,24.26,55.3233,3.35,14,5,5,0,0,0,0,0,97247.06,0.3424,low,0.0
CUST015658,713,good,59.17,87.71,63.5,40.96,82.43,68.8873,10.23,2,1,4,0,0,0,0,4,119813.0,0.2414,low,0.0
CUST015659,740,good,88.47,89.08,11.78,48.06,90.22,73.2835,12.37,0,0,0,0,0,0,0,7,130586.79,0.0499,low,0.0
CUST015660,800,excellent,98.85,77.87,56.26,75.1,93.48,83.2549,14.93,3,0,0,0,0,0,1,2,47172.31,0.6147,low,0.3333
CUST015661,703,good,55.3,82.36,58.9,45.44,97.81,67.223,12.6,2,0,4,0,0,0,0,7,126444.54,0.1492,low,0.0
CUST015662,532,high_risk,0.63,93.67,25.07,39.21,25.83,38.5842,8.41,0,5,3,0,1,1,0,5,135000.94,0.3811,low,0.0
CUST015663,824,excellent,90.27,79.18,95.15,90.15,87.72,87.4074,13.46,15,1,0,0,0,0,2,3,57860.13,0.5342,low,0.4
CUST015664,679,risky,29.19,95.07,78.79,47.94,78.37,63.1848,6.37,9,2,1,0,0,0,0,3,91736.05,0.0613,low,0.0
CUST015665,756,excellent,96.11,90.43,32.03,37.43,67.48,76.0634,2.42,0,2,0,0,0,0,0,4,95373.46,0.1354,low,0.0
CUST015666,613,high_risk,10.37,98.82,89.4,33.01,22.06,52.1897,9.89,13,6,8,1,1,1,0,2,13103.76,0.4061,low,0.0
CUST015667,820,excellent,92.43,97.12,78.75,39.65,94.21,86.6857,1.35,5,0,0,0,0,0,0,6,362767.92,0.1407,low,0.0
CUST015668,680,risky,41.33,99.51,56.01,35.78,70.47,63.3433,9.41,4,2,4,0,0,0,0,1,73052.22,0.2068,low,0.0
CUST015669,827,excellent,99.24,84.53,97.31,31.94,99.36,87.8193,14.83,20,0,0,0,0,0,0,7,113128.45,0.0147,low,0.0
CUST015670,864,excellent,92.02,97.83,99.67,76.81,97.88,93.9755,0.17,14,0,0,0,0,0,1,0,160615.75,0.8992,low,0.5
CUST015671,767,excellent,91.13,80.68,46.86,49.23,97.26,77.7766,13.06,1,0,0,0,0,0,0,7,129837.47,0.0886,low,0.0
CUST015672,819,excellent,96.63,97.83,72.17,32.98,92.5,86.5448,7.87,5,0,0,0,0,0,0,4,131377.0,0.0648,low,0.0
CUST015673,813,excellent,98.1,89.57,75.71,36.03,93.79,85.5452,10.16,6,0,0,0,0,0,0,5,403081.95,0.1198,low,0.0
CUST015674,854,excellent,88.9,99.08,95.41,74.66,97.76,92.3951,6.89,13,0,0,0,0,0,1,7,315774.05,0.3767,low,0.125
CUST015675,773,excellent,75.07,94.29,59.12,72.92,80.62,78.7839,4.91,3,1,1,0,0,0,1,1,17324.97,0.4294,low,0.5
CUST015676,812,excellent,99.0,85.87,66.59,68.81,81.0,85.3817,14.57,6,1,0,0,0,0,1,4,195784.93,0.5909,low,0.2
CUST015677,664,risky,43.68,99.96,31.18,35.19,72.78,60.7481,7.34,1,2,1,0,0,0,0,5,29216.81,0.1587,low,0.0
CUST015678,780,excellent,95.89,78.89,61.3,45.58,90.94,80.075,12.31,2,1,0,0,0,0,0,5,130747.77,0.0244,low,0.0
CUST015679,669,risky,89.77,33.64,41.17,46.62,91.7,61.5202,54.64,1,1,0,0,0,0,0,6,46604.31,0.1408,low,0.0
CUST015680,768,excellent,68.18,92.22,85.92,47.79,87.78,77.9748,9.58,16,1,1,0,0,0,0,5,862674.37,0.1495,low,0.0
CUST015681,766,excellent,72.62,89.9,80.42,33.54,97.81,77.5854,4.49,5,0,0,0,0,0,0,0,32107.0,0.1205,low,0.0
CUST015682,826,excellent,88.41,98.19,76.71,64.19,93.09,87.6336,5.8,7,0,0,0,0,0,1,4,90541.87,0.9777,low,0.2
CUST015683,800,excellent,89.16,91.33,72.98,41.21,96.11,83.2814,9.74,8,0,0,0,0,0,0,5,184712.04,0.0018,low,0.0
CUST015684,811,excellent,85.63,91.64,77.66,69.0,91.81,85.1929,5.77,5,0,0,0,0,0,1,6,78515.95,0.6854,low,0.1429
CUST015685,832,excellent,85.56,95.59,98.22,60.28,92.29,88.6157,9.7,13,0,0,0,0,0,1,6,214451.67,0.8512,low,0.1429
CUST015686,647,high_risk,14.83,96.45,74.01,71.22,64.84,57.8321,0.68,6,3,6,0,0,0,1,5,77722.3,1.2908,low,0.1667
CUST015687,791,excellent,93.6,90.54,56.88,35.35,97.66,81.7561,1.21,4,0,0,0,0,0,0,2,27341.48,0.1244,low,0.0
CUST015688,783,excellent,90.57,78.64,80.36,34.21,97.96,80.5603,12.93,5,0,0,0,0,0,0,0,249185.91,0.1372,low,0.0
CUST015689,780,excellent,90.25,64.85,82.58,79.04,86.95,80.0288,34.52,8,1,0,0,0,0,1,0,105063.98,0.3343,low,0.5
CUST015690,702,good,39.99,96.13,80.62,40.2,79.77,66.9251,9.28,5,2,1,0,0,0,0,6,394672.01,0.2384,low,0.0
CUST015691,775,excellent,87.01,87.45,61.14,38.54,94.59,79.1743,14.62,3,0,0,0,0,0,0,3,99445.43,0.0192,low,0.0
CUST015692,769,excellent,86.14,78.5,68.37,54.86,86.58,78.0966,26.29,7,1,0,0,0,0,0,4,68901.97,0.0899,low,0.0
CUST015693,821,excellent,96.26,90.54,72.74,57.02,93.54,86.8207,5.56,6,0,0,0,0,0,2,7,99850.72,0.4213,low,0.2222
CUST015694,817,excellent,85.01,95.74,88.51,45.68,98.63,86.1823,8.61,15,0,0,0,0,0,1,2,69315.39,0.8747,low,0.3333
CUST015695,745,good,87.65,86.67,28.45,42.19,89.58,74.1222,10.61,0,1,0,0,0,0,0,4,302855.17,0.1603,low,0.0
CUST015696,822,excellent,94.1,90.39,83.09,47.17,98.01,87.0327,4.89,5,0,0,0,0,0,1,3,38650.07,0.3507,low,0.25
CUST015697,708,good,43.67,89.88,77.77,67.33,83.46,67.9915,10.0,8,1,1,0,0,0,1,5,84871.1,1.2014,low,0.1667
CUST015698,770,excellent,87.76,98.65,36.58,31.3,94.24,78.3518,2.27,1,0,0,0,0,0,0,6,110159.58,0.1065,low,0.0
CUST015699,632,high_risk,17.65,92.25,77.96,34.49,62.96,55.2927,2.11,8,3,4,1,0,1,0,3,24510.1,0.1866,low,0.0
CUST015700,848,excellent,98.07,95.12,89.02,59.31,91.54,91.3015,5.78,14,1,0,0,0,0,1,3,176209.47,0.5722,low,0.25
CUST015701,729,good,51.08,95.3,71.15,61.62,91.33,71.4379,9.95,6,1,3,0,0,0,1,2,42528.94,1.0436,low,0.3333
CUST015702,812,excellent,94.18,96.48,47.33,63.81,99.51,85.3404,0.63,3,0,0,0,0,0,1,7,267629.64,0.4781,low,0.125
CUST015703,819,excellent,94.02,99.73,56.84,56.08,94.6,86.4231,4.59,2,0,0,0,0,0,1,2,145786.01,0.9514,low,0.3333
CUST015704,847,excellent,85.84,99.1,97.59,74.34,93.16,91.1655,4.05,13,0,0,0,0,0,1,7,42321.28,0.5467,low,0.125
CUST015705,773,excellent,78.42,85.86,86.61,31.05,95.31,78.8339,14.96,11,0,1,0,0,0,0,3,203502.75,0.1345,low,0.0
CUST015706,642,high_risk,19.4,90.53,99.75,33.43,47.08,56.9603,7.97,14,4,3,0,0,1,0,3,8055.29,0.3622,low,0.0
CUST015707,763,excellent,91.13,89.89,32.49,36.16,97.34,77.0867,10.97,1,0,0,0,0,0,0,2,162939.48,0.1479,low,0.0
CUST015708,817,excellent,93.72,93.0,82.47,37.19,93.6,86.1509,0.72,7,0,0,0,0,0,0,5,26529.93,0.1261,low,0.0
CUST015709,817,excellent,95.1,87.5,91.9,36.55,92.52,86.225,12.1,17,0,0,0,0,0,0,1,32810.06,0.0508,low,0.0
CUST015710,826,excellent,94.32,89.13,91.47,43.66,98.12,87.6504,3.93,11,0,0,0,0,0,0,0,79573.14,0.0777,low,0.0
CUST015711,675,risky,29.49,92.98,89.75,37.2,71.28,62.5283,2.62,13,2,6,0,0,1,0,4,26213.55,0.3916,low,0.0
CUST015712,806,excellent,87.37,78.81,89.08,72.71,94.87,84.3444,10.72,13,0,0,0,0,0,1,0,35438.26,0.5818,low,0.5
CUST015713,732,good,57.59,76.38,83.81,79.37,94.4,72.0189,13.87,8,0,1,0,0,0,1,4,197887.09,1.2032,low,0.2
CUST015714,767,excellent,90.95,57.06,91.63,58.24,93.19,77.8363,34.79,15,0,0,0,0,0,0,4,43348.0,0.0819,low,0.0
CUST015715,780,excellent,85.5,91.84,58.17,40.87,97.27,80.0185,1.07,2,0,0,0,0,0,0,4,106363.26,0.0766,low,0.0
CUST015716,579,high_risk,10.05,90.35,24.28,49.06,74.05,46.5732,9.48,0,2,4,1,1,1,0,6,66364.42,0.3629,low,0.0
CUST015717,615,high_risk,28.42,92.31,30.45,34.37,68.92,52.5358,7.4,1,2,2,0,0,0,0,2,283563.36,0.2055,low,0.0
CUST015718,659,risky,54.25,89.97,49.0,32.25,33.14,59.8676,2.55,2,5,2,0,0,0,0,4,152457.75,0.2178,low,0.0
CUST015719,704,good,50.84,88.86,86.25,32.21,66.87,67.2991,0.11,15,2,3,0,0,0,0,4,28642.81,0.1916,low,0.0
CUST015720,780,excellent,97.51,79.87,63.15,40.98,83.61,80.02,10.97,3,1,0,0,0,0,0,5,60568.99,0.0243,low,0.0
CUST015721,761,excellent,58.14,83.17,96.78,75.0,94.87,76.8066,13.9,14,0,4,0,0,0,1,5,90522.5,0.8496,low,0.1667
CUST015722,788,excellent,98.62,90.43,37.16,44.15,97.22,81.3588,0.78,1,0,0,0,0,0,0,4,401303.87,0.1152,low,0.0
CUST015723,733,good,93.36,76.12,11.37,48.76,99.95,72.0885,12.39,0,0,0,0,0,0,0,5,73798.97,0.0123,low,0.0
CUST015724,829,excellent,99.21,82.25,94.66,49.78,96.52,88.226,22.15,11,0,0,0,0,0,0,1,45931.95,0.1608,low,0.0
CUST015725,778,excellent,98.95,93.03,32.24,33.28,90.43,79.7484,5.21,1,0,0,0,0,0,0,4,126561.37,0.0111,low,0.0
CUST015726,783,excellent,86.11,89.33,54.44,62.56,91.46,80.5053,10.62,3,1,0,0,0,0,0,6,158020.43,0.1119,low,0.0
CUST015727,815,excellent,96.82,97.61,54.66,47.54,97.73,85.896,5.67,2,0,0,0,0,0,1,6,222885.86,0.4062,low,0.1429
CUST015728,694,risky,43.36,89.67,95.86,40.5,52.39,65.7438,14.6,10,4,1,0,0,0,0,4,173021.04,0.2114,low,0.0
CUST015729,820,excellent,99.98,85.23,78.07,49.33,94.14,86.6203,11.1,8,0,0,0,0,0,0,6,72450.81,0.1243,low,0.0
CUST015730,826,excellent,97.48,88.86,86.74,39.44,99.52,87.6829,11.34,13,0,0,0,0,0,0,5,112778.89,0.1503,low,0.0
CUST015731,739,good,63.19,88.68,88.48,45.19,66.48,73.1575,6.8,10,2,3,0,0,0,0,4,30723.49,0.1939,low,0.0
CUST015732,799,excellent,85.67,93.73,77.85,35.12,98.99,83.1905,8.15,8,0,0,0,0,0,0,5,252633.21,0.0688,low,0.0
CUST015733,790,excellent,99.62,99.69,19.68,45.35,93.51,81.6135,2.65,0,0,0,0,0,0,0,6,84383.86,0.1459,low,0.0
CUST015734,796,excellent,97.72,95.79,45.93,32.89,95.4,82.6585,5.42,2,0,0,0,0,0,0,3,720767.56,0.1218,low,0.0
CUST015735,788,excellent,87.7,88.87,70.52,42.11,91.87,81.3341,3.12,8,0,0,0,0,0,0,5,99011.23,0.039,low,0.0
CUST015736,833,excellent,96.56,93.06,86.04,49.94,92.35,88.8489,8.67,20,0,0,0,0,0,1,2,65200.23,0.3739,low,0.3333
CUST015737,661,risky,27.77,90.43,73.91,32.6,89.5,60.142,5.96,9,1,4,0,0,0,0,2,37039.01,0.0846,low,0.0
CUST015738,646,high_risk,43.77,68.5,76.08,57.07,46.63,57.6511,33.35,6,3,1,0,0,0,0,4,18033.94,0.1098,low,0.0
CUST015739,860,excellent,99.81,83.69,98.01,91.11,94.76,93.3299,11.67,10,0,0,0,0,0,2,5,83832.1,0.4073,low,0.2857
CUST015740,798,excellent,92.58,81.5,67.18,70.12,90.32,82.9741,12.09,5,0,0,0,0,0,1,1,74016.6,0.9871,low,0.5
CUST015741,776,excellent,86.4,87.57,57.56,71.68,70.78,79.3902,14.67,3,2,0,0,0,0,1,1,149446.96,0.7012,low,0.5
CUST015742,687,risky,56.35,85.42,59.63,34.85,68.05,64.5825,12.62,3,2,4,0,0,0,0,5,166690.74,0.1774,low,0.0
CUST015743,859,excellent,98.52,93.76,96.15,67.56,93.28,93.1176,6.61,14,0,0,0,0,0,1,5,265275.82,0.5473,low,0.1667
CUST015744,751,excellent,86.98,89.33,40.13,40.56,78.82,75.1982,10.55,1,2,0,0,0,0,0,1,432394.28,0.059,low,0.0
CUST015745,831,excellent,93.04,91.4,86.87,60.3,95.16,88.5612,0.64,12,0,0,0,0,0,1,1,48646.22,0.9789,low,0.5
CUST015746,793,excellent,97.33,89.14,63.47,46.81,72.16,82.2248,0.11,2,2,0,0,0,0,0,3,92089.92,0.1068,low,0.0
CUST015747,837,excellent,93.87,96.65,86.16,49.85,96.93,89.4518,7.13,15,0,0,0,0,0,1,0,52096.94,0.7577,low,0.5
CUST015748,766,excellent,69.77,89.98,93.47,30.07,92.83,77.7251,13.21,18,0,1,0,0,0,0,6,109951.52,0.0733,low,0.0
CUST015749,705,good,59.53,66.66,92.96,55.93,70.87,67.4594,43.43,19,2,3,0,0,0,0,4,87698.29,0.1712,low,0.0
CUST015750,832,excellent,88.7,91.47,96.89,63.57,93.33,88.7116,9.55,16,0,0,0,0,0,1,7,44242.15,0.6518,low,0.125
CUST015751,835,excellent,91.96,99.23,97.63,34.1,91.68,89.1773,7.85,15,1,0,0,0,0,0,3,48357.9,0.0523,low,0.0
CUST015752,732,good,63.3,89.38,89.54,42.67,53.86,72.0499,7.49,10,3,4,0,0,0,0,2,60196.94,0.1673,low,0.0
CUST015753,792,excellent,90.35,88.17,71.68,33.39,98.45,82.0096,11.18,8,0,0,0,0,0,0,5,148654.4,0.1593,low,0.0
CUST015754,675,risky,40.88,89.45,78.73,48.08,47.54,62.5153,13.34,6,3,3,0,0,0,0,1,44420.85,0.0904,low,0.0
CUST015755,846,excellent,99.37,91.66,79.08,68.68,99.93,90.9995,8.95,6,0,0,0,0,0,1,3,47512.47,0.7188,low,0.25
CUST015756,785,excellent,90.57,88.93,71.55,35.7,81.54,80.8347,9.44,9,1,0,0,0,0,0,3,189685.05,0.0144,low,0.0
CUST015757,797,excellent,91.3,94.98,56.44,42.94,96.75,82.8846,4.99,2,0,0,0,0,0,0,6,227454.95,0.083,low,0.0
CUST015758,832,excellent,92.88,98.63,83.88,40.12,99.13,88.6048,7.07,7,0,0,0,0,0,0,2,91993.21,0.0324,low,0.0
CUST015759,699,risky,61.49,91.44,33.44,45.83,79.88,66.5391,7.32,1,2,1,0,0,0,0,5,670253.27,0.0649,low,0.0
CUST015760,653,risky,14.31,96.23,85.64,70.79,60.79,58.8819,9.04,18,3,3,1,0,0,1,7,88331.47,1.7318,moderate,0.125
CUST015761,819,excellent,98.08,76.45,91.0,61.2,94.64,86.4962,13.81,10,0,0,0,0,0,1,2,129574.23,0.6913,low,0.3333
CUST015762,824,excellent,94.7,88.95,72.42,74.87,91.11,87.2909,2.05,6,0,0,0,0,0,1,4,127366.26,0.3748,low,0.2
CUST015763,826,excellent,94.83,90.32,87.21,46.8,95.48,87.5969,5.67,11,0,0,0,0,0,1,2,71662.09,0.8962,low,0.3333
CUST015764,829,excellent,86.0,98.45,72.89,76.22,99.57,88.1488,1.01,5,0,0,0,0,0,1,1,118106.24,0.5212,low,0.5
CUST015765,724,good,62.03,80.97,86.32,34.12,82.6,70.6211,14.5,12,1,1,0,0,0,0,7,489149.37,0.1834,low,0.0
CUST015766,802,excellent,91.34,88.15,81.52,39.41,91.18,83.703,9.11,8,0,0,0,0,0,0,7,22160.28,0.0574,low,0.0
CUST015767,848,excellent,95.28,99.48,85.41,57.49,96.18,91.3731,5.43,11,0,0,0,0,0,1,1,54148.72,0.6349,low,0.5
CUST015768,757,excellent,93.61,91.93,17.16,44.79,88.51,76.2443,8.05,0,1,0,0,0,0,0,3,65232.37,0.0394,low,0.0
CUST015769,684,risky,56.25,97.24,30.38,34.74,71.22,64.013,3.31,1,2,2,0,0,0,0,1,39433.47,0.0332,low,0.0
CUST015770,786,excellent,94.89,88.21,48.36,47.5,92.47,80.9234,29.57,3,0,0,0,0,0,0,2,121980.75,0.0004,low,0.0
CUST015771,746,good,57.36,94.19,95.49,34.13,82.83,74.3515,5.5,11,1,1,0,0,0,0,2,31668.53,0.1875,low,0.0
CUST015772,824,excellent,90.73,90.69,89.71,61.98,87.54,87.3693,9.74,14,1,0,0,0,0,1,1,666636.63,0.8465,low,0.5
CUST015773,809,excellent,90.6,95.47,61.3,54.94,97.89,84.826,8.22,3,0,0,0,0,0,1,6,61213.54,0.8113,low,0.1429
CUST015774,809,excellent,97.57,93.95,41.84,64.52,96.95,84.7607,9.9,1,0,0,0,0,0,1,7,157511.71,0.8145,low,0.125
CUST015775,815,excellent,89.62,99.81,71.07,40.3,98.91,85.89,8.68,7,0,0,0,0,0,0,4,692633.87,0.1188,low,0.0
CUST015776,801,excellent,93.05,91.73,75.16,51.6,69.88,83.5078,2.99,8,2,0,0,0,0,1,2,95576.05,0.5431,low,0.3333
CUST015777,630,high_risk,23.45,81.17,65.45,48.94,76.49,54.9202,13.23,6,2,8,0,0,1,0,0,9819.62,0.6376,low,0.0
CUST015778,845,excellent,98.39,93.48,88.99,56.36,93.0,90.7682,7.19,14,0,0,0,0,0,1,6,71617.38,0.6722,low,0.1429
CUST015779,846,excellent,96.5,88.29,91.0,73.83,96.77,90.9702,9.34,19,0,0,0,0,0,1,7,39065.7,0.5418,low,0.125
CUST015780,828,excellent,95.52,97.04,85.12,35.74,91.06,87.9922,8.64,17,1,0,0,0,0,0,7,52380.22,0.0694,low,0.0
CUST015781,658,risky,43.99,81.14,79.07,37.36,43.22,59.6583,14.42,7,3,4,0,0,0,0,1,128389.37,0.1184,low,0.0
CUST015782,775,excellent,91.9,80.89,52.96,53.88,94.53,79.2181,12.83,3,0,0,0,0,0,1,2,33530.06,0.6094,low,0.3333
CUST015783,658,risky,29.63,91.48,81.71,65.24,40.15,59.6104,7.35,5,5,7,0,0,0,1,0,96231.23,1.9504,moderate,0.5
CUST015784,815,excellent,88.71,99.66,60.79,78.2,80.15,85.8986,0.99,4,1,0,0,0,0,2,3,331594.99,0.9352,low,0.4
CUST015785,805,excellent,93.93,93.99,55.23,53.21,94.88,84.1659,1.13,2,0,0,0,0,0,1,3,99385.54,0.9597,low,0.25
CUST015786,728,good,60.39,88.49,70.42,42.01,88.75,71.3197,4.52,9,1,4,0,0,0,0,0,183146.23,0.1479,low,0.0
CUST015787,773,excellent,99.64,79.56,48.4,35.41,92.95,78.8388,11.63,1,0,0,0,0,0,0,2,34627.26,0.0076,low,0.0
CUST015788,805,excellent,99.49,83.28,77.81,35.21,91.59,84.1572,11.54,7,0,0,0,0,0,0,2,314107.99,0.0398,low,0.0
CUST015789,767,excellent,92.61,91.69,35.27,31.29,94.72,77.8112,2.9,1,0,0,0,0,0,0,4,59596.36,0.0812,low,0.0
CUST015790,700,good,41.74,99.3,73.62,35.91,75.94,66.6282,4.57,6,2,4,0,0,0,0,5,167568.47,0.1514,low,0.0
CUST015791,752,excellent,85.2,76.04,63.92,35.92,96.03,75.4162,10.51,2,0,0,0,0,0,0,6,286761.79,0.0541,low,0.0
CUST015792,801,excellent,93.43,88.86,66.34,66.3,74.87,83.4266,3.16,7,2,0,0,0,0,1,3,238126.57,0.6062,low,0.25
CUST015793,742,good,91.99,82.14,20.76,43.52,92.91,73.5962,11.07,0,0,0,0,0,0,0,3,21957.1,0.0356,low,0.0
CUST015794,786,excellent,94.51,76.27,53.56,76.56,92.97,80.9454,12.02,3,0,0,0,0,0,1,2,188995.55,0.4129,low,0.3333
CUST015795,761,excellent,99.78,79.15,48.41,35.74,72.48,76.7527,10.65,1,2,0,0,0,0,0,2,47918.09,0.1378,low,0.0
CUST015796,708,good,70.77,82.93,36.85,39.1,89.47,68.0308,12.27,1,1,1,0,0,0,0,1,78684.56,0.0401,low,0.0
CUST015797,751,excellent,69.13,82.67,93.96,32.32,87.59,75.0837,14.51,11,1,1,0,0,0,0,4,117634.55,0.0913,low,0.0
CUST015798,761,excellent,65.22,94.34,86.75,33.35,93.41,76.8175,8.76,12,0,0,0,0,0,0,2,62252.45,0.1138,low,0.0
CUST015799,813,excellent,95.21,93.57,51.35,77.99,85.55,85.4519,2.43,4,1,0,0,0,0,1,6,34474.39,0.8858,low,0.1429
CUST015800,781,excellent,88.7,89.01,68.48,48.29,73.8,80.2281,12.72,5,2,0,0,0,0,1,0,71259.44,0.416,low,0.5
CUST015801,666,risky,29.54,91.87,93.28,40.42,51.13,61.0461,3.62,12,4,3,0,0,0,0,5,48375.41,0.1927,low,0.0
CUST015802,839,excellent,90.2,90.43,94.02,75.52,94.27,89.7849,0.99,16,0,0,0,0,0,1,7,162524.49,0.8118,low,0.125
CUST015803,812,excellent,94.04,84.6,83.55,61.09,84.53,85.3875,10.11,9,1,0,0,0,0,1,4,29476.69,0.7389,low,0.2
CUST015804,714,good,58.23,78.73,91.83,30.55,82.25,69.052,12.32,18,1,4,0,0,0,0,1,332219.8,0.2436,low,0.0
CUST015805,717,good,47.73,89.51,92.54,44.95,75.92,69.5253,7.72,11,2,1,0,0,0,0,1,47708.04,0.2443,low,0.0
CUST015806,791,excellent,92.75,76.01,93.13,43.78,82.44,81.8552,11.7,10,1,0,0,0,0,0,6,645405.2,0.041,low,0.0
CUST015807,694,risky,93.06,30.14,66.74,47.36,93.62,65.7226,53.99,8,0,0,0,0,0,0,6,86592.0,0.0027,low,0.0
CUST015808,561,high_risk,10.05,97.72,22.11,40.17,33.75,43.5444,9.56,0,5,3,1,1,1,0,4,193701.49,0.3844,low,0.0
CUST015809,829,excellent,93.48,95.6,88.04,48.31,88.05,88.2423,3.76,13,1,0,0,0,0,0,3,14133.11,0.0692,low,0.0
CUST015810,811,excellent,90.37,90.24,67.07,73.95,90.91,85.2487,8.9,8,0,0,0,0,0,2,3,29227.72,0.5463,low,0.4
CUST015811,706,good,48.51,90.25,69.13,33.42,98.69,67.6368,4.12,6,0,4,0,0,0,0,3,58499.18,0.2328,low,0.0
CUST015812,841,excellent,96.28,96.79,92.94,36.36,98.24,90.1346,6.51,19,0,0,0,0,0,0,5,81304.5,0.0604,low,0.0
CUST015813,714,good,90.23,75.84,13.79,31.15,94.98,69.0148,13.79,0,0,0,0,0,0,0,5,256562.73,0.0865,low,0.0
CUST015814,801,excellent,98.6,91.7,42.48,55.58,94.99,83.4485,4.33,1,0,0,0,0,0,1,1,65022.63,0.7153,low,0.5
CUST015815,801,excellent,96.48,97.46,47.82,52.64,80.53,83.494,4.98,3,1,0,0,0,0,1,7,614055.4,0.7041,low,0.125
CUST015816,765,excellent,99.49,94.78,16.86,33.96,82.53,77.4333,2.95,0,1,0,0,0,0,0,0,59555.05,0.0158,low,0.0
CUST015817,789,excellent,86.04,88.48,89.18,42.71,71.95,81.5031,9.6,15,2,0,0,0,0,0,2,176270.92,0.1569,low,0.0
CUST015818,829,excellent,88.39,95.25,99.65,38.38,98.19,88.1167,0.38,20,0,0,0,0,0,0,2,108589.56,0.0707,low,0.0
CUST015819,722,good,59.32,66.56,99.5,55.97,90.19,70.2727,49.42,12,1,3,0,0,0,0,3,81929.62,0.0281,low,0.0
CUST015820,681,risky,41.48,94.3,46.72,42.43,95.18,63.578,2.52,1,0,4,0,0,0,0,5,41256.26,0.1068,low,0.0
CUST015821,838,excellent,93.36,95.61,92.29,52.69,91.61,89.634,1.67,18,0,0,0,0,0,1,6,115448.56,0.6149,low,0.1429
CUST015822,714,good,78.59,93.85,14.61,38.42,72.56,68.9487,5.27,0,2,0,0,0,0,0,0,125940.58,0.036,low,0.0
CUST015823,791,excellent,92.63,88.94,81.25,33.19,72.56,81.8631,8.62,6,2,0,0,0,0,0,3,44954.94,0.0143,low,0.0
CUST015824,725,good,62.7,79.8,68.93,67.13,88.46,70.7849,11.34,6,1,2,0,0,0,1,5,246165.79,1.3408,low,0.1667
CUST015825,787,excellent,86.3,93.51,61.89,48.54,88.3,81.2279,0.3,2,1,0,0,0,0,0,1,16001.55,0.1634,low,0.0
CUST015826,824,excellent,87.67,97.61,84.39,60.72,86.71,87.3668,5.7,8,1,0,0,0,0,1,5,79033.8,0.8872,low,0.1667
CUST015827,787,excellent,90.37,90.05,52.56,53.61,93.56,81.2447,5.76,3,0,0,0,0,0,1,1,103670.88,0.634,low,0.5
CUST015828,735,good,65.15,96.74,46.64,48.16,88.57,72.4936,0.41,1,1,1,0,0,0,0,2,57948.07,0.0126,low,0.0
CUST015829,686,risky,38.39,93.57,78.7,34.49,75.96,64.3543,2.44,8,2,4,0,0,0,0,7,64850.89,0.1799,low,0.0
CUST015830,789,excellent,94.88,98.53,33.45,37.26,99.98,81.5096,3.64,0,0,0,0,0,0,0,4,33265.02,0.1498,low,0.0
CUST015831,739,good,61.1,85.91,82.08,67.14,79.91,73.1764,14.22,9,2,4,0,0,0,1,4,787658.65,1.0133,low,0.2
CUST015832,729,good,87.58,78.28,23.66,39.51,98.46,71.4843,12.19,0,0,0,0,0,0,0,7,145953.88,0.0568,low,0.0
CUST015833,799,excellent,90.75,75.37,99.61,46.85,92.24,83.2237,12.97,17,0,0,0,0,0,0,6,14270.83,0.1069,low,0.0
CUST015834,751,excellent,88.89,92.53,15.99,40.77,98.62,75.2079,3.9,0,0,0,0,0,0,0,3,106872.27,0.1446,low,0.0
CUST015835,841,excellent,90.53,95.79,90.21,69.34,92.16,90.1045,9.14,11,0,0,0,0,0,1,3,69561.66,0.646,low,0.25
CUST015836,685,risky,31.32,96.03,91.46,38.42,67.75,64.1074,7.83,12,2,2,0,0,0,0,5,69044.69,0.0502,low,0.0
CUST015837,834,excellent,91.34,93.92,99.64,45.48,94.17,89.0576,1.37,15,0,0,0,0,0,0,7,92009.68,0.006,low,0.0
CUST015838,720,good,50.35,99.93,95.32,37.68,43.62,70.0325,8.49,10,4,3,0,0,0,0,1,90388.63,0.0866,low,0.0
CUST015839,810,excellent,94.52,95.87,71.05,41.37,83.39,84.9735,7.24,6,1,0,0,0,0,0,1,58958.23,0.1531,low,0.0
CUST015840,798,excellent,94.23,87.61,80.6,31.08,86.2,83.0816,14.65,6,1,0,0,0,0,0,4,196049.19,0.0369,low,0.0
CUST015841,810,excellent,73.78,95.0,88.1,75.67,99.57,85.0635,8.85,12,0,1,0,0,0,2,1,24447.33,0.5408,low,0.6667
CUST015842,811,excellent,97.52,91.65,50.93,74.59,84.56,85.1788,8.21,4,1,0,0,0,0,1,1,65543.05,0.7363,low,0.5
CUST015843,824,excellent,90.21,96.74,89.95,48.17,83.56,87.2587,0.67,12,1,0,0,0,0,0,6,194245.93,0.0848,low,0.0
CUST015844,772,excellent,76.23,88.64,87.76,31.41,90.59,78.6374,10.14,18,0,1,0,0,0,0,3,145013.99,0.0389,low,0.0
CUST015845,772,excellent,79.18,93.93,69.21,36.37,87.13,78.6252,7.67,9,1,0,0,0,0,0,7,470251.98,0.0873,low,0.0
CUST015846,845,excellent,86.48,95.26,99.37,81.1,89.21,90.7838,9.96,13,1,0,0,0,0,2,6,86205.86,0.7869,low,0.25
CUST015847,831,excellent,94.33,95.46,99.11,33.98,85.23,88.44,9.15,20,1,0,0,0,0,0,3,73515.08,0.1588,low,0.0
CUST015848,805,excellent,86.41,76.37,98.39,63.99,98.6,84.1727,14.86,14,0,0,0,0,0,1,0,179169.06,0.6662,low,0.5
CUST015849,663,risky,28.65,85.04,87.75,75.5,52.59,60.5108,10.33,10,4,4,0,0,0,1,3,110603.66,2.0337,moderate,0.25
CUST015850,671,risky,65.69,76.16,19.59,46.67,84.18,61.8623,10.55,0,1,1,0,0,0,0,4,163898.25,0.047,low,0.0
CUST015851,838,excellent,92.39,98.33,75.67,75.96,88.59,89.6417,9.52,9,1,0,0,0,0,1,5,481724.37,0.494,low,0.1667
CUST015852,772,excellent,74.83,88.96,80.34,65.98,71.88,78.7176,11.65,8,2,0,0,0,0,1,1,146232.36,0.9703,low,0.5
CUST015853,826,excellent,93.41,95.32,77.63,47.99,98.51,87.5839,2.67,7,0,0,0,0,0,0,2,9211.19,0.1294,low,0.0
CUST015854,654,risky,15.02,96.36,95.51,70.79,44.05,58.9762,0.62,10,4,6,1,0,0,1,4,251950.44,1.9319,moderate,0.2
CUST015855,785,excellent,86.78,90.76,48.82,66.34,92.03,80.7598,6.18,3,0,0,0,0,0,1,5,61779.51,0.6575,low,0.1667
CUST015856,770,excellent,69.65,95.41,63.57,67.7,90.09,78.3136,2.5,4,1,0,0,0,0,1,2,59302.29,0.9214,low,0.3333
CUST015857,845,excellent,94.7,96.19,78.6,74.07,95.96,90.7947,1.17,8,0,0,0,0,0,1,5,224530.01,0.5594,low,0.1667
CUST015858,836,excellent,96.54,90.97,91.19,45.93,99.4,89.2916,8.39,15,0,0,0,0,0,0,1,159967.96,0.0793,low,0.0
CUST015859,768,excellent,86.59,80.87,71.35,31.34,96.63,78.0684,10.2,6,0,0,0,0,0,0,7,126227.82,0.1611,low,0.0
CUST015860,818,excellent,89.81,96.46,81.61,46.54,90.06,86.2733,1.4,7,0,0,0,0,0,0,7,52956.17,0.1629,low,0.0
CUST015861,805,excellent,96.66,76.75,99.3,31.1,93.87,84.246,11.49,19,0,0,0,0,0,0,7,357366.33,0.0817,low,0.0
CUST015862,643,high_risk,18.34,89.51,87.42,66.72,51.23,57.1824,0.98,12,4,7,0,0,0,1,1,118100.15,1.6948,moderate,0.5
CUST015863,807,excellent,99.45,89.72,59.61,47.59,90.5,84.4732,1.91,2,1,0,0,0,0,1,7,159295.66,0.5143,low,0.125
CUST015864,808,excellent,89.98,92.81,84.19,36.14,90.78,84.6561,0.97,9,0,0,0,0,0,0,3,49771.5,0.0129,low,0.0
CUST015865,682,risky,57.69,78.16,31.45,79.0,83.71,63.6287,10.74,1,1,1,0,0,0,1,5,75302.72,1.2066,low,0.1667
CUST015866,826,excellent,98.68,95.43,70.35,41.44,97.29,87.5941,9.41,6,0,0,0,0,0,0,7,33061.82,0.0285,low,0.0
CUST015867,689,risky,60.06,86.86,32.76,34.82,93.93,64.8657,12.5,1,0,2,0,0,0,0,4,84156.52,0.0088,low,0.0
CUST015868,796,excellent,79.73,81.84,95.81,67.93,89.79,82.5994,10.14,13,1,1,0,0,0,1,0,100586.32,0.4774,low,0.5
CUST015869,781,excellent,92.52,95.81,51.66,45.98,67.13,80.1861,5.46,2,2,0,0,0,0,0,7,98567.69,0.0311,low,0.0
CUST015870,804,excellent,89.71,97.12,69.46,40.12,91.06,84.0708,1.29,6,0,0,0,0,0,0,0,91787.79,0.0026,low,0.0
CUST015871,775,excellent,86.92,75.66,94.8,30.1,87.94,79.1469,10.65,11,1,0,0,0,0,0,6,100196.48,0.0472,low,0.0
CUST015872,776,excellent,77.28,83.57,97.06,33.1,93.44,79.3315,12.7,11,0,0,0,0,0,0,0,101993.66,0.0214,low,0.0
CUST015873,844,excellent,98.09,93.14,76.11,78.38,91.63,90.694,9.07,6,0,0,0,0,0,1,1,132363.81,0.8978,low,0.5
CUST015874,816,excellent,85.41,99.01,79.25,46.72,98.0,85.9576,2.57,8,0,0,0,0,0,1,1,89841.51,0.4457,low,0.5
CUST015875,665,risky,47.1,83.84,45.25,35.53,88.8,60.8583,10.35,1,1,3,0,0,0,0,1,83230.07,0.0748,low,0.0
CUST015876,815,excellent,93.97,90.86,79.5,38.21,99.14,85.808,8.49,7,0,0,0,0,0,0,6,45940.82,0.013,low,0.0
CUST015877,770,excellent,89.18,81.79,59.42,42.34,95.01,78.3978,10.15,2,0,0,0,0,0,0,0,76046.92,0.0117,low,0.0
CUST015878,834,excellent,86.62,98.27,96.82,63.27,83.46,88.9941,1.17,17,1,0,0,0,0,1,5,158864.94,0.6318,low,0.1667
CUST015879,678,risky,27.37,90.68,98.08,65.14,60.03,63.0126,1.26,14,3,4,0,0,0,1,1,128870.51,1.8878,moderate,0.5
CUST015880,815,excellent,90.14,90.06,87.94,44.94,96.39,85.8916,5.29,14,0,0,0,0,0,0,1,506868.06,0.0531,low,0.0
CUST015881,825,excellent,89.32,94.59,95.56,43.34,92.5,87.5532,4.52,17,0,0,0,0,0,0,4,331918.3,0.0507,low,0.0
CUST015882,833,excellent,93.77,99.65,91.96,42.51,80.17,88.7746,9.92,11,1,0,0,0,0,0,6,138704.46,0.0839,low,0.0
CUST015883,800,excellent,96.29,88.36,72.75,30.77,90.53,83.2503,11.79,7,0,0,0,0,0,0,3,45329.97,0.1553,low,0.0
CUST015884,800,excellent,88.26,88.26,95.0,37.76,78.66,83.2603,2.97,18,2,0,0,0,0,0,0,83348.45,0.0833,low,0.0
CUST015885,802,excellent,98.05,86.74,51.8,69.05,86.12,83.6258,10.13,4,1,0,0,0,0,1,7,9770.74,0.3633,low,0.125
CUST015886,813,excellent,92.43,94.95,64.75,49.34,99.69,85.4506,4.1,4,0,0,0,0,0,0,1,240302.54,0.1392,low,0.0
CUST015887,725,good,50.06,91.08,89.02,70.09,56.81,70.8891,7.25,14,3,2,0,0,0,1,7,158661.83,0.7456,low,0.125
CUST015888,772,excellent,89.44,97.21,44.65,30.79,83.98,78.6411,0.16,1,1,0,0,0,0,0,2,175960.22,0.1326,low,0.0
CUST015889,801,excellent,85.87,99.41,68.49,43.2,90.1,83.4808,5.36,8,0,0,0,0,0,0,2,271707.14,0.1456,low,0.0
CUST015890,638,high_risk,29.94,83.28,66.43,69.21,50.14,56.362,14.86,7,3,7,0,0,0,1,7,18321.71,2.1553,moderate,0.125
CUST015891,719,good,47.85,88.64,96.22,78.85,51.49,69.8069,9.84,12,3,3,0,0,0,1,5,16995.99,1.0748,low,0.1667
CUST015892,773,excellent,93.92,59.02,87.28,64.85,87.2,78.8757,36.5,16,1,0,0,0,0,1,4,978775.67,0.4135,low,0.2
CUST015893,678,risky,46.29,97.78,50.09,32.47,67.18,63.0152,7.7,4,2,4,0,0,0,0,4,98999.39,0.1292,low,0.0
CUST015894,738,good,52.75,91.34,95.73,69.16,69.24,73.0654,5.21,18,2,3,0,0,0,1,4,141699.48,1.3266,low,0.2
CUST015895,776,excellent,97.65,94.32,18.37,47.49,93.82,79.3578,6.2,0,0,0,0,0,0,1,4,161569.18,0.4097,low,0.2
CUST015896,783,excellent,92.18,96.53,57.03,32.88,75.14,80.5789,4.63,2,2,0,0,0,0,0,2,506032.13,0.0442,low,0.0
CUST015897,625,high_risk,14.83,94.78,80.39,31.47,54.0,54.2281,6.61,8,4,4,1,1,1,0,2,36125.55,0.3885,low,0.0
CUST015898,789,excellent,96.64,81.43,77.25,42.88,74.43,81.5714,13.89,5,2,0,0,0,0,0,4,710705.25,0.0194,low,0.0
CUST015899,733,good,73.21,97.84,31.73,35.31,88.54,72.119,4.3,1,1,1,0,0,0,0,3,44375.57,0.1123,low,0.0
CUST015900,806,excellent,88.84,94.54,80.74,33.54,94.62,84.3821,6.47,5,0,0,0,0,0,0,7,54712.29,0.1197,low,0.0
CUST015901,682,risky,46.63,82.08,72.39,45.13,73.02,63.6177,12.95,8,2,3,0,0,0,0,5,62073.19,0.2014,low,0.0
CUST015902,864,excellent,93.85,93.26,99.85,90.85,91.68,94.0579,4.1,12,0,0,0,0,0,2,5,639642.93,0.812,low,0.2857
CUST015903,847,excellent,86.87,95.34,99.29,75.76,97.26,91.2039,4.81,12,0,0,0,0,0,1,7,88564.67,0.7272,low,0.125
CUST015904,772,excellent,88.88,98.27,36.35,33.72,92.17,78.63,4.58,1,0,0,0,0,0,0,4,166232.34,0.1115,low,0.0
CUST015905,814,excellent,77.64,90.64,98.59,75.47,90.08,85.7084,1.96,19,1,0,0,0,0,1,3,365970.64,0.7743,low,0.25
CUST015906,763,excellent,92.23,91.82,35.65,36.9,82.72,77.1368,0.16,1,1,0,0,0,0,0,2,43070.96,0.0566,low,0.0
CUST015907,848,excellent,99.76,97.09,82.88,63.53,84.98,91.3269,1.51,5,1,0,0,0,0,1,1,35341.5,0.5025,low,0.5
CUST015908,809,excellent,91.75,84.19,87.85,60.82,81.76,84.803,11.97,11,1,0,0,0,0,1,4,70089.33,0.7662,low,0.2
CUST015909,790,excellent,90.04,91.96,52.79,49.88,96.67,81.6737,2.64,4,0,0,0,0,0,1,4,163599.46,0.7546,low,0.2
CUST015910,744,good,91.59,93.23,11.84,31.51,90.62,74.0145,8.59,0,1,0,0,0,0,0,5,83588.41,0.0989,low,0.0
CUST015911,811,excellent,99.27,76.36,95.01,41.35,90.83,85.1227,10.17,12,0,0,0,0,0,0,4,279091.2,0.1123,low,0.0
CUST015912,795,excellent,87.12,75.37,94.44,66.59,86.03,82.5333,11.98,14,1,0,0,0,0,1,0,444970.75,0.9365,low,0.5
CUST015913,604,high_risk,16.09,79.78,92.26,41.25,30.94,50.622,10.57,15,6,4,1,0,1,0,5,163063.34,0.2482,low,0.0
CUST015914,740,good,91.31,82.47,23.89,34.75,95.9,73.3477,11.52,0,0,0,0,0,0,0,2,65086.97,0.1415,low,0.0
CUST015915,774,excellent,89.64,94.22,33.46,43.17,99.88,78.9645,1.51,1,0,0,0,0,0,0,7,148513.65,0.001,low,0.0
CUST015916,720,good,79.59,89.22,13.25,38.28,96.36,70.0711,2.57,0,0,1,0,0,0,0,3,53023.19,0.1079,low,0.0
CUST015917,797,excellent,87.62,97.89,45.43,61.51,97.57,82.7565,5.4,2,0,0,0,0,0,1,7,105023.84,0.5541,low,0.125
CUST015918,647,high_risk,22.59,91.36,90.26,68.92,31.11,57.8588,6.86,11,5,7,1,0,0,1,2,57995.52,1.8337,moderate,0.3333
CUST015919,847,excellent,92.1,93.9,96.12,71.16,92.47,91.1867,1.07,14,0,0,0,0,0,1,4,41220.88,0.3719,low,0.2
CUST015920,739,good,59.48,86.5,99.51,30.13,85.19,73.2276,14.09,15,1,1,0,0,0,0,3,268983.01,0.2457,low,0.0
CUST015921,664,risky,42.78,91.53,34.56,34.1,96.32,60.6596,2.49,1,0,3,0,0,0,0,5,124300.84,0.046,low,0.0
CUST015922,826,excellent,91.71,81.47,90.09,77.81,98.97,87.7303,14.24,14,0,0,0,0,0,1,6,223605.16,0.8508,low,0.1429
CUST015923,705,good,60.46,89.92,59.97,35.57,68.45,67.5374,12.8,2,2,1,0,0,0,0,2,777447.47,0.2446,low,0.0
CUST015924,699,risky,47.98,78.42,87.94,75.31,54.46,66.4861,11.01,14,3,3,0,0,0,1,2,54166.82,0.8142,low,0.3333
CUST015925,582,high_risk,7.42,78.7,76.64,32.45,61.33,47.083,13.73,9,4,5,0,1,1,0,7,66005.15,0.3958,low,0.0
CUST015926,818,excellent,86.28,99.21,90.93,43.42,83.8,86.3222,0.43,20,1,0,0,0,0,0,7,49309.09,0.0498,low,0.0
CUST015927,785,excellent,87.27,96.07,55.53,36.33,95.6,80.8872,2.78,2,0,0,0,0,0,0,5,14692.44,0.0292,low,0.0
CUST015928,753,excellent,97.01,75.22,26.96,54.45,94.56,75.4641,12.27,0,0,0,0,0,0,1,3,13392.28,0.5964,low,0.25
CUST015929,726,good,63.73,78.3,85.42,76.72,56.91,70.9698,13.25,15,3,4,0,0,0,1,6,117204.14,1.0162,low,0.1429
CUST015930,722,good,59.35,75.99,92.98,36.37,91.29,70.2826,11.85,11,1,2,0,0,0,0,7,22046.83,0.0468,low,0.0
CUST015931,731,good,54.0,89.53,88.61,72.16,64.94,71.7603,9.56,16,3,3,0,0,0,1,1,58102.26,1.4122,low,0.5
CUST015932,787,excellent,93.21,95.19,49.2,31.21,94.97,81.1771,2.01,2,0,0,0,0,0,0,4,30815.79,0.1229,low,0.0
CUST015933,847,excellent,95.92,99.69,92.43,48.14,89.47,91.1042,3.73,20,1,0,0,0,0,1,0,146855.47,0.4219,low,0.5
CUST015934,764,excellent,95.82,95.59,22.84,31.15,86.17,77.3714,3.42,0,1,0,0,0,0,0,0,215089.97,0.0384,low,0.0
CUST015935,808,excellent,94.6,98.98,54.37,43.82,93.03,84.6421,5.09,2,0,0,0,0,0,0,7,51658.92,0.1518,low,0.0
CUST015936,784,excellent,85.28,98.43,34.31,76.52,85.61,80.7377,1.86,0,1,0,0,0,0,2,1,89492.9,0.4316,low,0.6667
CUST015937,809,excellent,87.94,97.01,73.23,45.46,93.62,84.7749,6.0,6,0,0,0,0,0,0,1,240665.35,0.0924,low,0.0
CUST015938,587,high_risk,22.57,86.95,45.65,31.53,39.28,47.9118,13.23,4,6,8,0,0,1,0,7,64199.94,0.2958,low,0.0
CUST015939,690,risky,36.81,95.85,69.86,67.36,71.04,64.9567,8.66,5,2,1,0,0,0,1,3,90969.16,1.2504,low,0.25
CUST015940,851,excellent,91.93,96.26,77.0,94.41,97.96,91.8433,0.07,7,0,0,0,0,0,2,5,242334.05,0.859,low,0.2857
CUST015941,679,risky,40.99,89.82,87.32,39.55,47.99,63.1449,13.21,17,3,1,0,0,0,0,3,53189.19,0.0467,low,0.0
CUST015942,815,excellent,86.4,97.58,82.42,45.7,93.9,85.8371,2.04,5,0,0,0,0,0,0,1,66563.85,0.0781,low,0.0
CUST015943,822,excellent,86.25,99.02,92.53,35.37,96.77,86.9849,7.13,14,0,0,0,0,0,0,3,126392.13,0.0189,low,0.0
CUST015944,808,excellent,98.61,79.11,86.84,49.02,85.18,84.6931,13.3,15,1,0,0,0,0,0,5,118987.39,0.0315,low,0.0
CUST015945,784,excellent,88.22,97.26,47.0,45.74,90.71,80.749,6.68,1,0,0,0,0,0,0,1,144324.89,0.0626,low,0.0
CUST015946,630,high_risk,48.64,78.62,13.8,38.04,84.93,54.9775,12.68,0,1,2,0,0,0,0,3,152889.48,0.004,low,0.0
CUST015947,797,excellent,97.59,88.77,70.49,47.92,67.42,82.8932,11.76,6,2,0,0,0,0,0,0,191299.58,0.0596,low,0.0
CUST015948,718,good,56.69,98.72,45.97,70.82,72.87,69.7238,6.44,3,2,4,0,0,0,1,3,303260.93,1.0143,low,0.25
CUST015949,799,excellent,86.07,98.4,55.79,60.19,91.84,83.2125,4.19,3,0,0,0,0,0,1,0,106536.85,0.5851,low,0.5
CUST015950,834,excellent,93.4,92.94,90.02,57.88,91.94,89.0571,1.3,15,1,0,0,0,0,1,2,277726.4,0.8548,low,0.3333
CUST015951,566,high_risk,10.46,89.77,31.55,41.35,49.31,44.3889,6.43,0,4,2,0,1,1,0,7,57388.15,0.522,low,0.0
CUST015952,773,excellent,79.32,92.08,73.0,42.73,82.12,78.8191,4.51,7,1,0,0,0,0,0,5,209418.21,0.0284,low,0.0
CUST015953,801,excellent,91.58,81.35,89.07,46.76,90.33,83.5294,13.07,15,0,0,0,0,0,1,7,86834.25,0.8072,low,0.125
CUST015954,820,excellent,96.74,94.77,72.99,37.05,96.68,86.612,0.48,7,0,0,0,0,0,0,5,382601.71,0.1336,low,0.0
CUST015955,823,excellent,96.98,95.16,71.05,44.38,95.74,87.1601,9.02,5,0,0,0,0,0,0,4,31822.37,0.1338,low,0.0
CUST015956,758,excellent,96.38,57.68,54.76,77.18,94.22,76.3909,40.89,3,0,0,0,0,0,2,5,473260.47,0.9847,low,0.2857
CUST015957,804,excellent,91.3,84.09,89.97,35.96,97.11,83.9851,14.33,15,0,0,0,0,0,0,4,59811.17,0.0608,low,0.0
CUST015958,774,excellent,93.43,77.62,76.02,45.73,69.66,78.9288,14.05,8,2,0,0,0,0,0,3,272041.4,0.1429,low,0.0
CUST015959,782,excellent,85.84,78.17,87.63,49.52,86.67,80.2591,11.15,10,1,0,0,0,0,1,0,111339.98,0.7661,low,0.5
CUST015960,780,excellent,94.25,79.14,72.5,40.13,84.1,80.0298,12.33,9,1,0,0,0,0,0,6,520186.03,0.0249,low,0.0
CUST015961,746,good,86.88,95.08,15.67,47.46,83.18,74.3477,5.36,0,1,0,0,0,0,0,3,91767.22,0.0534,low,0.0
CUST015962,793,excellent,86.37,80.95,97.93,45.28,84.52,82.1838,10.66,16,1,0,0,0,0,0,2,67212.07,0.0206,low,0.0
CUST015963,795,excellent,86.6,94.88,74.3,44.74,81.73,82.5663,7.68,5,1,0,0,0,0,0,0,66174.45,0.0591,low,0.0
CUST015964,802,excellent,94.83,98.38,32.34,61.99,99.77,83.7301,0.62,1,0,0,0,0,0,1,7,78939.72,0.8921,low,0.125
CUST015965,764,excellent,88.19,85.09,45.82,47.52,93.37,77.3551,12.61,1,0,0,0,0,0,1,7,264902.67,0.9852,low,0.125
CUST015966,759,excellent,87.74,57.63,91.91,68.6,78.22,76.4671,30.45,10,2,0,0,0,0,1,2,26229.65,0.8756,low,0.3333
CUST015967,796,excellent,73.85,98.19,83.67,49.31,98.78,82.6615,3.45,5,0,1,0,0,0,0,1,235136.4,0.1544,low,0.0
CUST015968,650,risky,42.85,92.51,17.61,49.65,79.26,58.2817,5.81,0,2,1,0,0,0,0,4,20237.07,0.0501,low,0.0
CUST015969,833,excellent,90.64,98.49,85.12,52.25,94.93,88.7548,2.72,14,0,0,0,0,0,1,5,109901.44,0.8429,low,0.1667
CUST015970,821,excellent,97.18,89.75,89.28,43.29,80.92,86.7516,9.46,12,1,0,0,0,0,0,6,111640.4,0.0771,low,0.0
CUST015971,758,excellent,96.83,77.71,44.78,41.27,83.52,76.3989,12.73,1,1,0,0,0,0,0,3,27796.18,0.0757,low,0.0
CUST015972,818,excellent,88.02,89.83,96.85,48.66,92.4,86.3908,2.68,12,0,0,0,0,0,0,6,480679.05,0.0643,low,0.0
CUST015973,815,excellent,99.38,93.58,59.94,43.52,96.44,85.843,6.06,3,0,0,0,0,0,0,3,149841.48,0.093,low,0.0
CUST015974,785,excellent,91.53,99.66,41.84,41.33,84.41,80.783,2.89,1,1,0,0,0,0,0,3,202763.75,0.0907,low,0.0
CUST015975,700,good,42.88,93.8,89.45,31.17,70.15,66.6996,7.93,12,2,3,0,0,0,0,7,182375.19,0.126,low,0.0
CUST015976,855,excellent,99.43,93.65,88.44,64.01,99.22,92.4834,2.96,12,0,0,0,0,0,1,6,159782.65,0.9145,low,0.1429
CUST015977,721,good,51.71,98.35,92.64,33.6,53.57,70.2148,0.88,11,3,1,0,0,0,0,4,163968.73,0.1121,low,0.0
CUST015978,824,excellent,98.57,80.52,90.27,60.63,91.15,87.3725,12.41,13,0,0,0,0,0,1,3,105909.3,0.5038,low,0.25
CUST015979,794,excellent,86.38,73.84,98.83,61.88,89.69,82.3674,44.1,15,1,0,0,0,0,1,2,327074.75,0.5397,low,0.3333
CUST015980,825,excellent,87.06,99.02,90.08,51.52,87.07,87.548,5.8,19,1,0,0,0,0,1,6,56495.89,0.635,low,0.1429
CUST015981,803,excellent,96.63,93.54,64.91,43.72,78.01,83.7903,6.68,2,2,0,0,0,0,0,3,127869.9,0.0653,low,0.0
CUST015982,764,excellent,54.25,97.18,99.25,78.11,75.65,77.4064,6.42,16,2,1,0,0,0,1,5,59340.95,1.1563,low,0.1667
CUST015983,831,excellent,94.28,87.36,94.03,62.28,89.0,88.439,14.89,18,1,0,0,0,0,1,6,53128.69,0.6978,low,0.1429
CUST015984,737,good,89.78,77.48,34.06,47.52,82.65,72.7918,13.25,1,1,0,0,0,0,0,3,21349.77,0.0446,low,0.0
CUST015985,833,excellent,95.22,89.09,78.44,79.15,91.12,88.8463,8.06,7,1,0,0,0,0,1,5,39834.44,0.7628,low,0.1667
CUST015986,842,excellent,99.63,94.68,85.72,46.81,95.69,90.3808,7.08,14,0,0,0,0,0,1,6,164212.72,0.6504,low,0.1429
CUST015987,808,excellent,87.21,88.05,84.6,59.05,91.93,84.7274,14.54,9,0,0,0,0,0,1,3,19729.36,0.5986,low,0.25
CUST015988,808,excellent,86.45,92.69,91.0,37.61,91.17,84.5938,6.55,15,0,0,0,0,0,0,7,26065.26,0.1265,low,0.0
CUST015989,740,good,87.43,88.14,19.0,42.29,92.27,73.3494,6.13,0,0,0,0,0,0,0,7,181606.38,0.163,low,0.0
CUST015990,837,excellent,92.23,96.77,98.88,42.34,90.72,89.4487,5.62,13,0,0,0,0,0,0,2,79181.88,0.1398,low,0.0
CUST015991,823,excellent,95.07,88.42,95.73,32.24,98.15,87.1987,1.03,18,0,0,0,0,0,0,4,233307.61,0.1034,low,0.0
CUST015992,789,excellent,86.98,94.04,60.88,38.76,98.81,81.5431,1.76,4,0,0,0,0,0,0,0,50398.13,0.1433,low,0.0
CUST015993,762,excellent,89.28,63.36,79.96,78.48,69.14,77.0093,44.62,9,2,0,0,0,0,1,5,81063.55,0.4219,low,0.1667
CUST015994,743,good,92.35,89.46,18.81,34.59,83.22,73.7627,3.32,0,1,0,0,0,0,0,1,162895.32,0.0167,low,0.0
CUST015995,701,good,45.83,79.43,86.98,47.42,91.39,66.7984,21.96,20,1,2,0,0,0,0,5,36778.56,0.1679,low,0.0
CUST015996,682,risky,60.83,76.42,57.57,38.49,69.44,63.644,11.15,4,2,1,0,0,0,0,3,52380.34,0.1148,low,0.0
CUST015997,809,excellent,90.18,95.92,41.39,85.45,97.79,84.8709,1.32,1,0,0,0,0,0,2,6,33415.78,0.5964,low,0.25
CUST015998,642,high_risk,21.73,81.54,82.55,76.58,58.3,56.937,11.5,5,4,4,0,0,0,1,4,273923.91,1.96,moderate,0.2
CUST015999,622,high_risk,11.31,95.21,87.17,60.76,30.58,53.7318,6.13,20,5,7,1,0,0,1,0,78609.95,1.4574,low,0.5
CUST016000,742,good,87.82,76.0,45.17,34.67,98.5,73.6295,13.19,4,0,0,0,0,0,0,2,166125.11,0.1308,low,0.0
CUST016001,761,excellent,88.44,93.05,35.52,36.6,90.54,76.912,8.5,1,0,0,0,0,0,0,4,48150.56,0.1156,low,0.0
CUST016002,835,excellent,98.99,88.05,96.26,42.19,94.85,89.203,10.67,15,0,0,0,0,0,0,5,283294.62,0.0353,low,0.0
CUST016003,818,excellent,89.66,92.8,87.6,43.86,96.52,86.3999,2.5,10,0,0,0,0,0,0,4,50575.75,0.0703,low,0.0
CUST016004,769,excellent,86.88,78.46,61.34,53.61,96.34,78.1413,10.05,2,0,0,0,0,0,1,2,69816.16,0.975,low,0.3333
CUST016005,840,excellent,96.58,94.31,78.59,61.6,99.79,90.0226,4.66,7,0,0,0,0,0,1,0,54324.67,0.9924,low,0.5
CUST016006,841,excellent,98.02,93.99,93.98,37.28,98.94,90.2242,2.3,15,0,0,0,0,0,0,5,138557.47,0.0617,low,0.0
CUST016007,789,excellent,76.68,95.72,81.23,38.3,99.64,81.5336,0.74,9,0,0,0,0,0,0,2,20908.86,0.1509,low,0.0
CUST016008,568,high_risk,9.21,85.69,56.14,32.13,40.69,44.6334,11.88,4,4,3,0,1,1,0,0,67047.25,0.3972,low,0.0
CUST016009,725,good,53.8,98.16,68.82,37.81,84.03,70.7854,6.27,5,1,3,0,0,0,0,0,44492.94,0.1118,low,0.0
CUST016010,623,high_risk,20.06,88.15,69.3,66.74,42.5,53.7847,9.05,7,3,3,1,0,0,1,3,47205.35,1.6563,moderate,0.25
CUST016011,777,excellent,93.56,78.93,45.94,69.59,92.49,79.5212,12.09,1,0,0,0,0,0,1,2,124940.8,0.3997,low,0.3333
CUST016012,796,excellent,86.74,95.82,77.4,35.79,84.31,82.723,9.66,9,1,0,0,0,0,0,1,65608.07,0.1159,low,0.0
CUST016013,844,excellent,89.82,99.19,92.99,65.4,90.4,90.7224,9.19,18,0,0,0,0,0,1,6,19993.65,0.7632,low,0.1429
CUST016014,807,excellent,87.58,83.59,64.97,90.81,98.72,84.4288,14.79,2,0,0,0,0,0,2,3,60197.15,0.5009,low,0.4
CUST016015,668,risky,58.46,96.73,25.87,34.82,45.01,61.3436,1.71,0,3,2,0,0,0,0,7,135228.5,0.0322,low,0.0
CUST016016,-1,no_history,91.38,90.63,23.12,47.64,92.71,76.675,3.59,0,0,0,0,0,0,0,0,62768.14,0.1454,low,0.0
CUST016017,833,excellent,86.24,93.07,95.2,76.38,88.08,88.8321,3.31,10,1,0,0,0,0,1,2,148957.16,0.9616,low,0.3333
CUST016018,830,excellent,96.86,98.03,81.53,44.67,82.92,88.3003,8.59,8,1,0,0,0,0,0,5,20094.5,0.0067,low,0.0
CUST016019,763,excellent,61.48,93.56,90.13,49.88,90.61,77.1567,8.08,15,1,4,0,0,0,0,2,760273.02,0.0255,low,0.0
CUST016020,757,excellent,55.1,97.52,80.92,79.33,75.45,76.1582,0.18,5,2,2,0,0,0,1,4,54485.73,0.7704,low,0.2
CUST016021,852,excellent,94.24,99.37,89.96,66.08,90.39,91.9369,9.09,19,0,0,0,0,0,1,6,44368.67,0.6567,low,0.1429
CUST016022,829,excellent,94.11,88.05,90.26,60.54,92.36,88.1848,7.65,13,0,0,0,0,0,1,1,24513.86,0.9569,low,0.5
CUST016023,773,excellent,99.14,75.74,83.0,33.81,55.17,78.7683,14.61,9,3,0,0,0,0,0,0,158786.97,0.0455,low,0.0
CUST016024,822,excellent,95.36,93.66,62.15,71.75,90.51,87.0214,9.37,3,1,0,0,0,0,1,1,17630.59,0.913,low,0.5
CUST016025,803,excellent,96.24,86.08,86.11,31.86,81.52,83.7645,14.92,12,1,0,0,0,0,0,7,46418.95,0.0926,low,0.0
CUST016026,777,excellent,96.8,91.8,37.84,32.92,90.48,79.4382,0.36,1,0,0,0,0,0,0,5,113982.38,0.0008,low,0.0
CUST016027,735,good,95.67,76.23,19.35,47.21,85.51,72.5313,14.16,0,1,0,0,0,0,0,4,46826.42,0.0744,low,0.0
CUST016028,765,excellent,93.71,81.68,48.06,36.93,92.76,77.4822,12.82,2,0,0,0,0,0,0,0,123732.54,0.0936,low,0.0
CUST016029,792,excellent,93.98,99.46,41.54,42.5,88.48,82.0589,4.35,1,1,0,0,0,0,0,3,46822.04,0.0175,low,0.0
CUST016030,782,excellent,90.06,81.31,83.3,30.74,87.77,80.262,11.6,7,1,0,0,0,0,0,2,77793.34,0.0032,low,0.0
CUST016031,761,excellent,90.2,76.27,47.0,57.8,96.01,76.8826,10.36,3,0,0,0,0,0,1,3,77706.09,0.6208,low,0.25
CUST016032,778,excellent,95.65,87.39,45.85,37.9,92.69,79.6284,12.93,2,0,0,0,0,0,0,6,167512.18,0.1226,low,0.0
CUST016033,852,excellent,96.15,96.53,90.48,62.44,94.98,91.9242,8.68,15,0,0,0,0,0,1,1,78371.03,0.4142,low,0.5
CUST016034,791,excellent,85.67,91.47,79.26,43.75,80.74,81.7641,8.7,7,1,0,0,0,0,0,7,349858.83,0.0788,low,0.0
CUST016035,758,excellent,92.87,89.58,28.94,35.73,90.18,76.3096,7.17,0,0,0,0,0,0,0,0,218034.98,0.1362,low,0.0
CUST016036,606,high_risk,12.48,86.14,77.41,34.65,57.36,51.0251,14.06,7,4,6,0,1,1,0,5,48821.8,0.2664,low,0.0
CUST016037,838,excellent,98.36,89.7,81.93,67.19,92.89,89.6319,3.62,9,0,0,0,0,0,1,5,110593.09,0.9513,low,0.1667
CUST016038,811,excellent,89.89,97.32,92.54,40.96,66.07,85.2417,6.25,14,2,0,0,0,0,0,6,51012.16,0.0151,low,0.0
CUST016039,761,excellent,95.32,65.96,64.71,46.31,93.4,76.8286,38.35,4,0,0,0,0,0,0,1,157676.3,0.1019,low,0.0
CUST016040,772,excellent,91.83,79.53,67.14,42.46,83.12,78.6295,10.51,7,1,0,0,0,0,0,3,65133.82,0.1328,low,0.0
CUST016041,827,excellent,93.17,94.98,60.72,89.83,85.62,87.7575,3.94,3,1,0,0,0,0,2,5,13673.37,0.6098,low,0.2857
CUST016042,821,excellent,96.0,91.68,66.85,61.06,96.61,86.8987,6.24,7,0,0,0,0,0,1,1,241194.99,0.3552,low,0.5
CUST016043,763,excellent,98.93,79.03,33.13,41.19,97.13,77.1365,10.68,0,0,0,0,0,0,0,1,39313.15,0.1467,low,0.0
CUST016044,832,excellent,85.73,95.91,98.68,57.8,92.41,88.6005,6.93,11,0,0,0,0,0,1,3,91538.01,0.7634,low,0.25
CUST016045,656,risky,46.06,94.46,32.45,30.91,69.14,59.3308,8.56,1,2,2,0,0,0,0,0,213241.24,0.0598,low,0.0
CUST016046,781,excellent,86.7,88.96,74.66,52.95,66.51,80.1764,13.85,6,2,0,0,0,0,1,6,41713.09,0.3863,low,0.1429
CUST016047,790,excellent,95.61,91.22,38.66,64.34,86.57,81.7168,6.72,1,1,0,0,0,0,1,5,92402.71,0.9962,low,0.1667
CUST016048,672,risky,62.72,75.95,41.38,48.53,62.4,62.0345,14.69,1,4,1,0,0,0,0,1,80985.76,0.0434,low,0.0
CUST016049,843,excellent,89.0,97.78,82.85,76.83,98.96,90.4905,9.2,6,0,0,0,0,0,2,5,131469.3,0.8316,low,0.2857
CUST016050,680,risky,59.12,86.63,45.78,44.82,52.37,63.2655,12.94,2,4,2,0,0,0,0,3,17089.55,0.1623,low,0.0
CUST016051,793,excellent,90.03,75.81,82.47,71.18,84.5,82.1946,11.38,9,1,0,0,0,0,1,2,214321.52,0.8085,low,0.3333
CUST016052,791,excellent,90.43,88.08,76.53,30.88,91.78,81.8195,1.33,9,0,0,0,0,0,0,6,449738.3,0.1188,low,0.0
CUST016053,772,excellent,63.1,91.05,99.18,76.46,77.86,78.7075,7.55,11,2,3,0,0,0,1,1,85814.25,1.4318,low,0.5
CUST016054,829,excellent,94.79,91.68,73.9,78.41,85.78,88.1844,2.53,6,1,0,0,0,0,1,7,26567.21,0.994,low,0.125
CUST016055,769,excellent,89.5,88.48,45.07,37.64,97.7,78.1631,14.77,1,0,0,0,0,0,0,3,65016.74,0.0002,low,0.0
CUST016056,627,high_risk,45.9,79.08,18.98,48.56,70.74,54.5649,12.02,0,2,3,0,0,0,0,3,42810.88,0.1413,low,0.0
CUST016057,815,excellent,88.23,86.41,87.37,64.69,94.0,85.7771,14.83,13,0,0,0,0,0,1,7,197699.69,0.5903,low,0.125
CUST016058,780,excellent,85.31,68.86,99.46,55.09,91.21,80.0636,43.11,17,0,0,0,0,0,0,7,123092.19,0.149,low,0.0
CUST016059,815,excellent,86.86,94.31,95.1,37.18,90.93,85.7708,0.51,12,1,0,0,0,0,0,0,874530.11,0.1371,low,0.0
CUST016060,667,risky,26.59,94.35,77.37,48.36,71.73,61.2258,6.79,7,2,4,0,0,0,0,6,29663.68,0.243,low,0.0
CUST016061,792,excellent,92.61,85.51,70.24,49.83,84.3,82.0144,10.65,7,1,0,0,0,0,0,4,22894.28,0.0512,low,0.0
CUST016062,807,excellent,92.83,92.77,94.42,34.24,65.53,84.4634,3.09,18,2,0,0,0,0,0,3,364434.05,0.054,low,0.0
CUST016063,695,risky,42.8,80.03,76.86,74.67,78.73,65.8569,11.82,6,2,1,0,0,0,1,5,65966.99,0.8605,low,0.1667
CUST016064,693,risky,53.85,90.75,77.19,34.38,44.14,65.5034,3.36,6,3,4,0,0,0,0,5,39567.55,0.2223,low,0.0
CUST016065,728,good,57.69,92.58,88.72,45.63,55.7,71.4072,3.64,18,3,1,0,0,0,0,5,86723.38,0.1168,low,0.0
CUST016066,680,risky,48.76,88.05,67.29,41.47,56.23,63.3438,0.34,7,3,2,0,0,0,0,0,396006.75,0.0246,low,0.0
CUST016067,851,excellent,99.68,99.31,96.62,34.21,91.91,91.7857,8.57,18,1,0,0,0,0,0,5,69888.99,0.0526,low,0.0
CUST016068,744,good,79.57,85.15,56.2,30.7,91.74,74.0668,14.16,2,0,1,0,0,0,0,0,66250.91,0.0488,low,0.0
CUST016069,790,excellent,98.13,97.66,26.48,58.25,82.48,81.6893,9.27,0,1,0,0,0,0,1,4,180303.61,0.4213,low,0.2
CUST016070,805,excellent,91.15,89.64,87.23,43.04,80.63,84.2466,5.41,13,1,0,0,0,0,0,5,26604.77,0.0584,low,0.0
CUST016071,826,excellent,92.35,94.35,97.56,34.55,90.3,87.7482,2.7,14,0,0,0,0,0,0,3,83428.02,0.0173,low,0.0
CUST016072,718,good,96.39,42.89,47.01,63.3,96.96,69.684,54.18,1,0,0,0,0,0,1,2,1198030.0,0.9639,low,0.3333
CUST016073,649,high_risk,38.81,89.09,45.4,40.43,69.24,58.0888,6.29,1,2,2,0,0,0,0,6,64672.55,0.0984,low,0.0
CUST016074,810,excellent,90.3,87.81,69.9,70.71,95.27,85.0286,12.38,7,0,0,0,0,0,1,4,256520.43,0.7866,low,0.2
CUST016075,791,excellent,96.77,95.38,30.42,49.95,98.65,81.9062,4.2,0,0,0,0,0,0,0,2,16451.0,0.1363,low,0.0
CUST016076,726,good,92.17,76.87,29.38,31.21,81.03,70.9511,11.63,0,1,0,0,0,0,0,4,22723.67,0.1291,low,0.0
CUST016077,682,risky,61.31,92.75,18.4,42.86,73.52,63.682,7.95,0,2,1,0,0,0,0,6,68942.97,0.1266,low,0.0
CUST016078,756,excellent,49.42,99.74,96.33,76.49,66.73,75.9903,7.69,14,2,2,0,0,0,1,4,61098.16,0.9502,low,0.2
CUST016079,839,excellent,99.24,88.9,93.84,50.32,93.77,89.8899,21.38,13,0,0,0,0,0,0,6,133082.87,0.0184,low,0.0
CUST016080,793,excellent,89.36,96.38,67.43,35.26,82.65,82.0972,1.49,5,1,0,0,0,0,0,5,97085.26,0.1455,low,0.0
CUST016081,838,excellent,85.41,98.14,88.39,76.85,93.35,89.6127,6.51,11,0,0,0,0,0,2,0,172037.01,0.683,low,0.6667
CUST016082,821,excellent,97.2,92.45,87.27,38.56,81.93,86.8952,9.79,10,1,0,0,0,0,0,4,30054.89,0.1433,low,0.0
CUST016083,810,excellent,89.1,97.95,92.84,30.44,75.35,85.0727,1.01,19,2,0,0,0,0,0,7,109777.82,0.0329,low,0.0
CUST016084,693,risky,42.13,76.84,95.49,65.46,78.82,65.5486,14.3,11,2,3,0,0,0,1,6,49573.53,1.3706,low,0.1429
CUST016085,792,excellent,95.42,76.26,78.98,47.8,91.38,82.0379,11.91,7,1,0,0,0,0,0,3,405785.89,0.0333,low,0.0
CUST016086,835,excellent,91.12,91.12,91.41,80.16,81.48,89.1042,7.69,11,1,0,0,0,0,2,5,47409.1,0.3661,low,0.2857
CUST016087,810,excellent,95.1,91.15,75.85,46.4,84.09,85.0573,4.7,6,1,0,0,0,0,0,4,144132.24,0.0981,low,0.0
CUST016088,791,excellent,90.53,79.29,69.69,67.63,91.66,81.8567,10.6,7,0,0,0,0,0,1,6,42554.09,0.6892,low,0.1429
CUST016089,805,excellent,85.48,92.63,90.84,39.14,88.8,84.1263,3.74,15,1,0,0,0,0,0,7,48975.81,0.1406,low,0.0
CUST016090,833,excellent,86.31,97.17,73.31,92.78,92.15,88.8485,7.79,9,0,0,0,0,0,2,3,84789.34,0.8251,low,0.4
CUST016091,765,excellent,93.49,88.99,34.57,38.04,91.56,77.5648,0.76,1,0,0,0,0,0,0,7,46273.27,0.0427,low,0.0
CUST016092,733,good,57.72,89.2,96.59,48.36,58.83,72.1705,2.65,16,4,2,0,0,0,0,1,39406.49,0.1183,low,0.0
CUST016093,805,excellent,94.04,87.14,80.35,39.17,90.96,84.1213,13.03,7,1,0,0,0,0,0,5,58807.44,0.1521,low,0.0
CUST016094,617,high_risk,9.83,93.66,94.57,35.33,35.96,52.851,1.06,17,6,4,0,1,1,0,0,87359.38,0.5864,low,0.0
CUST016095,591,high_risk,13.85,89.35,40.82,67.84,48.85,48.4482,5.35,1,4,4,0,0,0,1,2,82266.83,1.469,low,0.3333
CUST016096,853,excellent,97.56,93.83,80.98,78.37,98.64,92.1439,0.73,5,0,0,0,0,0,1,4,204793.09,0.8588,low,0.2
CUST016097,744,good,88.44,79.37,31.8,48.82,96.06,74.0238,14.74,1,0,0,0,0,0,2,0,129017.57,0.5877,low,0.6667
CUST016098,722,good,58.03,92.53,60.62,66.14,75.89,70.3646,2.68,3,2,2,0,0,0,1,1,72629.39,1.4081,low,0.5
CUST016099,834,excellent,88.68,92.22,94.69,78.91,82.51,89.0469,1.23,15,1,0,0,0,0,1,2,215334.25,0.893,low,0.3333
CUST016100,736,good,92.25,52.04,76.51,52.28,81.02,72.7051,59.62,9,1,0,0,0,0,0,6,105487.84,0.1491,low,0.0
CUST016101,835,excellent,94.02,99.76,98.19,30.58,85.03,89.1261,0.05,10,1,0,0,0,0,0,0,55743.71,0.1548,low,0.0
CUST016102,820,excellent,98.06,87.23,82.67,53.04,85.41,86.7357,13.3,8,1,0,0,0,0,1,1,431149.45,0.6563,low,0.5
CUST016103,775,excellent,71.26,94.94,92.6,30.63,87.41,79.1173,7.45,13,1,0,0,0,0,0,5,15377.04,0.0547,low,0.0
CUST016104,760,excellent,89.91,69.74,68.16,48.33,91.37,76.586,33.59,8,0,0,0,0,0,0,6,68053.16,0.0665,low,0.0
CUST016105,681,risky,60.5,94.91,49.7,40.49,24.19,63.5716,4.03,1,5,1,0,0,0,0,4,22730.31,0.0947,low,0.0
CUST016106,767,excellent,72.42,99.62,74.17,31.8,82.68,77.8061,5.03,5,1,1,0,0,0,0,0,123762.04,0.1612,low,0.0
CUST016107,835,excellent,98.64,90.72,98.46,35.77,90.69,89.1557,0.25,14,1,0,0,0,0,0,1,83478.77,0.1295,low,0.0
CUST016108,865,excellent,98.71,96.88,95.4,69.46,92.53,94.1207,0.82,18,0,0,0,0,0,1,3,336652.89,0.6861,low,0.25
CUST016109,819,excellent,88.82,97.46,84.99,35.11,99.74,86.5565,8.19,8,0,0,0,0,0,0,4,93814.26,0.102,low,0.0
CUST016110,846,excellent,90.35,95.1,99.93,60.46,98.23,91.0111,1.47,17,0,0,0,0,0,1,5,85887.42,0.7669,low,0.1667
CUST016111,749,good,90.92,84.08,33.73,31.37,96.53,74.8943,11.7,1,0,0,0,0,0,0,4,12115.29,0.0273,low,0.0
CUST016112,803,excellent,93.39,89.33,75.33,45.03,85.08,83.7963,13.98,6,1,0,0,0,0,0,5,554366.82,0.0317,low,0.0
CUST016113,750,excellent,98.55,81.26,28.34,33.72,84.62,74.9563,14.67,0,1,0,0,0,0,0,5,145366.6,0.0749,low,0.0
CUST016114,639,high_risk,22.86,88.94,93.71,43.44,33.86,56.4682,8.28,18,6,4,0,0,1,0,2,82458.42,0.2593,low,0.0
CUST016115,782,excellent,92.86,83.38,63.07,41.64,91.75,80.3154,13.04,3,0,0,0,0,0,0,7,462949.12,0.06,low,0.0
CUST016116,785,excellent,88.98,80.12,53.11,85.67,91.12,80.8262,13.91,2,0,0,0,0,0,2,6,124669.09,0.7011,low,0.25
CUST016117,813,excellent,89.07,91.27,99.19,30.24,90.0,85.456,4.71,14,0,0,0,0,0,0,1,53409.05,0.1527,low,0.0
CUST016118,785,excellent,93.52,85.52,49.97,49.5,99.15,80.7513,14.8,2,0,0,0,0,0,0,3,23853.18,0.1161,low,0.0
CUST016119,825,excellent,93.31,89.4,99.25,39.16,92.24,87.5077,4.14,13,0,0,0,0,0,0,2,154056.8,0.095,low,0.0
CUST016120,766,excellent,95.18,94.03,22.42,44.13,83.01,77.5973,0.35,0,1,0,0,0,0,0,2,140841.68,0.164,low,0.0
CUST016121,825,excellent,89.14,99.54,79.42,46.74,98.4,87.489,6.88,9,0,0,0,0,0,1,1,28987.1,0.6886,low,0.5
CUST016122,799,excellent,92.05,83.22,88.52,31.77,94.55,83.093,14.28,15,0,0,0,0,0,0,3,19937.36,0.1563,low,0.0
CUST016123,784,excellent,88.43,82.47,79.32,37.29,94.15,80.7329,12.82,6,0,0,0,0,0,0,3,46849.05,0.1254,low,0.0
CUST016124,767,excellent,92.29,82.25,55.98,30.08,94.5,77.8293,13.65,2,0,0,0,0,0,0,4,34918.42,0.1051,low,0.0
CUST016125,609,high_risk,18.66,78.25,80.76,40.54,52.56,51.4303,13.22,5,3,4,1,0,1,0,4,204839.89,0.6546,low,0.0
CUST016126,609,high_risk,6.85,91.66,99.4,31.1,35.48,51.463,9.31,12,5,3,1,0,1,0,6,45281.18,0.3703,low,0.0
CUST016127,626,high_risk,25.84,84.56,70.27,65.96,37.08,54.2576,11.75,7,5,3,0,0,0,1,4,84633.52,1.5719,moderate,0.2
CUST016128,812,excellent,89.41,96.88,99.69,31.0,68.95,85.3076,4.86,13,2,0,0,0,0,0,1,69368.56,0.1086,low,0.0
CUST016129,806,excellent,90.99,93.08,73.2,38.33,98.19,84.3996,9.17,7,0,0,0,0,0,0,5,37978.35,0.0357,low,0.0
CUST016130,816,excellent,98.49,93.85,61.03,52.41,89.86,86.0078,0.48,4,1,0,0,0,0,1,0,44927.72,0.3662,low,0.5
CUST016131,717,good,46.55,78.49,96.53,72.41,89.08,69.4686,17.19,17,1,3,0,0,0,1,6,159809.31,1.3869,low,0.1429
CUST016132,824,excellent,96.62,87.22,95.99,64.77,65.28,87.3864,19.44,11,2,0,0,0,0,1,3,57018.08,0.4436,low,0.25
CUST016133,813,excellent,98.69,80.4,76.34,63.62,90.1,85.487,12.16,7,1,0,0,0,0,1,2,149015.91,0.4822,low,0.3333
CUST016134,687,risky,39.68,97.83,76.56,43.08,55.16,64.546,8.68,5,3,3,0,0,0,0,5,97517.09,0.002,low,0.0
CUST016135,811,excellent,93.21,86.97,86.3,39.79,94.93,85.1308,11.56,16,0,0,0,0,0,0,0,22035.02,0.068,low,0.0
CUST016136,814,excellent,85.52,94.66,93.22,40.4,93.5,85.7018,7.43,10,0,0,0,0,0,0,2,138917.98,0.1629,low,0.0
CUST016137,821,excellent,91.13,87.69,87.09,55.35,99.7,86.7709,12.1,16,0,0,0,0,0,1,4,370087.15,0.9493,low,0.2
CUST016138,773,excellent,90.86,95.49,35.81,49.99,80.53,78.8699,5.33,1,1,0,0,0,0,0,4,456999.0,0.1141,low,0.0
CUST016139,693,risky,47.5,77.62,76.94,40.57,99.21,65.4301,14.4,6,0,4,0,0,0,0,4,79316.69,0.1957,low,0.0
CUST016140,839,excellent,93.19,95.4,80.27,66.94,98.11,89.7817,8.35,5,0,0,0,0,0,1,2,156105.22,0.6366,low,0.3333
CUST016141,789,excellent,97.76,79.75,51.08,75.49,82.15,81.5662,13.07,2,1,0,0,0,0,1,7,70567.67,0.9522,low,0.125
CUST016142,811,excellent,97.66,97.94,55.32,37.05,95.46,85.1117,3.94,3,0,0,0,0,0,0,5,52517.99,0.1502,low,0.0
CUST016143,830,excellent,94.23,99.36,84.22,42.76,85.68,88.2652,3.65,6,1,0,0,0,0,0,5,246597.58,0.0738,low,0.0
CUST016144,734,good,88.5,89.27,21.58,44.62,69.0,72.3559,13.53,0,2,0,0,0,0,0,4,98310.09,0.1284,low,0.0
CUST016145,811,excellent,85.85,92.25,57.59,89.32,98.0,85.0924,5.46,4,0,0,0,0,0,2,6,23645.27,0.9148,low,0.25
CUST016146,791,excellent,88.3,99.82,47.28,49.17,90.45,81.9061,6.23,3,1,0,0,0,0,0,3,190017.0,0.1511,low,0.0
CUST016147,808,excellent,95.68,76.89,98.72,49.02,83.39,84.6024,10.19,13,1,0,0,0,0,0,6,63257.85,0.1248,low,0.0
CUST016148,855,excellent,99.11,91.81,98.94,61.96,91.74,92.4431,5.51,13,0,0,0,0,0,1,5,68413.22,0.6146,low,0.1667
CUST016149,831,excellent,98.21,94.51,74.87,63.37,82.71,88.5643,4.36,6,1,0,0,0,0,1,2,65228.58,0.9607,low,0.3333
CUST016150,-1,no_history,30.43,94.29,14.4,38.38,78.17,52.7537,9.68,0,2,4,0,0,0,0,4,8807.47,0.1608,low,0.0
CUST016151,808,excellent,87.3,94.58,75.35,76.05,69.09,84.7442,8.08,7,2,0,0,0,0,1,7,108993.17,0.5726,low,0.125
CUST016152,815,excellent,91.06,90.48,89.45,49.97,83.81,85.81,7.28,15,1,0,0,0,0,0,6,107479.47,0.0218,low,0.0
CUST016153,814,excellent,87.99,94.5,95.25,38.55,83.07,85.5984,4.98,13,1,0,0,0,0,0,2,21106.42,0.0803,low,0.0
CUST016154,794,excellent,75.12,85.48,95.69,68.65,91.26,82.2788,11.2,10,1,0,0,0,0,1,2,110467.01,0.7608,low,0.3333
CUST016155,832,excellent,93.69,99.13,51.14,86.89,97.49,88.6398,3.87,2,0,0,0,0,0,4,0,907805.18,0.4794,low,0.8
CUST016156,586,high_risk,12.98,93.48,32.68,49.65,52.13,47.6678,3.63,1,4,3,0,1,1,0,2,129350.67,0.2253,low,0.0
CUST016157,832,excellent,99.86,72.38,96.08,77.9,97.41,88.6082,47.18,14,0,0,0,0,0,1,6,198890.61,0.5326,low,0.1429
CUST016158,748,good,95.2,80.72,25.56,39.2,94.24,74.7143,12.67,0,0,0,0,0,0,0,7,66322.55,0.0064,low,0.0
CUST016159,814,excellent,97.77,88.92,98.54,32.37,67.73,85.6866,12.28,10,2,0,0,0,0,0,6,24718.74,0.0128,low,0.0
CUST016160,824,excellent,95.4,89.04,96.85,36.59,90.61,87.3491,12.39,11,0,0,0,0,0,0,7,36816.59,0.0355,low,0.0
CUST016161,659,risky,44.97,89.38,37.55,44.23,71.9,59.7995,12.36,1,2,2,0,0,0,0,6,326712.19,0.2298,low,0.0
CUST016162,721,good,51.44,83.82,97.9,63.99,69.7,70.2035,12.53,20,2,1,0,0,0,1,5,219798.72,1.2408,low,0.1667
CUST016163,840,excellent,89.83,99.32,95.77,48.01,95.85,89.9853,3.43,13,0,0,0,0,0,0,7,21119.49,0.0778,low,0.0
CUST016164,817,excellent,87.3,89.22,96.7,46.74,95.92,86.0927,11.87,19,0,0,0,0,0,1,0,289789.18,0.8754,low,0.5
CUST016165,847,excellent,89.73,96.58,91.99,72.86,97.56,91.221,4.71,14,0,0,0,0,0,1,6,94268.89,0.9341,low,0.1429
CUST016166,829,excellent,93.86,99.41,93.42,43.35,71.82,88.2043,9.3,14,2,0,0,0,0,0,0,30207.27,0.1163,low,0.0
CUST016167,606,high_risk,7.16,92.92,96.67,34.47,26.6,50.992,3.73,15,5,2,1,1,1,0,2,48641.85,0.5504,low,0.0
CUST016168,837,excellent,93.54,96.64,93.29,44.63,93.25,89.5106,9.73,16,0,0,0,0,0,0,5,58539.41,0.137,low,0.0
CUST016169,751,excellent,89.34,90.25,28.21,30.57,96.02,75.233,6.08,0,0,0,0,0,0,0,5,91193.77,0.0202,low,0.0
CUST016170,810,excellent,91.3,88.63,90.44,41.58,86.51,84.9178,10.42,13,1,0,0,0,0,0,1,148871.93,0.0101,low,0.0
CUST016171,579,high_risk,7.26,80.72,72.71,30.01,58.21,46.4866,14.54,5,4,0,0,1,1,0,7,134477.21,0.6067,low,0.0
CUST016172,630,high_risk,32.59,86.88,59.73,34.68,50.66,54.9642,12.42,4,3,4,0,0,0,0,5,111742.72,0.1304,low,0.0
CUST016173,710,good,90.01,55.23,33.14,58.19,94.4,68.3018,36.99,0,0,0,0,0,0,0,2,314971.32,0.0957,low,0.0
CUST016174,825,excellent,96.09,90.48,90.8,38.38,92.45,87.4784,2.64,13,0,0,0,0,0,0,5,34447.88,0.0182,low,0.0
CUST016175,791,excellent,93.87,94.63,42.37,43.16,98.94,81.8092,2.16,1,0,0,0,0,0,0,2,26564.74,0.1481,low,0.0
CUST016176,843,excellent,94.65,86.16,89.53,86.35,94.96,90.5374,13.84,13,0,0,0,0,0,2,0,221261.6,0.5012,low,0.6667
CUST016177,808,excellent,91.03,74.44,98.78,73.93,82.6,84.6606,38.07,14,1,0,0,0,0,1,5,130429.05,0.729,low,0.1667
CUST016178,836,excellent,96.44,95.92,86.23,56.84,81.22,89.2687,7.77,12,1,0,0,0,0,1,3,27430.61,0.7823,low,0.25
CUST016179,702,good,60.08,78.07,79.91,45.28,59.77,66.94,13.26,6,4,1,0,0,0,0,3,202880.58,0.0066,low,0.0
CUST016180,613,high_risk,17.97,96.46,46.33,41.8,58.54,52.2122,2.17,3,4,5,0,0,1,0,0,30508.42,0.4688,low,0.0
CUST016181,803,excellent,88.6,87.95,89.65,36.74,92.38,83.7569,12.68,14,0,0,0,0,0,0,0,111509.29,0.1052,low,0.0
CUST016182,764,excellent,88.86,77.16,60.8,46.38,94.02,77.4089,12.71,2,0,0,0,0,0,0,4,71565.3,0.1274,low,0.0
CUST016183,783,excellent,88.97,96.58,48.68,39.92,90.78,80.4831,0.4,1,1,0,0,0,0,0,5,170095.6,0.1359,low,0.0
CUST016184,804,excellent,90.58,76.58,98.37,54.58,91.0,83.9909,14.03,20,0,0,0,0,0,1,2,151492.48,0.767,low,0.3333
CUST016185,609,high_risk,22.58,83.44,32.82,35.9,99.94,51.4412,13.23,1,0,4,0,0,1,0,4,162401.82,0.4241,low,0.0
CUST016186,781,excellent,86.43,75.98,98.03,33.02,91.7,80.2228,12.78,16,0,0,0,0,0,0,7,46311.76,0.0413,low,0.0
CUST016187,813,excellent,94.82,83.01,87.08,51.38,92.71,85.5615,24.59,19,0,0,0,0,0,0,6,65535.1,0.0685,low,0.0
CUST016188,783,excellent,95.18,95.78,38.96,32.79,94.0,80.5691,5.16,1,0,0,0,0,0,0,6,61543.16,0.0568,low,0.0
CUST016189,789,excellent,97.28,75.75,71.8,50.91,89.02,81.5363,26.39,6,1,0,0,0,0,0,6,160386.66,0.0082,low,0.0
CUST016190,689,risky,29.77,94.36,90.87,41.79,82.78,64.8145,0.54,14,1,7,0,0,1,0,4,15028.16,0.4355,low,0.0
CUST016191,816,excellent,90.54,90.36,65.95,78.0,94.74,85.9616,9.36,9,0,0,0,0,0,1,0,42228.08,0.3504,low,0.5
CUST016192,542,high_risk,1.04,76.16,47.84,34.49,64.91,40.3315,14.52,3,4,3,1,1,1,0,5,92234.53,0.28,low,0.0
CUST016193,852,excellent,99.37,99.93,91.16,39.09,96.04,91.9473,4.93,19,0,0,0,0,0,0,0,53451.25,0.0672,low,0.0
CUST016194,834,excellent,98.0,90.22,90.01,43.66,97.24,88.9597,7.61,14,0,0,0,0,0,0,1,20793.84,0.1315,low,0.0
CUST016195,787,excellent,90.77,89.46,75.47,30.04,82.69,81.2012,12.12,9,1,0,0,0,0,0,2,173863.54,0.0259,low,0.0
CUST016196,780,excellent,72.58,90.24,87.38,48.58,95.46,79.9889,2.5,14,0,1,0,0,0,0,7,31032.28,0.1091,low,0.0
CUST016197,756,excellent,74.82,88.87,54.87,49.34,99.59,75.9738,0.13,4,0,0,0,0,0,0,1,62634.29,0.075,low,0.0
CUST016198,831,excellent,94.23,94.35,77.84,69.56,85.33,88.4495,0.91,5,1,0,0,0,0,1,1,869499.88,0.8981,low,0.5
CUST016199,780,excellent,88.12,93.57,43.29,51.19,94.95,80.0193,0.09,1,0,0,0,0,0,1,5,94647.86,0.6605,low,0.1667
CUST016200,711,good,70.59,94.26,21.71,31.25,92.03,68.5695,2.79,0,0,0,0,0,0,0,2,325827.1,0.0314,low,0.0
CUST016201,811,excellent,99.84,83.27,93.26,31.69,81.53,85.2358,11.44,17,1,0,0,0,0,0,6,233663.46,0.1224,low,0.0
CUST016202,831,excellent,95.36,86.13,98.97,48.62,94.95,88.417,11.0,14,0,0,0,0,0,1,6,242822.47,0.9841,low,0.1429
CUST016203,819,excellent,89.02,99.83,87.6,30.61,91.99,86.5043,1.32,15,0,0,0,0,0,0,4,83401.56,0.0453,low,0.0
CUST016204,756,excellent,61.03,92.88,87.53,68.64,78.48,76.0629,3.08,12,2,3,0,0,0,1,4,135543.3,1.0987,low,0.2
CUST016205,734,good,51.17,92.64,97.58,77.31,42.61,72.3285,3.01,20,3,3,0,0,0,1,1,47508.92,0.6882,low,0.5
CUST016206,651,risky,29.01,88.82,82.15,33.89,60.59,58.5706,3.22,7,4,1,0,0,0,0,2,350065.75,0.1816,low,0.0
CUST016207,780,excellent,88.34,81.76,57.89,64.03,94.0,79.9348,12.74,3,0,0,0,0,0,1,2,30543.53,0.7833,low,0.3333
CUST016208,856,excellent,95.49,94.7,96.48,74.4,88.45,92.5874,5.29,20,1,0,0,0,0,1,7,146261.83,0.7098,low,0.125
CUST016209,799,excellent,95.94,96.07,46.32,45.68,92.52,83.1696,6.64,2,0,0,0,0,0,0,1,113723.36,0.0072,low,0.0
CUST016210,734,good,89.22,88.31,18.86,31.69,85.68,72.2848,5.31,0,1,0,0,0,0,0,5,223927.08,0.0178,low,0.0
CUST016211,709,good,66.47,79.06,57.34,35.62,90.28,68.1737,13.41,4,1,0,0,0,0,0,2,127781.41,0.0608,low,0.0
CUST016212,634,high_risk,25.98,84.26,52.68,65.27,79.5,55.7496,11.13,2,2,7,0,0,0,1,6,75738.83,1.6517,moderate,0.1429
CUST016213,645,high_risk,47.25,45.75,96.57,52.32,74.43,57.4238,58.63,11,2,2,0,0,0,0,2,28543.01,0.1618,low,0.0
CUST016214,654,risky,46.15,81.85,57.37,44.29,53.2,59.0615,11.73,2,4,4,0,0,0,0,1,104922.18,0.1797,low,0.0
CUST016215,774,excellent,88.65,88.05,47.19,61.12,84.38,79.071,3.62,3,1,0,0,0,0,1,1,444281.02,0.8932,low,0.5
CUST016216,815,excellent,98.25,79.77,99.51,32.66,92.78,85.789,13.42,14,0,0,0,0,0,0,7,177133.21,0.072,low,0.0
CUST016217,707,good,50.88,92.88,57.28,40.48,95.61,67.8752,3.41,3,0,3,0,0,0,0,0,297183.85,0.2151,low,0.0
CUST016218,781,excellent,93.66,99.24,32.51,30.69,96.59,80.1582,8.97,0,0,0,0,0,0,0,7,90933.44,0.158,low,0.0
CUST016219,817,excellent,86.13,95.84,90.2,48.01,89.67,86.1945,7.65,15,1,0,0,0,0,0,3,356415.31,0.1569,low,0.0
CUST016220,812,excellent,99.69,84.21,85.4,38.09,85.35,85.3063,11.72,11,1,0,0,0,0,0,5,30968.84,0.0448,low,0.0
CUST016221,741,good,48.21,97.34,87.46,46.03,96.7,73.4673,5.68,10,0,2,0,0,0,0,0,38812.69,0.0037,low,0.0
CUST016222,822,excellent,92.24,90.12,93.41,46.05,90.33,86.9719,8.78,12,1,0,0,0,0,0,5,136672.27,0.0522,low,0.0
CUST016223,824,excellent,95.45,84.16,83.11,63.67,97.92,87.2781,13.3,6,0,0,0,0,0,1,4,136419.26,0.4039,low,0.2
CUST016224,845,excellent,91.33,97.89,91.54,68.25,89.42,90.8307,3.52,17,1,0,0,0,0,1,6,312079.7,0.5019,low,0.1429
CUST016225,831,excellent,99.59,89.34,92.14,38.22,92.08,88.5073,6.22,18,0,0,0,0,0,0,5,141510.95,0.038,low,0.0
CUST016226,817,excellent,98.5,76.07,98.58,45.94,94.33,86.1097,10.59,18,0,0,0,0,0,0,6,96737.78,0.1006,low,0.0
CUST016227,813,excellent,87.64,96.05,67.98,68.67,89.61,85.5142,4.71,8,1,0,0,0,0,1,3,20245.38,0.3955,low,0.25
CUST016228,711,good,85.74,37.8,69.66,70.92,95.52,68.439,56.76,6,0,0,0,0,0,1,0,27107.31,0.9578,low,0.5
CUST016229,626,high_risk,32.37,93.51,35.78,60.66,44.9,54.3064,7.65,1,4,1,0,0,0,1,2,125332.29,1.1076,low,0.3333
CUST016230,766,excellent,95.1,76.69,50.92,42.27,95.64,77.7207,13.18,3,0,0,0,0,0,0,3,245252.31,0.1111,low,0.0
CUST016231,743,good,71.1,76.23,86.25,32.16,98.47,73.7563,14.68,11,0,0,0,0,0,0,7,15337.02,0.0484,low,0.0
CUST016232,848,excellent,96.38,84.85,92.78,94.46,87.88,91.3386,11.27,16,1,0,0,0,0,2,5,276786.57,0.5404,low,0.2857
CUST016233,721,good,59.01,78.95,96.84,79.64,43.88,70.2132,10.42,12,3,4,0,0,0,1,7,14959.66,1.226,low,0.125
CUST016234,786,excellent,95.91,82.27,42.39,67.78,95.32,80.9175,12.89,1,0,0,0,0,0,1,3,328861.06,0.4062,low,0.25
CUST016235,806,excellent,92.96,83.64,65.61,77.49,90.36,84.2552,13.87,6,1,0,0,0,0,1,3,365183.72,0.4019,low,0.25
CUST016236,826,excellent,94.28,95.04,89.16,43.54,84.2,87.6569,8.7,14,1,0,0,0,0,0,6,423030.67,0.075,low,0.0
CUST016237,839,excellent,93.62,90.96,84.01,75.84,95.98,89.8375,1.22,7,0,0,0,0,0,1,7,141744.36,0.6799,low,0.125
CUST016238,762,excellent,86.43,89.94,45.06,30.85,99.59,77.0367,12.23,2,0,0,0,0,0,0,0,781073.5,0.0333,low,0.0
CUST016239,781,excellent,89.73,88.04,67.93,33.42,88.95,80.2431,8.21,7,1,0,0,0,0,0,6,182114.52,0.0976,low,0.0
CUST016240,788,excellent,87.76,83.78,88.0,39.58,83.72,81.3817,12.89,14,1,0,0,0,0,0,1,105543.58,0.0451,low,0.0
CUST016241,813,excellent,87.09,91.66,81.14,56.9,97.42,85.5804,9.85,8,0,0,0,0,0,1,2,64915.75,0.3648,low,0.3333
CUST016242,814,excellent,97.18,76.35,84.59,77.85,82.5,85.6432,11.92,6,1,0,0,0,0,1,3,12269.99,0.8829,low,0.25
CUST016243,777,excellent,88.57,88.65,48.76,47.72,97.61,79.4423,1.62,1,0,0,0,0,0,0,0,39746.53,0.0598,low,0.0
CUST016244,723,good,50.41,98.5,88.02,62.69,48.06,70.4697,9.4,13,3,3,0,0,0,1,0,115838.81,1.3145,low,0.5
CUST016245,609,high_risk,3.53,95.54,79.37,48.89,47.68,51.4576,9.51,6,4,7,0,1,1,0,4,67531.2,0.6272,low,0.0
CUST016246,842,excellent,94.9,90.31,95.43,60.3,96.83,90.3384,1.14,13,0,0,0,0,0,1,0,248344.26,0.7168,low,0.5
CUST016247,677,risky,52.13,97.37,14.99,40.23,91.22,62.8483,8.23,0,0,1,0,0,0,0,0,28507.93,0.1968,low,0.0
CUST016248,805,excellent,97.72,88.93,68.07,45.44,85.77,84.2135,1.18,6,1,0,0,0,0,0,7,165271.92,0.0422,low,0.0
CUST016249,684,risky,52.17,75.37,65.04,44.93,88.31,63.9504,11.64,6,1,3,0,0,0,0,1,315279.27,0.1047,low,0.0
CUST016250,839,excellent,92.06,90.66,87.93,75.24,96.79,89.8138,7.61,11,0,0,0,0,0,1,4,258647.34,0.522,low,0.2
CUST016251,753,excellent,88.33,89.68,23.04,45.34,97.29,75.5386,7.48,0,0,0,0,0,0,0,7,550746.51,0.0257,low,0.0
CUST016252,775,excellent,90.4,73.58,80.4,50.35,83.8,79.1875,35.24,8,1,0,0,0,0,1,2,121358.81,0.3736,low,0.3333
CUST016253,810,excellent,88.5,88.27,95.55,40.75,90.97,84.9623,4.21,18,0,0,0,0,0,0,2,222704.15,0.1063,low,0.0
CUST016254,756,excellent,86.45,84.88,45.81,39.0,95.46,76.04,12.39,3,0,0,0,0,0,0,3,247014.3,0.1512,low,0.0
CUST016255,834,excellent,94.79,96.05,79.95,64.53,85.21,88.9599,5.41,6,1,0,0,0,0,1,3,908972.98,0.8508,low,0.25
CUST016256,840,excellent,92.57,98.34,99.97,48.38,82.04,89.9398,9.86,10,1,0,0,0,0,0,7,25131.22,0.0583,low,0.0
CUST016257,762,excellent,96.19,91.57,10.16,48.77,94.99,77.0349,7.97,0,0,0,0,0,0,0,7,1402284.69,0.1638,low,0.0
CUST016258,768,excellent,90.36,78.09,49.11,62.67,93.47,78.0359,13.49,3,0,0,0,0,0,1,4,80601.13,0.5968,low,0.2
CUST016259,790,excellent,71.94,97.87,89.5,53.39,83.6,81.6635,2.02,18,1,1,0,0,0,1,3,25790.15,0.6127,low,0.25
CUST016260,822,excellent,86.84,88.94,94.48,66.19,91.3,86.9975,4.33,11,0,0,0,0,0,1,5,90256.34,0.5802,low,0.1667
CUST016261,743,good,60.97,97.16,89.74,43.07,55.46,73.8007,3.67,20,3,4,0,0,0,0,0,86908.62,0.1302,low,0.0
CUST016262,790,excellent,85.78,96.5,66.48,35.94,91.69,81.7116,2.43,7,0,0,0,0,0,0,3,219377.79,0.1221,low,0.0
CUST016263,757,excellent,99.5,85.98,11.17,42.71,95.38,76.1028,13.06,0,0,0,0,0,0,0,2,130295.38,0.0738,low,0.0
CUST016264,821,excellent,95.25,93.84,57.7,72.34,94.03,86.7815,9.97,3,0,0,0,0,0,1,7,142977.94,0.7418,low,0.125
CUST016265,797,excellent,87.0,86.33,99.6,41.47,74.4,82.8762,14.86,13,2,0,0,0,0,0,5,54681.96,0.0139,low,0.0
CUST016266,834,excellent,98.18,88.65,89.05,50.39,96.25,88.978,10.34,13,0,0,0,0,0,1,3,73357.11,0.8951,low,0.25
CUST016267,815,excellent,96.76,87.5,60.35,69.55,97.58,85.8811,10.51,4,0,0,0,0,0,1,6,31762.72,0.4444,low,0.1429
CUST016268,841,excellent,89.18,92.86,89.85,75.91,99.64,90.1021,9.42,14,0,0,0,0,0,1,6,767799.93,0.821,low,0.1429
CUST016269,691,risky,42.59,91.62,68.3,43.68,81.29,65.1335,7.94,9,1,3,0,0,0,0,7,129744.29,0.1254,low,0.0
CUST016270,751,excellent,95.04,69.66,45.04,45.95,96.22,75.1363,39.47,1,0,0,0,0,0,0,6,97370.56,0.1062,low,0.0
CUST016271,755,excellent,86.73,76.4,56.23,44.95,96.82,75.8897,10.04,4,0,0,0,0,0,0,7,75244.19,0.1025,low,0.0
CUST016272,792,excellent,65.14,95.27,86.35,82.96,93.63,81.9933,4.37,12,0,0,0,0,0,2,0,142180.76,0.6804,low,0.6667
CUST016273,645,high_risk,14.33,93.3,97.81,36.7,61.28,57.4746,9.98,18,3,6,1,1,1,0,7,57287.36,0.3411,low,0.0
CUST016274,767,excellent,88.27,88.78,44.88,40.07,95.17,77.785,1.88,1,0,0,0,0,0,0,1,367608.25,0.0189,low,0.0
CUST016275,846,excellent,95.18,97.56,85.08,61.07,95.2,90.969,5.63,10,0,0,0,0,0,1,0,132780.11,0.878,low,0.5
CUST016276,799,excellent,93.32,87.47,56.86,60.73,96.32,83.1365,12.07,3,0,0,0,0,0,2,6,48523.14,0.5698,low,0.25
CUST016277,637,high_risk,71.06,37.94,38.93,64.3,75.89,56.1131,52.73,1,2,0,0,0,0,0,0,36520.68,0.096,low,0.0
CUST016278,679,risky,44.39,89.1,86.76,30.3,48.65,63.1756,6.74,20,4,1,0,0,0,0,3,66646.31,0.1364,low,0.0
CUST016279,633,high_risk,7.99,98.39,87.83,46.96,52.34,55.4189,1.4,20,4,3,0,1,1,0,2,26142.17,0.4762,low,0.0
CUST016280,809,excellent,86.56,83.4,86.32,77.34,88.64,84.8615,14.73,15,1,0,0,0,0,2,0,197913.61,0.8007,low,0.6667
CUST016281,786,excellent,91.08,79.18,98.58,31.7,74.19,81.0063,11.8,10,2,0,0,0,0,0,3,110054.69,0.0052,low,0.0
CUST016282,786,excellent,92.37,89.26,52.12,41.74,99.64,81.0648,7.95,2,0,0,0,0,0,0,3,169372.65,0.1412,low,0.0
CUST016283,761,excellent,85.06,93.19,52.25,45.89,66.85,76.8399,2.21,3,2,0,0,0,0,1,6,45363.07,0.6996,low,0.1429
CUST016284,736,good,57.0,99.82,79.54,75.86,41.91,72.6048,3.81,6,3,2,0,0,0,1,1,273597.26,1.352,low,0.5
CUST016285,820,excellent,88.07,88.14,90.46,73.82,83.75,86.5919,1.07,16,1,0,0,0,0,1,5,96616.8,0.512,low,0.1667
CUST016286,838,excellent,91.36,91.14,94.68,62.4,99.13,89.6754,0.72,13,0,0,0,0,0,1,2,17439.77,0.4469,low,0.3333
CUST016287,837,excellent,95.54,90.74,99.34,48.63,90.41,89.4644,0.53,14,1,0,0,0,0,0,7,70810.54,0.1017,low,0.0
CUST016288,793,excellent,90.64,88.84,73.64,31.14,96.85,82.2206,7.35,7,0,0,0,0,0,0,1,22745.27,0.029,low,0.0
CUST016289,802,excellent,94.66,85.57,51.15,74.25,96.96,83.5929,13.74,4,0,0,0,0,0,2,0,237343.03,0.6481,low,0.6667
CUST016290,819,excellent,88.76,97.43,88.64,32.25,97.62,86.5773,4.87,13,0,0,0,0,0,0,3,73180.65,0.1398,low,0.0
CUST016291,769,excellent,69.42,89.71,80.6,63.45,86.01,78.2454,0.22,5,1,0,0,0,0,1,4,121055.66,0.3956,low,0.2
CUST016292,850,excellent,91.15,91.63,94.34,86.0,95.16,91.6582,0.53,16,0,0,0,0,0,2,5,248935.97,0.5107,low,0.2857
CUST016293,781,excellent,92.16,99.98,25.61,47.0,93.26,80.1179,2.91,0,0,0,0,0,0,0,4,177796.51,0.073,low,0.0
CUST016294,843,excellent,98.47,99.0,82.44,45.29,94.3,90.4892,2.97,6,0,0,0,0,0,1,5,182191.27,0.4139,low,0.1667
CUST016295,859,excellent,97.76,92.6,92.22,78.32,94.84,93.1484,8.37,20,0,0,0,0,0,2,5,329209.29,0.379,low,0.2857
CUST016296,799,excellent,95.77,75.39,80.16,52.36,97.79,83.1751,14.6,7,0,0,0,0,0,1,5,538182.16,0.6815,low,0.1667
CUST016297,819,excellent,93.39,90.65,60.96,82.64,91.92,86.4831,7.04,3,1,0,0,0,0,2,3,297171.88,0.812,low,0.4
CUST016298,667,risky,35.03,97.08,45.42,41.19,88.61,61.1767,0.12,1,1,1,0,0,0,0,2,42031.48,0.0745,low,0.0
CUST016299,602,high_risk,21.25,84.19,66.85,41.17,34.16,50.2535,12.36,6,5,7,0,0,0,0,4,23525.18,0.6027,low,0.0
CUST016300,831,excellent,96.46,97.87,79.0,38.72,96.93,88.5387,0.63,9,0,0,0,0,0,0,5,139656.11,0.0296,low,0.0
CUST016301,801,excellent,86.36,96.63,89.14,33.8,76.11,83.5785,7.34,18,2,0,0,0,0,0,6,85712.66,0.0872,low,0.0
CUST016302,750,excellent,56.14,95.41,97.87,47.43,73.45,75.042,8.85,15,2,4,0,0,0,0,2,55151.63,0.018,low,0.0
CUST016303,822,excellent,90.17,99.77,78.36,39.52,97.27,86.925,0.81,5,0,0,0,0,0,0,4,99019.38,0.1124,low,0.0
CUST016304,772,excellent,78.42,81.8,84.13,51.29,90.06,78.7412,11.25,8,0,0,0,0,0,1,2,89601.16,0.343,low,0.3333
CUST016305,769,excellent,98.32,95.99,17.61,30.27,92.97,78.1736,3.17,0,0,0,0,0,0,0,2,108079.09,0.1251,low,0.0
CUST016306,803,excellent,96.65,88.65,72.56,31.1,93.91,83.8066,1.74,8,0,0,0,0,0,0,2,40023.23,0.0763,low,0.0
CUST016307,817,excellent,89.42,88.43,90.87,54.42,93.07,86.2031,12.81,17,0,0,0,0,0,1,2,143178.87,0.8081,low,0.3333
CUST016308,811,excellent,91.26,92.02,75.74,49.28,93.98,85.2332,5.62,8,0,0,0,0,0,0,2,112329.45,0.0113,low,0.0
CUST016309,798,excellent,92.41,81.82,66.93,67.49,93.18,82.9978,13.86,8,0,0,0,0,0,1,3,66026.38,0.4081,low,0.25
CUST016310,709,good,75.98,79.52,39.92,37.84,80.16,68.2373,14.19,1,1,1,0,0,0,0,0,135352.79,0.0405,low,0.0
CUST016311,836,excellent,98.7,94.28,96.84,31.62,88.83,89.397,4.21,11,1,0,0,0,0,0,6,99758.26,0.0638,low,0.0
CUST016312,832,excellent,91.7,98.59,94.96,34.02,92.77,88.5943,2.09,12,0,0,0,0,0,0,1,27603.79,0.1647,low,0.0
CUST016313,724,good,58.31,94.04,67.46,49.09,70.73,70.7205,0.26,6,2,2,0,0,0,0,2,52762.49,0.1411,low,0.0
CUST016314,816,excellent,87.05,92.74,86.39,62.97,84.58,86.0036,5.19,15,1,0,0,0,0,1,3,333722.07,0.6808,low,0.25
CUST016315,818,excellent,92.49,81.41,83.63,74.37,96.09,86.3857,10.01,6,0,0,0,0,0,1,3,161502.57,0.5681,low,0.25
CUST016316,765,excellent,91.35,90.03,32.76,39.8,95.8,77.4568,1.47,0,0,0,0,0,0,0,5,33478.84,0.0149,low,0.0
CUST016317,612,high_risk,31.74,92.29,45.09,36.99,27.11,51.9697,6.94,1,6,2,0,0,0,0,2,31142.45,0.1992,low,0.0
CUST016318,801,excellent,94.85,84.22,85.04,34.27,87.84,83.4299,10.11,17,1,0,0,0,0,0,2,91424.56,0.0869,low,0.0
CUST016319,755,excellent,61.42,89.92,98.42,33.84,92.94,75.9161,14.0,17,0,2,0,0,0,0,3,46067.71,0.2313,low,0.0
CUST016320,785,excellent,92.53,85.03,46.29,64.6,94.87,80.7871,23.65,3,0,0,0,0,0,1,6,56061.3,0.9556,low,0.1429
CUST016321,803,excellent,85.76,89.4,91.19,41.7,91.05,83.7908,5.31,18,0,0,0,0,0,0,5,244084.56,0.0101,low,0.0
CUST016322,791,excellent,88.69,95.82,64.51,32.52,90.87,81.8035,1.82,3,0,0,0,0,0,0,5,35453.23,0.1297,low,0.0
CUST016323,788,excellent,98.7,67.41,76.76,64.32,85.9,81.3049,48.58,8,1,0,0,0,0,0,5,42866.76,0.1264,low,0.0
CUST016324,777,excellent,99.61,91.85,40.12,32.58,77.37,79.4315,4.41,1,2,0,0,0,0,0,7,55719.96,0.1053,low,0.0
CUST016325,834,excellent,89.23,99.93,82.25,65.92,88.63,89.0029,4.62,9,1,0,0,0,0,1,5,113450.73,0.4844,low,0.1667
CUST016326,841,excellent,98.47,94.89,88.19,42.34,98.23,90.2185,7.91,13,0,0,0,0,0,0,7,38246.55,0.1122,low,0.0
CUST016327,783,excellent,89.55,97.03,52.89,38.75,82.23,80.4832,7.31,2,1,0,0,0,0,0,1,76668.17,0.1097,low,0.0
CUST016328,797,excellent,98.95,75.47,85.0,37.95,90.9,82.9061,12.18,6,0,0,0,0,0,0,5,72374.4,0.031,low,0.0
CUST016329,775,excellent,98.09,89.29,32.28,50.77,80.73,79.1134,13.75,1,1,0,0,0,0,1,2,179136.06,0.9979,low,0.3333
CUST016330,834,excellent,90.4,93.2,98.91,48.92,96.88,89.0159,3.71,13,0,0,0,0,0,0,4,82022.05,0.0953,low,0.0
CUST016331,768,excellent,86.65,76.07,85.73,36.09,83.35,77.9548,12.73,19,1,0,0,0,0,0,4,134402.64,0.0675,low,0.0
CUST016332,762,excellent,78.41,90.49,55.6,49.4,91.71,77.0415,5.24,2,0,1,0,0,0,0,3,203620.12,0.1263,low,0.0
CUST016333,767,excellent,99.65,80.13,36.24,36.69,98.6,77.8819,13.41,1,0,0,0,0,0,0,5,41795.75,0.0891,low,0.0
CUST016334,616,high_risk,27.79,89.35,49.99,62.16,34.02,52.6473,9.36,3,5,3,0,0,0,1,6,38990.55,1.3841,low,0.1429
CUST016335,790,excellent,94.76,93.05,44.43,49.29,89.82,81.6566,7.76,1,1,0,0,0,0,0,0,32548.58,0.1216,low,0.0
CUST016336,700,good,43.05,98.92,73.68,44.26,64.28,66.6486,7.18,8,3,1,0,0,0,0,4,60768.76,0.0099,low,0.0
CUST016337,765,excellent,70.57,83.18,85.09,54.97,95.51,77.4624,13.63,12,0,0,0,0,0,1,0,26650.64,0.7666,low,0.5
CUST016338,760,excellent,93.39,60.96,71.37,64.53,85.86,76.7205,45.82,8,1,0,0,0,0,1,6,176572.05,0.6878,low,0.1429
CUST016339,857,excellent,96.96,94.15,84.9,81.01,98.87,92.9042,0.86,8,0,0,0,0,0,2,0,196364.35,0.7667,low,0.6667
CUST016340,801,excellent,90.09,95.4,67.18,35.48,97.64,83.5417,2.06,7,0,0,0,0,0,0,5,279453.01,0.0267,low,0.0
CUST016341,663,risky,60.16,88.49,11.7,40.36,71.52,60.5489,9.93,0,2,4,0,0,0,0,7,61239.9,0.0655,low,0.0
CUST016342,689,risky,42.03,88.42,90.98,30.89,68.59,64.8308,3.06,11,2,2,0,0,0,0,1,113411.72,0.1139,low,0.0
CUST016343,753,excellent,67.77,94.34,48.78,69.55,91.67,75.4607,2.57,3,0,0,0,0,0,1,6,7792.43,0.5843,low,0.1429
CUST016344,821,excellent,93.85,84.9,69.35,83.51,97.01,86.7713,11.07,7,0,0,0,0,0,2,6,201702.34,0.9454,low,0.25
CUST016345,782,excellent,96.49,84.12,45.37,62.36,82.67,80.3174,11.97,3,1,0,0,0,0,1,3,212151.38,0.8126,low,0.25
CUST016346,840,excellent,86.76,96.52,93.85,66.83,98.54,89.9325,6.9,15,0,0,0,0,0,1,4,107637.25,0.4531,low,0.2
CUST016347,807,excellent,90.1,89.16,89.95,36.62,90.47,84.4826,9.82,15,0,0,0,0,0,0,7,195954.35,0.1645,low,0.0
CUST016348,613,high_risk,28.1,97.36,20.45,44.16,56.22,52.1456,6.92,0,3,3,0,0,1,0,7,209671.91,0.6313,low,0.0
CUST016349,784,excellent,85.85,75.94,96.34,39.13,95.4,80.7322,10.56,10,0,0,0,0,0,0,0,243326.12,0.1462,low,0.0
CUST016350,836,excellent,99.13,96.25,90.81,34.96,86.57,89.3461,0.78,19,1,0,0,0,0,0,4,121065.07,0.1651,low,0.0
CUST016351,607,high_risk,32.08,88.35,46.85,43.14,20.97,51.1698,3.44,4,5,4,0,0,0,0,5,78069.07,0.227,low,0.0
CUST016352,708,good,68.11,93.68,21.06,30.44,98.39,67.9816,4.63,0,0,0,0,0,0,0,0,168619.86,0.0016,low,0.0
CUST016353,843,excellent,99.09,86.16,96.64,59.04,95.36,90.463,11.06,12,0,0,0,0,0,1,6,103275.52,0.8604,low,0.1429
CUST016354,839,excellent,85.62,98.55,98.41,64.38,91.28,89.8582,7.8,10,0,0,0,0,0,1,4,68036.0,0.6134,low,0.2
CUST016355,797,excellent,89.91,90.03,65.5,73.54,72.53,82.9105,9.21,5,2,0,0,0,0,1,1,105680.57,0.7378,low,0.5
CUST016356,836,excellent,90.09,96.52,96.6,52.1,90.78,89.2668,0.94,15,0,0,0,0,0,1,1,160943.52,0.3956,low,0.5
CUST016357,625,high_risk,18.16,89.05,69.19,68.63,48.7,54.182,10.36,9,4,6,0,0,0,1,5,26090.62,1.6274,moderate,0.1667
CUST016358,686,risky,64.82,84.14,49.07,40.52,49.65,64.3066,10.09,1,3,2,0,0,0,0,0,167862.93,0.0671,low,0.0
CUST016359,812,excellent,93.07,87.46,60.14,77.5,98.25,85.4072,12.15,4,0,0,0,0,0,1,4,439300.37,0.6099,low,0.2
CUST016360,681,risky,35.38,92.88,70.96,34.02,91.4,63.4332,7.27,9,1,2,0,0,0,0,6,219989.79,0.0845,low,0.0
CUST016361,795,excellent,86.55,92.14,59.15,76.81,80.39,82.5269,9.36,3,1,0,0,0,0,2,5,65556.36,0.3928,low,0.2857
CUST016362,605,high_risk,9.84,97.52,69.48,47.03,30.41,50.8654,6.95,6,6,7,1,0,1,0,2,40378.61,0.65,low,0.0
CUST016363,827,excellent,94.68,87.49,98.32,39.2,97.37,87.7892,14.3,15,0,0,0,0,0,0,2,122327.66,0.1566,low,0.0
CUST016364,687,risky,40.67,93.48,88.42,31.36,57.58,64.4352,2.48,20,3,1,0,0,0,0,5,132338.27,0.0507,low,0.0
CUST016365,804,excellent,89.75,88.23,71.9,54.38,99.62,84.0685,4.22,9,0,0,0,0,0,1,3,92258.55,0.3509,low,0.25
CUST016366,706,good,42.44,89.19,86.67,38.57,91.64,67.6306,6.26,16,1,4,0,0,0,0,2,158839.74,0.0975,low,0.0
CUST016367,568,high_risk,11.44,89.53,11.09,79.06,51.56,44.591,0.34,0,4,5,0,0,0,1,1,110764.95,1.6827,moderate,0.5
CUST016368,757,excellent,98.88,79.71,26.03,41.38,96.21,76.1852,12.65,0,0,0,0,0,0,0,6,90121.71,0.0416,low,0.0
CUST016369,838,excellent,87.28,98.7,97.37,64.42,84.42,89.6472,1.69,13,1,0,0,0,0,1,6,133522.24,0.4561,low,0.1429
CUST016370,825,excellent,88.73,89.46,83.76,79.37,91.09,87.5025,14.07,6,0,0,0,0,0,1,2,173377.33,0.824,low,0.3333
CUST016371,739,good,85.91,88.98,18.93,38.92,96.99,73.1922,3.73,0,0,0,0,0,0,0,3,263420.96,0.0567,low,0.0
CUST016372,650,risky,26.64,98.28,60.33,66.4,48.04,58.3019,0.34,2,4,8,0,0,0,1,4,19031.19,1.2297,low,0.2
CUST016373,819,excellent,92.89,92.09,78.26,56.05,89.59,86.4414,3.82,8,1,0,0,0,0,1,0,22881.09,0.9261,low,0.5
CUST016374,819,excellent,91.75,82.06,96.16,65.81,87.31,86.4672,10.13,12,1,0,0,0,0,1,5,204981.9,0.6844,low,0.1667
CUST016375,791,excellent,90.61,77.76,91.67,36.06,95.02,81.9002,14.18,12,0,0,0,0,0,0,4,195928.04,0.0482,low,0.0
CUST016376,767,excellent,64.51,98.47,66.84,75.3,91.52,77.8278,0.14,6,1,1,0,0,0,1,7,33370.05,1.162,low,0.125
CUST016377,746,good,60.95,92.01,72.33,73.84,81.7,74.3378,4.54,9,1,4,0,0,0,1,0,394357.89,1.111,low,0.5
CUST016378,823,excellent,85.24,95.3,85.63,59.39,99.51,87.1595,2.09,14,0,0,0,0,0,1,5,52657.4,0.464,low,0.1667
CUST016379,719,good,69.06,93.55,30.08,31.8,99.1,69.8373,2.23,0,0,1,0,0,0,0,5,78103.8,0.0488,low,0.0
CUST016380,766,excellent,86.86,89.63,43.76,38.39,99.31,77.624,4.89,1,0,0,0,0,0,0,5,76193.19,0.0518,low,0.0
CUST016381,821,excellent,89.51,86.55,92.92,61.37,95.25,86.8945,12.17,19,0,0,0,0,0,1,6,56579.98,0.5707,low,0.1429
CUST016382,769,excellent,86.2,77.51,80.7,41.18,85.56,78.2048,12.26,8,1,0,0,0,0,0,1,135144.36,0.1207,low,0.0
CUST016383,816,excellent,93.08,82.38,86.44,77.38,80.68,86.0621,10.01,14,1,0,0,0,0,1,1,15083.03,0.6446,low,0.5
CUST016384,707,good,58.06,76.91,74.73,49.22,83.33,67.8573,10.66,7,1,2,0,0,0,0,0,205328.12,0.1182,low,0.0
CUST016385,844,excellent,99.96,96.08,86.01,49.56,89.41,90.6069,7.43,10,1,0,0,0,0,1,3,33161.02,0.5272,low,0.25
CUST016386,705,good,51.48,88.37,66.44,49.17,80.73,67.4828,12.39,8,1,1,0,0,0,0,3,340560.61,0.116,low,0.0
CUST016387,826,excellent,87.23,91.37,84.48,70.69,99.85,87.6689,4.31,5,0,0,0,0,0,2,0,100256.98,0.9076,low,0.6667
CUST016388,847,excellent,99.01,99.64,90.06,43.58,88.09,91.2237,8.02,10,1,0,0,0,0,0,6,140540.35,0.0652,low,0.0
CUST016389,731,good,53.75,88.97,72.0,79.69,85.79,71.8503,10.87,6,1,1,0,0,0,1,2,71014.93,1.3899,low,0.3333
CUST016390,794,excellent,99.02,91.11,31.65,60.86,95.04,82.3287,8.28,1,0,0,0,0,0,1,3,32089.11,0.6754,low,0.25
CUST016391,774,excellent,93.47,97.05,25.44,40.36,94.02,79.0812,2.92,0,0,0,0,0,0,0,3,60711.91,0.0932,low,0.0
CUST016392,749,good,98.0,80.91,24.15,38.28,88.67,74.89,11.54,0,1,0,0,0,0,0,0,768076.67,0.1023,low,0.0
CUST016393,576,high_risk,9.26,87.32,47.06,47.07,48.55,46.0542,14.83,2,3,0,1,1,1,0,0,80536.31,0.6005,low,0.0
CUST016394,627,high_risk,9.59,93.42,98.09,35.33,48.24,54.451,4.43,10,3,6,1,1,1,0,0,204189.51,0.4824,low,0.0
CUST016395,702,good,41.38,91.81,95.31,31.82,74.67,66.9738,3.3,20,2,4,0,0,0,0,2,587612.7,0.0161,low,0.0
CUST016396,798,excellent,86.87,94.04,57.51,68.54,88.39,82.9368,6.96,4,1,0,0,0,0,1,6,75756.93,0.5169,low,0.1429
CUST016397,806,excellent,96.69,99.33,43.07,48.74,94.08,84.3809,4.72,1,0,0,0,0,0,0,3,101075.7,0.0691,low,0.0
CUST016398,572,high_risk,5.9,92.51,52.01,39.25,37.22,45.2651,4.57,3,5,3,0,1,1,0,6,67052.81,0.5049,low,0.0
CUST016399,761,excellent,79.71,95.61,45.1,43.52,90.65,76.7662,3.78,4,0,0,0,0,0,0,1,440740.11,0.0608,low,0.0
CUST016400,741,good,85.48,77.34,49.36,35.79,93.3,73.4359,13.74,2,0,0,0,0,0,0,0,173568.91,0.0983,low,0.0
CUST016401,771,excellent,85.6,76.13,67.27,58.35,97.33,78.4598,26.71,8,0,0,0,0,0,1,5,21697.94,0.8548,low,0.1667
CUST016402,801,excellent,86.68,76.61,94.93,59.06,99.67,83.4339,10.35,18,0,0,0,0,0,1,7,43981.82,0.6061,low,0.125
CUST016403,750,excellent,50.14,93.65,93.57,79.21,84.77,75.0788,2.49,14,1,3,0,0,0,1,7,127180.85,1.0198,low,0.125
CUST016404,692,risky,49.36,70.81,92.26,62.75,67.47,65.3788,36.82,20,2,4,0,0,0,0,0,236392.29,0.1148,low,0.0
CUST016405,761,excellent,85.99,83.33,53.47,38.5,98.23,76.7873,12.07,2,0,0,0,0,0,0,7,100472.25,0.0252,low,0.0
CUST016406,738,good,76.65,85.49,46.51,48.5,87.62,73.0627,28.86,3,1,1,0,0,0,0,5,24924.16,0.1656,low,0.0
CUST016407,818,excellent,90.61,98.54,71.67,45.07,98.66,86.3985,0.96,7,0,0,0,0,0,1,4,57141.8,0.9953,low,0.2
CUST016408,781,excellent,88.56,77.41,79.53,53.99,85.61,80.1116,12.4,5,1,0,0,0,0,1,5,171151.36,0.456,low,0.1667
CUST016409,791,excellent,85.87,95.11,72.94,38.94,84.94,81.9154,7.7,7,1,0,0,0,0,0,3,18041.63,0.0625,low,0.0
CUST016410,645,high_risk,41.87,88.48,69.37,34.01,24.49,57.4537,5.02,9,5,3,0,0,0,0,2,78054.0,0.0995,low,0.0
CUST016411,622,high_risk,12.84,83.96,84.14,77.46,46.83,53.7319,11.79,5,3,4,1,0,0,1,1,123969.39,1.2605,low,0.5
CUST016412,840,excellent,88.57,92.7,93.37,73.38,98.35,89.9882,9.95,19,0,0,0,0,0,1,7,120834.34,0.5176,low,0.125
CUST016413,826,excellent,88.18,88.82,94.93,79.21,80.22,87.6919,9.66,12,1,0,0,0,0,2,4,11212.08,0.5861,low,0.3333
CUST016414,796,excellent,98.79,88.67,55.82,43.25,87.65,82.6392,9.72,2,1,0,0,0,0,0,5,28698.44,0.1348,low,0.0
CUST016415,828,excellent,97.62,81.27,98.51,50.22,96.97,88.0461,10.91,14,0,0,0,0,0,1,4,39134.99,0.7054,low,0.2
CUST016416,786,excellent,89.19,83.57,74.42,41.36,93.9,80.9753,14.75,6,0,0,0,0,0,0,0,156594.53,0.1109,low,0.0
CUST016417,834,excellent,92.37,94.93,77.55,69.92,96.07,89.0393,8.53,5,0,0,0,0,0,1,0,16555.24,0.8493,low,0.5
CUST016418,816,excellent,93.11,91.99,88.6,31.89,93.14,85.9764,2.88,11,0,0,0,0,0,0,3,26817.31,0.0421,low,0.0
CUST016419,814,excellent,99.5,77.94,78.12,61.75,95.27,85.627,12.79,9,0,0,0,0,0,1,1,65221.93,0.6548,low,0.5
CUST016420,822,excellent,86.33,99.95,87.58,45.53,90.39,86.9296,2.99,19,1,0,0,0,0,0,3,492965.54,0.0041,low,0.0
CUST016421,665,risky,46.14,97.09,28.64,48.58,63.56,60.7874,7.19,0,3,3,0,0,0,0,4,33826.53,0.0073,low,0.0
CUST016422,785,excellent,91.35,88.94,49.05,49.78,97.89,80.7803,14.76,2,0,0,0,0,0,0,0,262644.58,0.0715,low,0.0
CUST016423,809,excellent,91.08,81.99,97.67,42.61,94.96,84.8841,12.23,20,0,0,0,0,0,0,7,127960.17,0.0352,low,0.0
CUST016424,776,excellent,85.75,93.7,57.29,39.89,87.04,79.4092,3.99,2,1,0,0,0,0,0,5,10786.12,0.0771,low,0.0
CUST016425,798,excellent,98.78,79.48,54.36,74.52,89.89,83.014,12.51,2,1,0,0,0,0,1,2,68604.2,0.8607,low,0.3333
CUST016426,829,excellent,96.54,95.48,97.09,43.61,68.23,88.1811,3.72,10,2,0,0,0,0,0,4,421069.4,0.0309,low,0.0
CUST016427,657,risky,25.46,94.19,68.36,35.72,84.59,59.4553,4.48,8,1,3,0,0,1,0,4,126542.07,0.5686,low,0.0
CUST016428,799,excellent,95.37,75.02,85.21,51.72,92.95,83.1332,14.62,18,0,0,0,0,0,1,1,76274.37,0.5003,low,0.5
CUST016429,759,excellent,91.9,93.3,14.76,68.77,72.49,76.494,3.25,0,2,0,0,0,0,1,5,230072.74,0.4102,low,0.1667
CUST016430,838,excellent,91.62,99.1,99.83,37.09,92.53,89.7326,4.44,13,0,0,0,0,0,0,1,100155.77,0.104,low,0.0
CUST016431,815,excellent,86.25,90.59,89.38,54.21,95.92,85.7837,4.44,11,0,0,0,0,0,1,7,1200638.86,0.6532,low,0.125
CUST016432,779,excellent,85.05,90.65,61.72,40.4,95.79,79.8411,3.02,3,0,0,0,0,0,0,2,67983.46,0.0397,low,0.0
CUST016433,748,good,99.64,39.99,93.87,48.32,88.12,74.5955,52.44,13,1,0,0,0,0,0,6,75239.59,0.1577,low,0.0
CUST016434,764,excellent,90.16,80.87,56.46,38.89,90.74,77.2511,14.79,3,1,0,0,0,0,0,5,20440.73,0.0283,low,0.0
CUST016435,751,excellent,69.96,92.71,73.94,35.33,83.14,75.239,8.98,7,1,0,0,0,0,0,6,202719.06,0.1496,low,0.0
CUST016436,826,excellent,96.84,88.32,96.97,34.47,92.84,87.664,9.51,16,0,0,0,0,0,0,3,70361.8,0.0203,low,0.0
CUST016437,794,excellent,98.25,91.54,45.89,39.37,97.1,82.3786,1.44,2,0,0,0,0,0,0,5,55847.29,0.1107,low,0.0
CUST016438,824,excellent,95.36,99.26,70.63,36.71,99.67,87.3867,4.66,5,0,0,0,0,0,0,7,131652.95,0.1658,low,0.0
CUST016439,767,excellent,96.39,84.72,58.91,33.59,65.02,77.8489,14.25,2,2,0,0,0,0,0,2,59287.12,0.0561,low,0.0
CUST016440,639,high_risk,13.58,90.36,96.76,79.85,31.44,56.505,3.67,19,5,4,0,0,0,1,6,20062.52,1.6673,moderate,0.1429
CUST016441,832,excellent,96.24,91.41,91.88,45.31,93.02,88.722,6.57,15,0,0,0,0,0,0,6,1191011.85,0.0325,low,0.0
CUST016442,793,excellent,94.12,78.64,93.97,34.86,81.27,82.2426,10.87,12,1,0,0,0,0,0,6,101525.25,0.0788,low,0.0
CUST016443,650,risky,23.55,90.89,81.55,68.41,47.56,58.338,0.89,8,4,6,0,0,0,1,3,231485.17,1.6083,moderate,0.25
CUST016444,801,excellent,87.75,89.31,86.28,39.94,89.96,83.4365,6.93,18,1,0,0,0,0,0,0,115567.72,0.0554,low,0.0
CUST016445,828,excellent,95.79,79.38,88.49,78.0,95.88,88.0028,13.66,14,0,0,0,0,0,1,6,88620.0,0.512,low,0.1429
CUST016446,715,good,41.36,99.98,85.19,32.22,87.45,69.2164,1.55,10,1,4,0,0,0,0,5,93604.28,0.0971,low,0.0
CUST016447,756,excellent,87.76,96.26,32.1,47.32,67.94,75.9335,8.24,0,2,0,0,0,0,0,7,25858.99,0.1524,low,0.0
CUST016448,856,excellent,93.79,94.63,99.21,67.16,99.24,92.7392,9.22,17,0,0,0,0,0,1,0,45697.86,0.5188,low,0.5
CUST016449,684,risky,51.62,85.05,65.29,37.78,68.36,63.9876,11.68,7,2,1,0,0,0,0,6,168054.45,0.1919,low,0.0
CUST016450,777,excellent,90.34,94.57,44.82,33.48,93.62,79.4206,9.1,1,0,0,0,0,0,0,5,50667.26,0.0936,low,0.0
CUST016451,809,excellent,88.72,83.52,99.27,46.64,92.46,84.9096,11.99,10,0,0,0,0,0,1,2,62772.68,0.3501,low,0.3333
CUST016452,660,risky,28.11,98.66,45.28,70.83,76.55,59.9665,0.11,3,2,6,0,0,0,1,7,224016.32,1.4659,low,0.125
CUST016453,843,excellent,97.56,96.44,78.97,60.35,95.87,90.5429,5.72,8,0,0,0,0,0,1,6,126398.33,0.4971,low,0.1429
CUST016454,802,excellent,76.87,98.22,83.48,47.78,99.51,83.6228,5.57,8,0,0,0,0,0,0,7,57911.82,0.0756,low,0.0
CUST016455,677,risky,42.37,86.77,79.23,32.89,67.84,62.8154,12.49,8,2,4,0,0,0,0,2,152440.73,0.1328,low,0.0
CUST016456,657,risky,42.84,82.88,46.38,32.97,93.19,59.4312,13.19,3,0,2,0,0,0,0,3,73374.67,0.158,low,0.0
CUST016457,780,excellent,99.7,79.92,49.56,43.79,93.98,80.0829,10.53,3,0,0,0,0,0,0,5,24897.5,0.0831,low,0.0
CUST016458,788,excellent,95.19,88.69,58.98,32.8,92.82,81.3321,4.95,4,0,0,0,0,0,0,4,443867.19,0.069,low,0.0
CUST016459,769,excellent,85.73,93.57,38.89,51.82,91.48,78.2404,6.82,1,1,0,0,0,0,1,0,21824.5,0.9637,low,0.5
CUST016460,805,excellent,88.84,95.16,73.94,47.3,86.75,84.1384,8.11,8,1,0,0,0,0,0,4,234939.77,0.0265,low,0.0
CUST016461,579,high_risk,2.04,98.63,48.36,39.05,50.67,46.5285,4.91,3,3,4,0,1,1,0,5,138668.56,0.5692,low,0.0
CUST016462,811,excellent,98.17,76.62,86.21,59.61,89.28,85.1651,11.52,20,1,0,0,0,0,1,4,29989.63,0.8712,low,0.2
CUST016463,665,risky,51.67,91.79,21.47,46.98,73.67,60.9048,4.44,0,2,4,0,0,0,0,1,112435.46,0.1451,low,0.0
CUST016464,615,high_risk,19.21,88.05,62.59,34.92,64.52,52.4729,14.38,2,4,5,1,0,1,0,0,17555.17,0.6258,low,0.0
CUST016465,753,excellent,94.79,92.74,17.6,34.97,83.15,75.4493,5.84,0,1,0,0,0,0,0,2,30917.4,0.0761,low,0.0
CUST016466,781,excellent,79.17,92.15,78.15,33.64,97.31,80.1749,3.78,9,0,0,0,0,0,0,1,39320.53,0.1106,low,0.0
CUST016467,829,excellent,87.42,90.48,99.82,60.74,93.38,88.1256,7.93,19,0,0,0,0,0,1,0,92153.47,0.8569,low,0.5
CUST016468,828,excellent,93.49,88.73,79.85,70.37,96.47,88.0047,0.69,7,0,0,0,0,0,1,0,147429.23,0.6175,low,0.5
CUST016469,799,excellent,92.53,85.17,74.55,44.83,96.0,83.1997,13.99,5,0,0,0,0,0,0,5,109062.36,0.1639,low,0.0
CUST016470,752,excellent,74.6,89.61,67.22,60.24,62.98,75.3973,2.29,8,3,1,0,0,0,1,7,146612.76,0.9868,low,0.125
CUST016471,746,good,75.44,84.91,57.71,37.8,99.66,74.281,12.1,2,0,1,0,0,0,0,7,59170.95,0.1063,low,0.0
CUST016472,709,good,64.76,87.31,47.87,34.44,87.37,68.2226,12.84,2,1,2,0,0,0,0,2,1082984.43,0.009,low,0.0
CUST016473,851,excellent,91.73,99.04,92.93,63.4,98.02,91.8991,9.67,11,0,0,0,0,0,1,5,199581.7,0.3438,low,0.1667
CUST016474,807,excellent,91.61,98.41,64.53,42.76,88.87,84.4297,5.05,2,1,0,0,0,0,0,6,62196.24,0.1286,low,0.0
CUST016475,849,excellent,93.76,95.19,97.23,60.92,94.41,91.4904,5.86,11,0,0,0,0,0,1,2,294869.97,0.8021,low,0.3333
CUST016476,677,risky,49.77,98.19,15.61,49.65,85.84,62.7665,4.51,0,1,1,0,0,0,0,6,189160.5,0.143,low,0.0
CUST016477,798,excellent,92.26,70.46,99.48,52.2,94.09,82.9814,35.75,15,0,0,0,0,0,0,5,17609.53,0.15,low,0.0
CUST016478,801,excellent,95.74,76.23,95.83,40.5,86.86,83.4864,10.81,19,1,0,0,0,0,0,4,232919.33,0.1084,low,0.0
CUST016479,809,excellent,86.65,94.87,86.95,31.07,98.58,84.7954,5.82,13,0,0,0,0,0,0,3,141420.1,0.027,low,0.0
CUST016480,828,excellent,85.86,98.34,95.94,48.35,91.48,87.928,9.94,19,0,0,0,0,0,0,0,263429.64,0.0837,low,0.0
CUST016481,845,excellent,88.73,91.46,91.16,89.06,97.23,90.7966,3.83,11,0,0,0,0,0,2,6,158474.87,0.5018,low,0.25
CUST016482,822,excellent,99.69,88.41,69.84,60.72,90.02,86.9656,11.28,6,1,0,0,0,0,1,6,17045.85,0.4101,low,0.1429
CUST016483,787,excellent,96.86,93.27,46.23,30.45,92.36,81.0986,8.02,2,0,0,0,0,0,0,6,31477.6,0.0034,low,0.0
CUST016484,798,excellent,94.15,68.08,98.04,64.9,84.26,82.9971,36.75,13,1,0,0,0,0,1,6,314447.53,0.9377,low,0.1429
CUST016485,781,excellent,76.25,82.09,81.34,78.99,88.28,80.2457,12.58,8,1,1,0,0,0,1,1,102707.63,0.5555,low,0.5
CUST016486,765,excellent,94.05,90.68,42.0,45.15,65.94,77.531,7.37,1,2,0,0,0,0,0,0,97064.02,0.0066,low,0.0
CUST016487,818,excellent,96.67,90.3,88.35,30.63,91.47,86.3876,5.6,15,0,0,0,0,0,0,6,104280.22,0.1113,low,0.0
CUST016488,795,excellent,90.85,95.17,65.52,36.8,86.8,82.5357,8.74,9,1,0,0,0,0,0,1,41927.09,0.0937,low,0.0
CUST016489,837,excellent,98.95,98.19,96.51,35.65,73.63,89.4917,8.59,20,2,0,0,0,0,0,1,95026.63,0.1571,low,0.0
CUST016490,820,excellent,89.81,92.87,92.16,49.42,86.37,86.697,0.22,19,1,0,0,0,0,0,2,115573.04,0.0308,low,0.0
CUST016491,829,excellent,97.56,94.38,80.22,41.82,94.6,88.1341,0.2,5,0,0,0,0,0,0,7,37632.43,0.0334,low,0.0
CUST016492,814,excellent,99.35,83.13,91.96,45.55,76.5,85.7096,12.14,11,2,0,0,0,0,0,2,266161.85,0.0094,low,0.0
CUST016493,759,excellent,94.96,92.37,14.9,39.77,92.6,76.4183,4.57,0,0,0,0,0,0,0,2,457281.94,0.03,low,0.0
CUST016494,838,excellent,88.21,96.52,92.04,68.11,92.06,89.6515,4.15,14,0,0,0,0,0,1,7,184386.29,0.8121,low,0.125
CUST016495,622,high_risk,9.17,95.32,83.41,37.79,56.38,53.7321,4.07,8,4,3,1,1,1,0,4,90823.78,0.6239,low,0.0
CUST016496,640,high_risk,29.76,86.33,75.15,47.75,42.62,56.6244,11.84,7,4,1,0,0,0,0,0,130547.24,0.2122,low,0.0
CUST016497,733,good,86.66,60.66,60.95,52.27,92.8,72.1805,44.65,3,0,0,0,0,0,0,3,84727.81,0.0385,low,0.0
CUST016498,858,excellent,99.71,88.55,97.28,72.91,95.83,92.9293,9.45,15,0,0,0,0,0,1,1,166915.77,0.9714,low,0.5
CUST016499,682,risky,25.82,92.73,96.72,31.7,90.76,63.6105,9.46,14,1,4,0,0,0,0,6,210042.12,0.0225,low,0.0
CUST016500,689,risky,60.38,75.37,86.7,37.31,43.54,64.8351,12.49,17,5,1,0,0,0,0,0,88452.78,0.1266,low,0.0
CUST016501,802,excellent,96.5,96.39,47.76,40.55,97.76,83.6894,2.31,1,0,0,0,0,0,0,2,47194.95,0.0568,low,0.0
CUST016502,786,excellent,88.54,82.11,78.23,40.08,95.95,80.9597,10.11,5,0,0,0,0,0,0,4,171106.79,0.0724,low,0.0
CUST016503,824,excellent,96.88,99.92,54.94,59.47,92.41,87.3124,3.78,4,0,0,0,0,0,1,4,80665.18,0.4691,low,0.2
CUST016504,834,excellent,98.55,96.21,60.63,74.88,90.51,88.9861,9.4,4,0,0,0,0,0,1,0,141405.14,0.8737,low,0.5
CUST016505,813,excellent,98.94,99.67,60.19,48.68,71.04,85.5323,0.57,2,2,0,0,0,0,0,2,18752.63,0.0605,low,0.0
CUST016506,780,excellent,90.42,79.41,63.21,52.01,97.67,79.9233,10.69,3,0,0,0,0,0,1,5,34308.85,0.8595,low,0.1667
CUST016507,837,excellent,100.0,90.17,90.07,43.79,95.51,89.4897,0.24,13,0,0,0,0,0,0,6,165281.92,0.113,low,0.0
CUST016508,647,high_risk,10.41,98.53,83.92,76.89,54.06,57.8845,6.13,7,4,5,1,0,0,1,5,11513.94,1.8392,moderate,0.1667
CUST016509,715,good,49.39,93.85,99.31,45.85,41.89,69.1091,6.09,19,3,2,0,0,0,0,2,45149.8,0.1966,low,0.0
CUST016510,807,excellent,95.68,93.73,56.53,62.51,81.87,84.5272,7.86,2,1,0,0,0,0,1,0,52220.64,0.8135,low,0.5
CUST016511,629,high_risk,6.4,97.53,85.18,43.59,61.4,54.7743,5.67,20,3,8,1,1,1,0,7,94670.26,0.4617,low,0.0
CUST016512,764,excellent,97.9,50.6,85.27,62.94,87.24,77.253,53.21,10,1,0,0,0,0,0,5,33637.4,0.1337,low,0.0
CUST016513,828,excellent,95.17,95.98,80.15,56.75,82.33,88.0348,6.61,7,1,0,0,0,0,1,6,450704.08,0.6703,low,0.1429
CUST016514,783,excellent,85.81,78.27,70.29,64.84,99.37,80.4816,11.77,6,0,0,0,0,0,1,4,34359.54,0.9702,low,0.2
CUST016515,817,excellent,87.28,89.24,92.98,54.77,94.18,86.1597,6.59,13,0,0,0,0,0,1,4,104857.62,0.842,low,0.2
CUST016516,724,good,59.5,90.77,64.81,34.68,94.22,70.6674,0.8,2,0,1,0,0,0,0,7,138152.09,0.0717,low,0.0
CUST016517,833,excellent,98.41,96.28,89.48,31.24,90.04,88.8797,8.21,10,0,0,0,0,0,0,6,47520.87,0.1175,low,0.0
CUST016518,816,excellent,98.99,94.6,74.62,31.33,86.11,85.9639,8.59,6,1,0,0,0,0,0,5,32153.72,0.0246,low,0.0
CUST016519,603,high_risk,19.12,75.22,72.98,33.47,70.07,50.5614,11.88,6,2,7,0,0,1,0,5,817836.12,0.1747,low,0.0
CUST016520,851,excellent,93.15,96.49,88.83,71.93,98.05,91.8717,7.95,10,0,0,0,0,0,1,6,93626.22,0.7779,low,0.1429
CUST016521,808,excellent,94.02,76.64,86.1,67.22,90.68,84.6041,11.81,11,0,0,0,0,0,2,5,50606.13,0.3829,low,0.2857
CUST016522,794,excellent,86.02,89.28,85.38,31.98,93.98,82.2944,2.39,18,0,0,0,0,0,0,3,162284.4,0.1254,low,0.0
CUST016523,823,excellent,94.46,98.88,71.83,45.49,90.33,87.0834,3.39,5,0,0,0,0,0,0,0,155728.96,0.081,low,0.0
CUST016524,808,excellent,85.57,99.08,79.33,49.15,82.1,84.6963,9.18,8,1,0,0,0,0,1,5,116614.38,0.9961,low,0.1667
CUST016525,805,excellent,89.37,91.32,71.47,66.72,80.73,84.1424,6.39,8,1,0,0,0,0,1,1,195495.85,0.5892,low,0.5
CUST016526,792,excellent,93.63,92.37,56.48,30.4,99.59,81.952,2.74,2,0,0,0,0,0,0,1,150401.24,0.1368,low,0.0
CUST016527,704,good,50.29,90.77,83.07,34.72,65.22,67.2856,3.32,8,2,3,0,0,0,0,0,81158.18,0.0245,low,0.0
CUST016528,722,good,48.92,97.32,87.94,35.8,71.66,70.2556,9.6,13,2,2,0,0,0,0,4,16161.11,0.139,low,0.0
CUST016529,789,excellent,85.49,77.59,89.1,59.95,89.92,81.5503,14.04,10,1,0,0,0,0,1,5,132258.42,0.6867,low,0.1667
CUST016530,697,risky,61.76,86.35,55.16,48.38,55.87,66.2208,10.25,4,4,2,0,0,0,0,1,47627.29,0.1989,low,0.0
CUST016531,812,excellent,71.75,97.8,87.47,79.13,98.07,85.2941,1.68,19,0,0,0,0,0,1,3,38249.29,0.8517,low,0.25
CUST016532,775,excellent,89.78,88.67,50.62,41.06,94.29,79.1534,3.92,2,0,0,0,0,0,0,4,311341.44,0.1454,low,0.0
CUST016533,825,excellent,93.19,92.67,97.15,34.26,90.32,87.4476,2.49,11,0,0,0,0,0,0,1,111495.54,0.0621,low,0.0
CUST016534,707,good,46.27,91.74,96.75,44.14,51.09,67.7506,3.08,11,3,1,0,0,0,0,5,82235.76,0.1035,low,0.0
CUST016535,806,excellent,92.68,81.52,90.03,41.66,97.4,84.3058,13.42,17,0,0,0,0,0,0,3,28144.84,0.0684,low,0.0
CUST016536,852,excellent,90.78,99.16,86.55,78.04,97.43,92.0491,5.5,13,0,0,0,0,0,1,5,180703.13,0.8737,low,0.1667
CUST016537,745,good,79.15,92.77,40.79,31.2,93.87,74.1591,0.42,1,0,1,0,0,0,0,7,55369.57,0.136,low,0.0
CUST016538,785,excellent,91.79,96.91,34.25,48.33,97.36,80.9057,5.27,1,0,0,0,0,0,0,7,69614.76,0.1165,low,0.0
CUST016539,851,excellent,98.95,95.64,90.2,60.11,90.1,91.877,0.61,12,0,0,0,0,0,1,5,69011.73,0.8101,low,0.1667
CUST016540,682,risky,25.71,94.69,86.29,36.36,97.34,63.7209,4.38,10,0,3,0,0,0,0,1,47583.34,0.2489,low,0.0
CUST016541,849,excellent,99.93,97.42,98.96,32.9,91.86,91.5236,0.99,13,0,0,0,0,0,0,4,409989.18,0.0887,low,0.0
CUST016542,633,high_risk,5.3,89.9,99.92,65.3,60.89,55.4321,5.79,17,3,7,1,0,0,1,3,34378.72,1.9827,moderate,0.25
CUST016543,805,excellent,87.83,79.38,93.44,65.48,90.34,84.1548,10.88,19,0,0,0,0,0,1,5,312526.17,0.9893,low,0.1667
CUST016544,768,excellent,92.24,76.5,70.32,41.17,81.66,78.0626,14.87,7,1,0,0,0,0,0,1,100982.11,0.0689,low,0.0
CUST016545,826,excellent,92.0,98.16,85.1,33.4,98.77,87.6308,0.48,13,0,0,0,0,0,0,5,1107603.14,0.159,low,0.0
CUST016546,810,excellent,87.73,90.64,88.85,47.31,91.0,85.0576,8.07,18,0,0,0,0,0,0,7,11132.7,0.1532,low,0.0
CUST016547,687,risky,48.92,97.55,54.78,41.48,56.75,64.425,8.47,2,3,2,0,0,0,0,2,331587.58,0.2232,low,0.0
CUST016548,722,good,58.67,83.72,96.54,35.24,66.07,70.2632,14.15,16,2,2,0,0,0,0,2,182095.1,0.0867,low,0.0
CUST016549,796,excellent,72.03,95.7,84.23,77.85,82.52,82.5899,7.26,7,1,1,0,0,0,2,4,64888.72,0.9628,low,0.3333
CUST016550,786,excellent,85.53,96.24,60.15,48.79,82.35,80.9461,3.58,4,1,0,0,0,0,0,4,40914.32,0.0633,low,0.0
CUST016551,833,excellent,97.25,95.18,70.39,77.46,80.05,88.9006,4.62,7,1,0,0,0,0,1,6,187517.6,0.7427,low,0.1429
CUST016552,825,excellent,87.42,94.98,96.62,48.62,90.2,87.4658,8.59,10,0,0,0,0,0,0,3,797101.98,0.007,low,0.0
CUST016553,776,excellent,92.1,76.14,53.98,62.91,98.3,79.2943,12.01,3,0,0,0,0,0,1,6,64881.48,0.5554,low,0.1429
CUST016554,652,risky,27.04,98.96,63.11,60.04,50.59,58.6827,4.33,2,3,6,0,0,0,1,0,44702.5,2.2209,moderate,0.5
CUST016555,785,excellent,94.59,89.22,53.68,30.81,98.78,80.8835,5.99,2,0,0,0,0,0,0,1,805114.71,0.0534,low,0.0
CUST016556,835,excellent,97.63,92.0,95.38,42.78,87.97,89.1532,8.72,20,1,0,0,0,0,0,0,68247.9,0.1484,low,0.0
CUST016557,796,excellent,89.82,78.64,94.12,37.44,98.33,82.7229,10.87,11,0,0,0,0,0,0,2,41774.0,0.033,low,0.0
CUST016558,768,excellent,88.86,87.68,60.19,33.62,81.89,77.9852,13.92,2,1,0,0,0,0,0,1,724615.06,0.1589,low,0.0
CUST016559,805,excellent,97.44,84.94,57.99,60.26,99.14,84.2266,11.88,2,0,0,0,0,0,1,2,99703.32,0.6338,low,0.3333
CUST016560,840,excellent,94.59,95.17,68.16,82.97,97.83,89.9618,3.94,5,0,0,0,0,0,2,7,139466.58,0.456,low,0.2222
CUST016561,713,good,50.84,91.47,58.56,71.9,86.44,68.8547,8.26,2,1,4,0,0,0,1,1,19799.26,1.1965,low,0.5
CUST016562,699,risky,52.26,77.88,78.34,74.63,66.66,66.533,14.52,8,2,4,0,0,0,1,3,101633.25,1.342,low,0.25
CUST016563,805,excellent,95.56,96.06,56.74,36.39,97.82,84.1946,8.61,2,0,0,0,0,0,0,7,1013161.36,0.1347,low,0.0
CUST016564,824,excellent,99.37,91.3,78.5,43.0,90.61,87.3046,1.48,5,0,0,0,0,0,0,0,65176.92,0.0168,low,0.0
CUST016565,766,excellent,86.99,76.07,70.44,44.28,94.82,77.7437,13.1,5,0,0,0,0,0,0,4,87525.99,0.008,low,0.0
CUST016566,605,high_risk,1.15,92.17,93.67,34.02,53.09,50.816,8.72,11,3,8,0,1,1,0,3,50072.89,0.5759,low,0.0
CUST016567,804,excellent,91.47,93.1,70.32,42.47,92.55,83.9957,6.05,9,0,0,0,0,0,0,1,90238.57,0.0931,low,0.0
CUST016568,638,high_risk,10.91,95.6,82.42,68.98,55.99,56.36,6.14,8,4,3,0,0,0,1,7,67179.72,1.3405,low,0.125
CUST016569,787,excellent,85.56,98.07,57.98,39.12,91.09,81.0859,0.17,2,0,0,0,0,0,0,2,296138.24,0.0246,low,0.0
CUST016570,818,excellent,90.69,94.44,77.38,47.19,99.87,86.3862,3.0,9,0,0,0,0,0,0,0,113294.64,0.1592,low,0.0
CUST016571,815,excellent,89.74,97.11,79.22,44.5,90.43,85.916,2.82,5,0,0,0,0,0,0,0,258275.35,0.0531,low,0.0
CUST016572,761,excellent,92.62,95.69,14.0,43.15,93.64,76.9026,1.6,0,0,0,0,0,0,0,5,120197.88,0.1112,low,0.0
CUST016573,782,excellent,91.81,91.54,49.21,36.86,96.84,80.3465,2.85,2,0,0,0,0,0,0,2,187659.82,0.1153,low,0.0
CUST016574,720,good,68.99,91.79,44.8,43.96,71.86,69.9851,1.83,1,2,1,0,0,0,0,3,66045.93,0.1176,low,0.0
CUST016575,819,excellent,98.58,89.84,75.42,48.29,88.79,86.4772,11.39,8,1,0,0,0,0,1,3,47916.29,0.9336,low,0.25
CUST016576,604,high_risk,10.3,88.5,62.39,47.22,64.34,50.6683,3.18,3,4,6,1,1,1,0,4,51387.21,0.346,low,0.0
CUST016577,801,excellent,87.46,85.12,87.17,46.08,95.99,83.4296,23.36,11,0,0,0,0,0,0,6,377791.73,0.1147,low,0.0
CUST016578,808,excellent,95.99,99.81,45.69,47.07,95.32,84.6317,7.39,2,0,0,0,0,0,0,7,28573.26,0.0376,low,0.0
CUST016579,786,excellent,92.4,85.6,68.59,46.11,80.35,80.9553,11.95,8,1,0,0,0,0,1,0,46912.9,0.6073,low,0.5
CUST016580,752,excellent,86.88,72.42,63.7,47.21,89.96,75.4062,48.99,4,1,0,0,0,0,0,6,22828.33,0.0514,low,0.0
CUST016581,789,excellent,77.98,95.68,85.52,30.34,96.11,81.4693,9.48,10,0,0,0,0,0,0,5,61331.13,0.0349,low,0.0
CUST016582,743,good,73.06,93.2,56.67,35.83,81.55,73.7686,7.95,2,1,0,0,0,0,0,7,404387.97,0.1016,low,0.0
CUST016583,802,excellent,93.62,78.48,90.55,47.27,91.07,83.7277,11.68,15,1,0,0,0,0,0,4,421736.86,0.016,low,0.0
CUST016584,846,excellent,92.41,99.04,96.14,46.75,97.77,90.9276,2.1,14,0,0,0,0,0,0,6,447585.9,0.1323,low,0.0
CUST016585,786,excellent,98.33,85.22,51.41,49.0,83.88,80.982,14.13,2,1,0,0,0,0,0,1,110112.73,0.0076,low,0.0
CUST016586,780,excellent,86.04,88.19,72.48,51.38,74.78,80.0564,9.57,7,2,0,0,0,0,1,2,247054.92,0.4204,low,0.3333
CUST016587,824,excellent,97.09,88.84,77.5,53.19,98.3,87.406,14.89,6,0,0,0,0,0,1,4,15657.05,0.4434,low,0.2
CUST016588,733,good,91.09,82.31,28.74,43.97,68.04,72.087,10.98,0,2,0,0,0,0,0,4,48694.86,0.0686,low,0.0
CUST016589,630,high_risk,17.99,88.97,73.41,46.26,64.26,55.0551,8.76,7,4,7,0,0,0,0,4,301800.6,0.4591,low,0.0
CUST016590,830,excellent,91.83,82.69,92.7,91.93,83.64,88.4063,14.25,20,1,0,0,0,0,2,7,79552.39,0.6254,low,0.2222
CUST016591,829,excellent,95.92,89.53,65.23,84.46,95.74,88.2385,13.36,5,0,0,0,0,0,2,1,147184.43,0.341,low,0.6667
CUST016592,820,excellent,93.67,92.31,60.94,71.07,99.18,86.6456,2.75,2,0,0,0,0,0,1,7,96198.53,0.9883,low,0.125
CUST016593,812,excellent,90.58,96.75,71.44,42.78,96.24,85.345,9.52,8,0,0,0,0,0,0,6,138800.7,0.1211,low,0.0
CUST016594,784,excellent,92.73,89.43,50.36,46.91,90.92,80.622,11.9,2,0,0,0,0,0,0,1,119659.8,0.0755,low,0.0
CUST016595,792,excellent,98.38,97.91,29.36,42.64,95.19,81.9916,7.84,0,0,0,0,0,0,0,6,29986.98,0.0031,low,0.0
CUST016596,590,high_risk,0.76,97.6,68.79,48.16,35.96,48.2774,2.63,8,5,5,0,1,1,0,1,75722.51,0.6139,low,0.0
CUST016597,805,excellent,86.51,95.57,80.79,47.19,84.56,84.2435,6.42,5,1,0,0,0,0,1,5,102829.55,0.3493,low,0.1667
CUST016598,658,risky,60.38,32.53,86.9,68.66,98.5,59.6423,64.3,13,0,4,0,0,0,1,5,86485.72,1.0171,low,0.1667
CUST016599,757,excellent,56.87,96.16,93.9,45.61,87.27,76.1244,6.08,11,1,1,0,0,0,0,4,260359.45,0.0156,low,0.0
CUST016600,707,good,56.0,87.85,76.43,48.54,55.25,67.7961,10.06,7,3,1,0,0,0,0,3,39238.23,0.012,low,0.0
CUST016601,796,excellent,88.69,93.11,61.13,49.06,96.52,82.7056,4.87,4,0,0,0,0,0,0,2,90743.77,0.1315,low,0.0
CUST016602,778,excellent,88.58,78.89,67.51,61.75,86.21,79.5932,13.76,6,1,0,0,0,0,1,5,77609.72,0.4485,low,0.1667
CUST016603,842,excellent,85.81,95.82,94.46,75.64,97.46,90.2583,3.53,18,0,0,0,0,0,1,2,68228.74,0.9305,low,0.3333
CUST016604,599,high_risk,20.36,75.33,74.24,44.68,44.23,49.7508,12.93,8,3,3,0,0,1,0,5,34919.82,0.636,low,0.0
CUST016605,827,excellent,90.4,96.37,85.63,50.83,94.09,87.89,4.73,14,0,0,0,0,0,1,1,467130.09,0.7144,low,0.5
CUST016606,663,risky,46.53,98.77,17.71,48.79,70.28,60.4768,2.95,0,2,1,0,0,0,0,0,123899.12,0.2434,low,0.0
CUST016607,840,excellent,99.2,96.67,69.25,65.44,93.76,90.0246,7.92,7,0,0,0,0,0,1,0,93933.69,0.5941,low,0.5
CUST016608,818,excellent,95.42,88.84,57.51,79.42,97.53,86.3707,11.59,3,0,0,0,0,0,1,4,168479.97,0.8924,low,0.2
CUST016609,836,excellent,95.84,91.71,67.25,86.43,95.87,89.3782,3.85,8,0,0,0,0,0,2,4,147133.11,0.3586,low,0.3333
CUST016610,780,excellent,89.22,76.04,61.73,72.84,93.53,79.9357,13.21,3,0,0,0,0,0,1,2,75641.6,0.4903,low,0.3333
CUST016611,662,risky,50.06,92.49,15.28,37.5,89.74,60.2835,2.76,0,1,2,0,0,0,0,5,89193.15,0.0066,low,0.0
CUST016612,823,excellent,89.99,84.81,99.04,61.42,92.62,87.1982,10.09,12,0,0,0,0,0,1,2,130104.22,0.5262,low,0.3333
CUST016613,833,excellent,97.26,77.83,81.36,93.86,98.88,88.8705,10.65,8,0,0,0,0,0,2,5,208588.37,0.5604,low,0.2857
CUST016614,798,excellent,98.0,99.94,43.33,37.99,83.75,82.9575,7.04,1,1,0,0,0,0,0,6,249270.39,0.0196,low,0.0
CUST016615,786,excellent,86.41,95.91,62.99,42.39,82.39,80.9459,1.96,2,1,0,0,0,0,0,2,104355.09,0.0606,low,0.0
CUST016616,823,excellent,97.16,89.31,87.74,41.63,91.26,87.2494,7.53,20,1,0,0,0,0,0,0,74514.91,0.06,low,0.0
CUST016617,786,excellent,87.12,89.0,68.47,47.17,88.76,81.0564,0.65,7,1,0,0,0,0,0,4,161110.63,0.0402,low,0.0
CUST016618,795,excellent,93.62,78.7,90.04,49.55,75.87,82.4253,13.19,11,2,0,0,0,0,0,2,89516.32,0.1302,low,0.0
CUST016619,789,excellent,76.52,92.54,96.55,34.65,90.35,81.526,5.07,20,0,0,0,0,0,0,0,259719.41,0.1561,low,0.0
CUST016620,800,excellent,87.68,89.3,63.24,69.47,93.93,83.3017,8.53,3,0,0,0,0,0,1,7,42523.8,0.8017,low,0.125
CUST016621,846,excellent,94.25,98.17,87.22,62.64,92.44,91.0272,4.72,15,0,0,0,0,0,1,6,211818.85,0.7803,low,0.1429
CUST016622,840,excellent,97.86,89.73,90.33,60.12,92.25,89.9548,3.2,10,0,0,0,0,0,1,2,199217.76,0.8254,low,0.3333
CUST016623,691,risky,35.47,95.76,74.24,43.34,86.24,65.2364,4.21,5,1,4,0,0,0,0,2,239400.74,0.205,low,0.0
CUST016624,805,excellent,86.82,94.24,88.28,42.21,80.11,84.1319,2.2,11,1,0,0,0,0,0,2,60746.61,0.0097,low,0.0
CUST016625,824,excellent,96.51,90.1,87.05,45.57,88.3,87.2524,2.89,20,1,0,0,0,0,0,2,267525.3,0.1161,low,0.0
CUST016626,740,good,95.19,83.22,22.66,49.44,66.34,73.2583,10.63,0,2,0,0,0,0,0,3,148440.97,0.0735,low,0.0
CUST016627,749,good,57.39,98.03,87.21,41.35,81.14,74.8267,8.99,14,1,2,0,0,0,0,2,56746.27,0.1035,low,0.0
CUST016628,828,excellent,99.13,85.95,98.06,36.62,90.83,87.9328,13.64,11,1,0,0,0,0,0,2,27623.57,0.0949,low,0.0
CUST016629,796,excellent,86.72,98.12,72.11,36.87,83.87,82.6773,1.19,7,1,0,0,0,0,0,7,133032.24,0.144,low,0.0
CUST016630,711,good,54.16,80.14,89.98,38.85,81.6,68.5416,13.0,14,1,4,0,0,0,0,2,117033.54,0.1359,low,0.0
CUST016631,690,risky,64.17,61.77,71.36,59.92,72.92,64.9776,31.82,8,2,4,0,0,0,0,3,195379.51,0.2251,low,0.0
CUST016632,769,excellent,85.87,91.96,47.98,47.74,85.27,78.1399,6.74,2,1,0,0,0,0,0,6,27820.44,0.1473,low,0.0
CUST016633,719,good,49.07,95.81,83.31,45.41,68.64,69.8177,2.61,9,2,4,0,0,0,0,6,65566.66,0.0103,low,0.0
CUST016634,820,excellent,96.93,92.51,53.68,72.11,97.66,86.7083,1.0,4,0,0,0,0,0,1,3,130512.16,0.5163,low,0.25
CUST016635,852,excellent,91.65,92.83,98.97,72.86,99.02,91.9601,4.08,16,0,0,0,0,0,1,6,162349.13,0.8493,low,0.1429
CUST016636,814,excellent,89.17,94.15,87.87,33.84,96.41,85.6598,7.0,18,0,0,0,0,0,0,6,72405.27,0.1612,low,0.0
CUST016637,799,excellent,85.65,97.65,62.41,49.02,96.33,83.1675,4.96,4,0,0,0,0,0,0,6,35154.51,0.1354,low,0.0
CUST016638,769,excellent,86.05,93.02,43.79,47.66,88.47,78.2058,5.11,1,1,0,0,0,0,0,3,254549.91,0.155,low,0.0
CUST016639,816,excellent,92.9,96.44,66.25,54.01,92.68,86.0543,5.83,8,0,0,0,0,0,1,5,102600.53,0.7979,low,0.1667
CUST016640,718,good,49.92,92.41,66.67,68.17,75.82,69.5932,5.17,5,2,3,0,0,0,1,6,481739.58,0.6982,low,0.1429
CUST016641,803,excellent,86.7,89.12,94.2,34.72,90.94,83.7751,12.18,19,1,0,0,0,0,0,1,119104.98,0.0747,low,0.0
CUST016642,773,excellent,95.76,95.59,21.53,39.46,94.91,78.8566,3.65,0,0,0,0,0,0,0,0,403611.96,0.0075,low,0.0
CUST016643,611,high_risk,24.36,97.58,26.53,73.21,37.34,51.8341,5.9,0,5,5,0,0,0,1,4,22905.29,1.5135,moderate,0.2
CUST016644,738,good,65.25,82.18,78.71,41.28,95.21,72.9478,13.37,8,0,1,0,0,0,0,4,10111.78,0.0208,low,0.0
CUST016645,813,excellent,86.09,98.51,89.27,45.25,79.23,85.5209,9.69,14,2,0,0,0,0,0,7,401100.0,0.0939,low,0.0
CUST016646,836,excellent,98.25,92.8,97.61,30.92,94.36,89.3986,7.88,18,0,0,0,0,0,0,5,123945.8,0.0162,low,0.0
CUST016647,783,excellent,93.99,90.19,52.68,34.8,91.87,80.524,9.27,2,0,0,0,0,0,0,6,32785.83,0.0889,low,0.0
CUST016648,728,good,53.58,94.87,86.87,39.92,70.45,71.2782,7.89,11,2,1,0,0,0,0,3,73729.29,0.2023,low,0.0
CUST016649,661,risky,60.29,96.16,16.48,37.24,40.88,60.2347,2.81,0,3,3,0,0,0,0,2,176726.33,0.1996,low,0.0
CUST016650,817,excellent,85.6,89.39,82.85,70.1,99.36,86.1512,1.84,6,0,0,0,0,0,1,3,19412.19,0.7495,low,0.25
CUST016651,625,high_risk,28.79,94.84,15.82,73.09,69.2,54.1303,5.83,0,2,5,0,0,0,1,2,28632.47,1.2889,low,0.3333
CUST016652,729,good,44.06,98.84,88.37,36.09,95.29,71.4681,3.43,14,0,4,0,0,0,0,6,48948.06,0.0567,low,0.0
CUST016653,605,high_risk,18.05,78.65,76.1,31.52,62.83,50.7648,10.12,8,3,4,0,0,1,0,7,182836.29,0.561,low,0.0
CUST016654,804,excellent,90.65,84.09,78.69,60.29,92.74,84.0625,12.5,7,0,0,0,0,0,1,3,78800.28,0.5403,low,0.25
CUST016655,732,good,49.52,93.27,87.37,44.49,91.35,72.0031,2.29,16,1,1,0,0,0,0,5,228443.1,0.1319,low,0.0
CUST016656,687,risky,42.22,95.57,69.44,34.43,72.16,64.5236,7.71,6,2,2,0,0,0,0,7,286596.72,0.212,low,0.0
CUST016657,830,excellent,86.39,99.1,80.95,63.06,98.8,88.2967,7.79,6,0,0,0,0,0,1,7,220043.73,0.4458,low,0.125
CUST016658,859,excellent,96.79,97.49,96.71,62.0,93.11,93.1417,7.27,11,0,0,0,0,0,1,6,168496.51,0.8674,low,0.1429
CUST016659,810,excellent,99.7,87.48,70.69,43.45,89.31,85.0175,12.96,6,1,0,0,0,0,0,7,212771.86,0.0761,low,0.0
CUST016660,701,good,45.26,89.67,95.59,31.22,66.49,66.853,4.38,14,2,3,0,0,0,0,2,120826.13,0.1473,low,0.0
CUST016661,811,excellent,78.18,89.51,90.36,79.89,93.5,85.1098,9.68,19,0,0,0,0,0,1,6,591762.16,0.355,low,0.1429
CUST016662,783,excellent,95.09,93.94,35.76,48.51,88.37,80.5144,1.33,1,1,0,0,0,0,0,3,70146.29,0.0533,low,0.0
CUST016663,800,excellent,90.16,93.63,38.94,84.55,94.19,83.3581,7.11,1,0,0,0,0,0,2,5,18513.15,0.5971,low,0.2857
CUST016664,789,excellent,79.15,89.83,70.8,66.1,95.8,81.4631,5.95,8,0,0,0,0,0,1,5,129970.09,0.8071,low,0.1667
CUST016665,589,high_risk,12.03,94.56,51.37,62.71,26.26,48.1806,6.78,2,6,7,1,0,0,1,4,384796.57,2.2759,moderate,0.2
CUST016666,798,excellent,88.63,83.05,97.26,33.09,92.15,83.0483,10.43,19,0,0,0,0,0,0,0,75112.91,0.1021,low,0.0
CUST016667,767,excellent,99.12,86.26,21.9,43.21,95.87,77.7637,12.49,0,0,0,0,0,0,0,2,23732.06,0.0455,low,0.0
CUST016668,774,excellent,88.56,78.19,87.22,31.41,83.1,78.9878,10.95,17,1,0,0,0,0,0,5,92294.32,0.1629,low,0.0
CUST016669,750,excellent,63.98,89.73,88.12,35.18,89.08,74.955,14.16,11,1,4,0,0,0,0,0,139148.44,0.1977,low,0.0
CUST016670,759,excellent,90.55,75.95,51.58,47.32,95.18,76.4663,13.08,2,0,0,0,0,0,0,3,110619.75,0.1662,low,0.0
CUST016671,742,good,48.93,98.25,94.53,60.31,78.25,73.6369,1.36,15,2,3,0,0,0,1,5,123870.65,1.2803,low,0.1667
CUST016672,659,risky,49.87,81.45,66.06,37.48,42.8,59.8264,11.23,8,3,1,0,0,0,0,7,181023.66,0.2039,low,0.0
CUST016673,768,excellent,93.13,82.53,51.78,36.55,92.67,78.042,10.39,2,0,0,0,0,0,0,7,41642.58,0.0206,low,0.0
CUST016674,650,risky,13.37,89.82,89.77,60.8,81.26,58.298,3.64,13,1,6,0,0,0,1,1,112207.42,2.1972,moderate,0.5
CUST016675,713,good,52.32,98.82,53.61,36.92,91.43,68.8321,4.6,2,1,4,0,0,0,0,0,111648.73,0.0751,low,0.0
CUST016676,794,excellent,88.22,92.81,85.88,40.28,67.06,82.3354,4.98,12,2,0,0,0,0,0,4,84291.42,0.1081,low,0.0
CUST016677,834,excellent,94.72,90.16,98.01,60.18,81.48,89.0667,6.02,12,1,0,0,0,0,1,5,315954.97,0.8533,low,0.1667
CUST016678,616,high_risk,7.51,87.91,87.77,67.83,47.94,52.7454,10.2,20,3,6,1,0,0,1,6,78035.19,2.2177,moderate,0.1429
CUST016679,665,risky,48.23,82.46,66.74,43.32,47.92,60.7546,11.75,5,3,2,0,0,0,0,7,75570.61,0.0646,low,0.0
CUST016680,748,good,66.93,98.17,48.77,45.63,99.61,74.7156,3.4,2,0,1,0,0,0,1,4,273601.36,0.5142,low,0.2
CUST016681,-1,no_history,65.16,85.15,15.6,30.84,91.46,62.9211,11.14,0,1,0,0,0,0,0,2,26080.87,0.0341,low,0.0
CUST016682,803,excellent,94.11,88.72,75.45,44.66,85.75,83.9132,10.54,6,1,0,0,0,0,0,1,41031.01,0.0007,low,0.0
CUST016683,770,excellent,85.23,98.48,34.68,39.9,98.15,78.3808,4.18,0,0,0,0,0,0,0,7,25605.46,0.0674,low,0.0
CUST016684,802,excellent,96.81,79.38,82.01,47.72,88.79,83.6504,10.66,8,1,0,0,0,0,0,7,239396.13,0.1275,low,0.0
CUST016685,833,excellent,88.85,95.49,98.8,47.01,95.63,88.8291,8.54,15,0,0,0,0,0,0,6,55006.7,0.1106,low,0.0
CUST016686,690,risky,50.87,95.25,46.38,32.97,83.19,64.9535,8.7,2,1,4,0,0,0,0,5,507075.73,0.068,low,0.0
CUST016687,774,excellent,98.29,87.94,29.63,43.14,93.86,78.9309,12.18,0,0,0,0,0,0,0,4,65774.26,0.1015,low,0.0
CUST016688,578,high_risk,20.9,96.56,24.18,42.23,22.18,46.3491,7.19,0,6,4,0,0,1,0,2,80258.21,0.297,low,0.0
CUST016689,799,excellent,90.66,80.6,92.52,41.95,91.01,83.0866,11.0,13,1,0,0,0,0,0,6,57555.37,0.0159,low,0.0
CUST016690,808,excellent,90.68,97.11,72.56,33.81,94.71,84.6086,6.4,7,0,0,0,0,0,0,2,79079.46,0.0743,low,0.0
CUST016691,774,excellent,89.59,77.47,72.32,44.27,90.89,78.9624,10.16,9,0,0,0,0,0,0,7,29391.98,0.0791,low,0.0
CUST016692,816,excellent,95.53,86.22,89.83,42.15,90.86,86.076,12.12,10,0,0,0,0,0,0,6,354207.1,0.0362,low,0.0
CUST016693,597,high_risk,19.69,87.28,51.35,31.36,55.07,49.4203,12.44,2,3,5,0,0,1,0,0,87714.26,0.6243,low,0.0
CUST016694,723,good,60.27,88.3,92.75,45.21,45.29,70.5469,1.39,20,3,1,0,0,0,0,1,15142.36,0.2353,low,0.0
CUST016695,813,excellent,87.82,97.67,85.33,35.4,91.79,85.5553,5.55,11,1,0,0,0,0,0,1,75874.49,0.0946,low,0.0
CUST016696,838,excellent,95.89,91.12,99.89,47.7,90.74,89.7248,3.16,12,0,0,0,0,0,1,2,24494.25,0.753,low,0.3333
CUST016697,766,excellent,74.48,79.42,94.61,40.62,95.34,77.6808,14.85,19,0,1,0,0,0,0,7,370317.37,0.0411,low,0.0
CUST016698,767,excellent,89.68,95.05,33.09,38.05,91.49,77.82,9.89,0,1,0,0,0,0,0,2,50501.35,0.0244,low,0.0
CUST016699,801,excellent,95.04,99.82,48.06,36.87,93.57,83.464,5.61,4,0,0,0,0,0,0,3,100633.95,0.1222,low,0.0
CUST016700,744,good,86.86,97.38,15.58,41.42,79.38,74.0298,2.53,0,2,0,0,0,0,0,1,346085.02,0.1448,low,0.0
CUST016701,815,excellent,97.55,99.51,65.08,38.73,82.09,85.8421,1.54,7,1,0,0,0,0,0,2,317943.65,0.0356,low,0.0
CUST016702,849,excellent,99.83,94.9,87.18,64.73,85.75,91.5321,8.69,10,1,0,0,0,0,1,2,7745.23,0.8762,low,0.3333
CUST016703,770,excellent,87.19,88.59,51.0,45.2,91.23,78.3864,2.14,4,0,0,0,0,0,0,2,40684.98,0.0266,low,0.0
CUST016704,804,excellent,94.44,86.24,75.66,46.2,90.36,83.9315,14.31,6,0,0,0,0,0,0,5,64851.48,0.0688,low,0.0
CUST016705,851,excellent,96.71,98.68,84.14,61.29,97.14,91.9155,5.61,7,0,0,0,0,0,1,1,18832.35,0.9346,low,0.5
CUST016706,680,risky,61.11,99.07,24.61,38.67,45.93,63.2605,5.8,0,3,2,0,0,0,0,3,32806.26,0.1906,low,0.0
CUST016707,773,excellent,85.77,94.6,47.39,39.44,93.54,78.8065,9.6,4,0,0,0,0,0,0,5,94591.25,0.0895,low,0.0
CUST016708,791,excellent,97.76,89.09,55.27,41.12,84.08,81.7545,11.27,2,1,0,0,0,0,0,3,55844.67,0.1484,low,0.0
CUST016709,611,high_risk,7.33,97.32,91.1,31.84,32.8,51.8898,5.69,12,5,5,0,1,1,0,6,164261.56,0.2934,low,0.0
CUST016710,850,excellent,96.82,96.9,99.09,47.29,90.72,91.6224,8.41,11,0,0,0,0,0,0,3,197054.77,0.1608,low,0.0
CUST016711,777,excellent,75.99,83.38,80.09,73.23,84.92,79.4375,14.94,6,1,0,0,0,0,1,6,92333.46,0.8793,low,0.1429
CUST016712,800,excellent,85.37,96.47,57.16,64.63,95.33,83.3906,0.85,4,0,0,0,0,0,1,6,19575.57,0.4382,low,0.1429
CUST016713,790,excellent,95.28,92.7,53.16,34.63,90.43,81.639,7.63,4,0,0,0,0,0,0,7,136864.27,0.1103,low,0.0
CUST016714,806,excellent,89.82,88.69,88.47,38.07,92.41,84.3646,9.35,10,0,0,0,0,0,0,2,136043.79,0.1,low,0.0
CUST016715,718,good,53.41,77.48,90.83,73.12,77.69,69.6427,10.6,12,2,1,0,0,0,1,0,124162.49,1.1142,low,0.5
CUST016716,640,high_risk,22.52,91.29,96.75,33.15,35.53,56.6468,6.94,10,6,4,1,0,1,0,4,101675.7,0.6296,low,0.0
CUST016717,765,excellent,91.03,75.65,57.56,49.25,94.01,77.5174,11.79,2,0,0,0,0,0,0,6,42662.89,0.0915,low,0.0
CUST016718,855,excellent,89.21,99.36,89.42,85.42,94.95,92.4825,0.27,19,0,0,0,0,0,2,4,235035.79,0.6612,low,0.3333
CUST016719,844,excellent,93.19,96.83,97.88,43.49,99.15,90.6126,0.63,13,0,0,0,0,0,0,0,30129.86,0.0949,low,0.0
CUST016720,789,excellent,93.34,81.23,72.73,38.61,97.07,81.5173,12.75,5,0,0,0,0,0,0,1,109178.5,0.1324,low,0.0
CUST016721,699,risky,49.98,89.95,67.02,31.94,88.07,66.5311,8.85,7,1,1,0,0,0,0,1,68852.26,0.136,low,0.0
CUST016722,715,good,63.51,85.92,81.77,43.72,45.51,69.1933,12.36,8,3,3,0,0,0,0,4,40652.91,0.0579,low,0.0
CUST016723,666,risky,27.35,98.77,96.37,33.05,40.33,60.9942,1.49,10,3,1,0,0,0,0,0,209802.36,0.174,low,0.0
CUST016724,782,excellent,90.8,96.06,46.5,30.43,96.6,80.2746,0.79,1,0,0,0,0,0,0,3,29264.97,0.0892,low,0.0
CUST016725,624,high_risk,27.35,75.18,86.01,30.92,58.26,53.9474,10.38,13,3,1,0,0,0,0,1,142809.59,0.0493,low,0.0
CUST016726,770,excellent,87.62,91.56,47.68,37.82,92.78,78.3476,4.15,1,0,0,0,0,0,0,3,83485.69,0.057,low,0.0
CUST016727,813,excellent,96.95,77.57,96.06,47.76,90.88,85.4779,14.95,13,1,0,0,0,0,0,2,99655.1,0.1639,low,0.0
CUST016728,786,excellent,85.34,75.05,91.56,59.45,89.44,81.0068,24.6,18,1,0,0,0,0,0,4,456916.96,0.0332,low,0.0
CUST016729,747,good,77.52,88.57,65.33,37.27,73.1,74.5403,6.32,9,2,0,0,0,0,0,5,50613.46,0.1239,low,0.0
CUST016730,801,excellent,91.7,79.07,91.95,44.4,94.21,83.4663,11.82,10,0,0,0,0,0,0,7,53972.48,0.0234,low,0.0
CUST016731,822,excellent,95.99,88.81,88.19,38.82,96.57,87.0071,0.28,13,0,0,0,0,0,0,3,550361.1,0.0363,low,0.0
CUST016732,840,excellent,97.71,96.87,81.8,53.25,91.02,89.9547,2.27,7,0,0,0,0,0,1,7,52648.35,0.7772,low,0.125
CUST016733,780,excellent,94.93,75.99,82.89,31.41,84.81,80.0758,14.87,9,1,0,0,0,0,0,3,210530.82,0.1172,low,0.0
CUST016734,816,excellent,89.64,86.69,87.5,67.17,87.13,85.9358,12.43,11,1,0,0,0,0,1,2,79802.91,0.7258,low,0.3333
CUST016735,768,excellent,69.91,86.3,67.88,75.11,99.71,78.0209,14.92,5,0,0,0,0,0,1,3,76024.15,0.6732,low,0.25
CUST016736,841,excellent,95.77,92.15,75.88,81.48,94.25,90.1224,7.84,6,0,0,0,0,0,2,3,230226.37,0.8619,low,0.4
CUST016737,810,excellent,88.05,79.14,91.72,67.69,98.47,84.9326,12.52,20,0,0,0,0,0,1,1,37799.64,0.5644,low,0.5
CUST016738,846,excellent,96.48,88.52,89.18,79.23,94.49,91.0705,0.43,18,0,0,0,0,0,1,0,113330.19,0.8293,low,0.5
CUST016739,820,excellent,89.64,90.46,98.51,47.86,85.66,86.64,6.46,17,1,0,0,0,0,0,3,47939.05,0.1265,low,0.0
CUST016740,828,excellent,95.8,96.84,80.21,42.95,90.65,87.9727,2.54,6,1,0,0,0,0,0,0,228600.32,0.1172,low,0.0
CUST016741,844,excellent,95.33,88.41,88.23,79.07,96.36,90.6653,5.65,10,0,0,0,0,0,1,3,119834.62,0.6182,low,0.25
CUST016742,788,excellent,95.72,98.04,49.13,30.38,80.01,81.321,6.18,4,1,0,0,0,0,0,3,536593.93,0.0213,low,0.0
CUST016743,752,excellent,88.86,90.91,30.8,43.31,80.5,75.376,8.46,0,1,0,0,0,0,0,1,197424.45,0.0761,low,0.0
CUST016744,637,high_risk,22.93,97.9,59.44,79.7,28.61,56.1428,9.02,4,6,4,0,0,0,1,4,23993.84,1.2406,low,0.2
CUST016745,807,excellent,97.75,94.34,37.42,67.32,96.71,84.5294,0.39,1,0,0,0,0,0,1,2,223164.25,0.6166,low,0.3333
CUST016746,811,excellent,91.76,88.18,91.18,35.55,93.18,85.1187,11.86,18,0,0,0,0,0,0,3,54052.26,0.0592,low,0.0
CUST016747,817,excellent,89.76,96.79,70.88,64.28,87.2,86.2319,8.55,7,1,0,0,0,0,1,6,279085.85,0.6202,low,0.1429
CUST016748,754,excellent,88.1,88.07,32.02,38.64,97.7,75.6932,8.01,1,0,0,0,0,0,0,3,95793.2,0.1646,low,0.0
CUST016749,677,risky,44.63,94.88,45.61,33.81,85.4,62.8475,2.18,4,1,2,0,0,0,0,1,34149.08,0.0852,low,0.0
CUST016750,788,excellent,99.81,82.64,58.17,31.47,98.04,81.4044,11.53,3,0,0,0,0,0,0,4,147541.54,0.1221,low,0.0
CUST016751,831,excellent,96.16,92.97,94.05,37.71,90.62,88.4874,0.14,11,0,0,0,0,0,0,2,12530.66,0.1601,low,0.0
CUST016752,777,excellent,98.94,88.52,46.83,47.48,65.11,79.4651,7.88,3,2,0,0,0,0,1,7,434218.11,0.3687,low,0.125
CUST016753,782,excellent,86.42,97.59,52.71,38.21,90.42,80.2947,4.42,3,0,0,0,0,0,0,1,184319.7,0.1131,low,0.0
CUST016754,855,excellent,97.14,96.4,91.02,61.18,98.65,92.5542,1.12,13,0,0,0,0,0,1,2,10055.06,0.4898,low,0.3333
CUST016755,578,high_risk,12.23,76.88,47.81,72.33,56.5,46.3973,10.27,4,4,8,0,0,0,1,1,356903.91,1.7104,moderate,0.5
CUST016756,714,good,89.13,75.1,10.71,39.64,96.5,68.9447,11.17,0,0,0,0,0,0,0,6,269151.89,0.0912,low,0.0
CUST016757,833,excellent,96.63,92.09,97.89,46.41,80.99,88.873,0.63,11,1,0,0,0,0,0,1,414145.29,0.0601,low,0.0
CUST016758,669,risky,60.76,78.93,51.57,43.08,45.44,61.5326,13.32,2,4,3,0,0,0,0,3,75068.02,0.0293,low,0.0
CUST016759,787,excellent,90.22,92.58,62.95,30.18,94.11,81.2249,9.73,2,0,0,0,0,0,0,7,27304.64,0.0264,low,0.0
CUST016760,750,excellent,87.82,75.23,61.98,46.28,77.91,75.0236,28.0,3,2,0,0,0,0,1,3,232361.4,0.7749,low,0.25
CUST016761,801,excellent,93.59,75.0,76.35,77.17,90.26,83.4531,13.94,5,1,0,0,0,0,1,5,153908.11,0.7958,low,0.1667
CUST016762,636,high_risk,13.19,95.94,96.91,40.82,40.57,56.0757,2.64,16,3,4,0,1,1,0,7,133047.58,0.3018,low,0.0
CUST016763,794,excellent,92.54,75.38,76.9,75.41,82.01,82.2806,14.0,5,1,0,0,0,0,2,0,98824.99,0.523,low,0.6667
CUST016764,692,risky,40.38,90.04,84.35,32.3,83.7,65.3962,9.01,9,1,1,0,0,0,0,0,154957.98,0.1616,low,0.0
CUST016765,824,excellent,92.36,84.23,87.7,76.63,89.66,87.3796,11.11,19,1,0,0,0,0,1,6,7606.34,0.363,low,0.1429
CUST016766,580,high_risk,0.07,89.33,85.7,33.19,37.51,46.7479,3.59,12,5,4,1,1,1,0,4,108572.35,0.179,low,0.0
CUST016767,818,excellent,92.81,99.9,64.8,47.28,93.66,86.267,4.53,2,0,0,0,0,0,0,0,315216.71,0.0102,low,0.0
CUST016768,702,good,47.92,89.03,97.95,34.67,52.94,66.935,6.55,16,4,1,0,0,0,0,5,166168.94,0.1124,low,0.0
CUST016769,827,excellent,99.39,83.33,96.31,43.63,92.83,87.8803,14.61,13,0,0,0,0,0,0,2,262992.45,0.0846,low,0.0
CUST016770,801,excellent,85.99,99.16,60.26,48.35,97.18,83.4404,2.13,2,0,0,0,0,0,0,0,69771.73,0.0501,low,0.0
CUST016771,800,excellent,97.01,82.63,65.0,51.15,96.76,83.2813,10.59,2,0,0,0,0,0,0,4,227922.39,0.0679,low,0.0
CUST016772,694,risky,45.35,84.49,85.78,39.56,76.71,65.7118,11.26,18,2,1,0,0,0,0,0,39002.03,0.1462,low,0.0
CUST016773,831,excellent,87.26,90.41,99.8,68.19,90.49,88.4994,0.75,17,0,0,0,0,0,2,3,123210.68,0.3478,low,0.4
CUST016774,750,excellent,86.29,92.67,25.63,47.02,84.24,74.9722,3.89,0,1,0,0,0,0,0,1,177607.84,0.0125,low,0.0
CUST016775,781,excellent,93.7,85.94,41.14,62.8,91.8,80.2067,25.39,1,1,0,0,0,0,0,0,436393.31,0.1284,low,0.0
CUST016776,729,good,55.91,89.4,98.14,31.33,71.76,71.4177,5.23,12,2,1,0,0,0,0,3,335557.53,0.1171,low,0.0
CUST016777,784,excellent,87.87,77.3,88.97,46.86,87.43,80.72,14.57,20,1,0,0,0,0,0,1,187785.97,0.152,low,0.0
CUST016778,803,excellent,87.73,95.84,71.86,39.84,96.6,83.8806,2.49,8,0,0,0,0,0,0,6,343647.32,0.1025,low,0.0
CUST016779,816,excellent,85.94,93.77,79.09,68.38,91.37,86.048,4.1,5,1,0,0,0,0,1,7,106596.15,0.9954,low,0.125
CUST016780,848,excellent,99.23,89.47,93.23,63.39,93.69,91.2642,7.44,10,0,0,0,0,0,1,5,111711.54,0.7169,low,0.1667
CUST016781,836,excellent,91.62,96.82,94.93,51.89,88.4,89.3817,6.88,18,1,0,0,0,0,1,0,283554.22,0.4319,low,0.5
CUST016782,736,good,63.1,81.66,80.78,49.5,90.11,72.6595,14.28,9,1,2,0,0,0,0,6,70500.31,0.1392,low,0.0
CUST016783,808,excellent,93.53,99.59,53.09,48.12,91.96,84.5845,6.59,3,0,0,0,0,0,0,6,159733.65,0.1233,low,0.0
CUST016784,815,excellent,98.24,80.27,89.69,48.46,91.0,85.864,12.67,14,1,0,0,0,0,0,4,55576.63,0.0577,low,0.0
CUST016785,826,excellent,94.08,95.87,86.32,39.52,91.14,87.7029,3.04,16,0,0,0,0,0,0,7,155700.27,0.0693,low,0.0
CUST016786,757,excellent,91.85,47.18,96.34,55.86,98.89,76.2257,50.05,12,0,0,0,0,0,0,2,232238.91,0.1144,low,0.0
CUST016787,758,excellent,90.2,88.93,28.14,43.43,95.95,76.4085,9.16,0,0,0,0,0,0,0,2,42282.11,0.0092,low,0.0
CUST016788,759,excellent,91.66,84.65,48.55,30.86,86.09,76.4515,13.97,2,1,0,0,0,0,0,7,67760.74,0.1105,low,0.0
CUST016789,755,excellent,75.25,95.09,48.08,37.55,99.71,75.8034,5.07,1,0,1,0,0,0,0,3,126615.18,0.0624,low,0.0
CUST016790,835,excellent,94.83,97.33,80.46,65.84,81.35,89.1773,0.69,9,1,0,0,0,0,1,1,19365.37,0.9409,low,0.5
CUST016791,634,high_risk,33.89,78.74,68.85,43.5,54.88,55.649,13.16,8,3,1,0,0,0,0,0,80387.05,0.1061,low,0.0
CUST016792,650,risky,13.16,98.38,86.1,69.78,53.7,58.3808,7.18,15,4,6,0,0,0,1,0,74625.09,1.516,moderate,0.5
CUST016793,752,excellent,85.46,57.01,98.28,48.71,86.76,75.3037,30.05,16,1,0,0,0,0,0,3,94220.84,0.002,low,0.0
CUST016794,816,excellent,96.6,75.56,98.58,52.25,94.59,85.9474,11.87,17,0,0,0,0,0,1,0,329840.84,0.6632,low,0.5
CUST016795,742,good,86.36,76.6,59.15,30.16,85.93,73.6868,12.22,4,1,0,0,0,0,0,2,35222.28,0.1225,low,0.0
CUST016796,656,risky,33.62,94.07,77.27,30.32,47.32,59.3411,2.33,9,3,4,0,0,0,0,5,498465.77,0.0207,low,0.0
CUST016797,811,excellent,93.49,78.45,89.76,58.83,95.34,85.1386,11.91,15,0,0,0,0,0,1,3,50741.67,0.7725,low,0.25
CUST016798,827,excellent,92.32,88.61,85.64,69.06,91.11,87.7586,8.03,15,1,0,0,0,0,1,0,65010.14,0.9108,low,0.5
CUST016799,635,high_risk,17.19,92.55,76.35,49.38,56.42,55.8136,1.11,5,3,8,0,0,1,0,1,11948.29,0.4999,low,0.0
CUST016800,820,excellent,95.45,95.42,81.8,34.32,89.05,86.6411,8.09,6,1,0,0,0,0,0,6,38554.49,0.1028,low,0.0
CUST016801,812,excellent,87.42,97.54,83.15,37.69,92.7,85.3724,1.47,6,0,0,0,0,0,0,5,183816.69,0.1326,low,0.0
CUST016802,794,excellent,89.94,87.57,67.98,58.72,85.82,82.4015,14.0,9,1,0,0,0,0,1,0,410600.84,0.862,low,0.5
CUST016803,829,excellent,98.84,98.34,75.62,32.16,95.71,88.228,2.33,7,0,0,0,0,0,0,4,183238.0,0.1242,low,0.0
CUST016804,799,excellent,96.05,95.78,48.94,49.63,84.98,83.153,9.37,1,1,0,0,0,0,1,3,62836.28,0.9456,low,0.25
CUST016805,632,high_risk,34.63,76.39,61.4,40.35,71.04,55.3865,12.11,2,2,1,0,0,0,0,7,92942.83,0.0138,low,0.0
CUST016806,794,excellent,92.37,76.98,83.69,49.73,93.58,82.3104,12.41,6,0,0,0,0,0,0,0,37492.56,0.0249,low,0.0
CUST016807,737,good,88.15,93.86,28.48,30.53,65.69,72.9034,2.59,0,2,0,0,0,0,0,3,131156.33,0.0599,low,0.0
CUST016808,809,excellent,91.35,80.26,94.66,47.54,98.55,84.8581,14.27,11,0,0,0,0,0,1,3,168716.76,0.6344,low,0.25
CUST016809,612,high_risk,29.65,88.82,53.34,31.85,37.31,51.9425,8.34,2,5,3,0,0,1,0,6,125037.6,0.4297,low,0.0
CUST016810,810,excellent,87.22,85.01,96.77,52.52,91.75,84.9717,10.91,13,0,0,0,0,0,1,1,31021.28,0.919,low,0.5
CUST016811,757,excellent,95.59,87.98,19.44,39.95,94.82,76.2444,12.32,0,0,0,0,0,0,0,1,85289.25,0.0853,low,0.0
CUST016812,845,excellent,92.03,95.41,93.53,73.41,86.87,90.8904,2.06,13,1,0,0,0,0,1,2,37379.05,0.4469,low,0.3333
CUST016813,798,excellent,92.86,74.46,76.73,70.08,96.85,83.044,31.35,6,0,0,0,0,0,1,2,149107.76,0.585,low,0.3333
CUST016814,793,excellent,85.51,86.78,90.73,35.74,90.77,82.2217,12.04,12,0,0,0,0,0,0,3,62021.54,0.0298,low,0.0
CUST016815,726,good,48.77,94.27,85.21,75.86,62.42,70.9625,2.4,11,4,1,0,0,0,1,7,120550.89,1.0026,low,0.125
CUST016816,836,excellent,96.78,88.32,86.8,78.79,81.34,89.4003,0.06,10,1,0,0,0,0,1,4,69534.99,0.5011,low,0.2
CUST016817,771,excellent,72.2,89.59,81.84,47.08,93.77,78.5058,9.71,6,0,0,0,0,0,0,1,57475.16,0.0801,low,0.0
CUST016818,740,good,87.04,93.61,18.02,32.69,88.65,73.3827,7.05,0,1,0,0,0,0,0,4,91540.46,0.0684,low,0.0
CUST016819,843,excellent,89.61,94.97,90.65,76.99,93.27,90.4762,5.92,12,0,0,0,0,0,1,4,148951.8,0.4503,low,0.2
CUST016820,820,excellent,76.09,95.85,91.88,78.44,96.75,86.6904,7.5,11,0,0,0,0,0,2,7,52599.94,0.3413,low,0.2222
CUST016821,801,excellent,88.33,95.43,61.4,60.25,87.3,83.5074,1.84,4,1,0,0,0,0,1,5,22212.52,0.7286,low,0.1667
CUST016822,830,excellent,87.94,98.03,99.82,45.28,86.6,88.3507,6.07,13,1,0,0,0,0,0,3,56433.64,0.1135,low,0.0
CUST016823,720,good,88.58,76.27,27.98,32.74,86.59,70.0126,12.52,0,1,0,0,0,0,0,2,96027.97,0.1649,low,0.0
CUST016824,832,excellent,89.07,97.35,83.53,66.48,91.27,88.6848,3.85,6,0,0,0,0,0,1,1,37674.13,0.7224,low,0.5
CUST016825,788,excellent,94.9,81.98,67.82,46.43,87.64,81.387,11.5,9,1,0,0,0,0,1,1,644823.37,0.6805,low,0.5
CUST016826,690,risky,53.14,91.72,47.84,32.26,84.45,64.9631,5.62,1,1,3,0,0,0,0,7,72875.91,0.1399,low,0.0
CUST016827,793,excellent,93.41,88.33,63.09,40.35,95.42,82.2323,9.99,3,0,0,0,0,0,0,3,190645.39,0.0702,low,0.0
CUST016828,847,excellent,98.97,90.45,89.07,74.49,85.23,91.1043,7.71,12,1,0,0,0,0,1,4,84022.65,0.6917,low,0.2
CUST016829,799,excellent,92.63,80.69,59.68,79.84,95.41,83.1025,11.16,2,0,0,0,0,0,1,4,155911.48,0.8585,low,0.2
CUST016830,639,high_risk,10.7,98.54,94.9,32.46,56.67,56.4573,4.19,12,4,8,1,0,1,0,5,249485.75,0.3297,low,0.0
CUST016831,707,good,39.89,89.22,95.51,68.53,68.7,67.7748,0.89,18,2,3,0,0,0,1,1,666670.59,1.063,low,0.5
CUST016832,657,risky,43.77,90.6,39.91,31.63,78.3,59.4772,9.34,1,2,2,0,0,0,0,1,358776.78,0.2085,low,0.0
CUST016833,801,excellent,86.53,87.24,79.97,69.5,80.19,83.4211,14.5,5,1,0,0,0,0,1,1,66251.8,0.417,low,0.5
CUST016834,597,high_risk,28.05,89.65,21.28,33.61,62.3,49.4926,6.87,0,3,4,0,0,0,0,0,98797.45,0.0616,low,0.0
CUST016835,793,excellent,89.88,68.95,92.64,64.29,97.55,82.2216,37.44,13,0,0,0,0,0,1,1,50150.79,0.4544,low,0.5
CUST016836,833,excellent,89.86,91.27,94.89,59.28,97.78,88.7699,3.85,16,0,0,0,0,0,1,6,110912.1,0.69,low,0.1429
CUST016837,794,excellent,65.54,95.53,89.16,74.44,99.71,82.3884,8.65,20,0,1,0,0,0,1,5,36914.06,0.7166,low,0.1667
CUST016838,772,excellent,90.67,79.82,51.83,64.34,88.03,78.6918,13.81,3,1,0,0,0,0,1,7,115079.49,0.6763,low,0.125
CUST016839,797,excellent,99.2,89.77,65.6,30.42,83.15,82.8484,8.45,7,1,0,0,0,0,0,4,48261.9,0.0114,low,0.0
CUST016840,782,excellent,87.69,79.62,85.08,30.68,98.45,80.2551,14.91,19,0,0,0,0,0,0,6,91904.93,0.112,low,0.0
CUST016841,851,excellent,98.11,96.32,94.52,52.7,90.74,91.7594,1.62,10,0,0,0,0,0,1,5,50878.17,0.8019,low,0.1667
CUST016842,748,good,73.33,82.03,79.37,34.23,90.75,74.6804,12.95,8,0,1,0,0,0,0,3,59196.68,0.0649,low,0.0
CUST016843,648,high_risk,42.98,75.27,61.9,36.22,74.23,57.9523,13.57,2,2,2,0,0,0,0,1,113887.42,0.103,low,0.0
CUST016844,838,excellent,94.07,93.45,85.46,64.97,93.27,89.602,8.1,16,0,0,0,0,0,1,1,316425.04,0.881,low,0.5
CUST016845,816,excellent,85.77,94.7,79.35,63.93,92.76,85.9996,7.84,6,0,0,0,0,0,1,1,154588.04,0.4502,low,0.5
CUST016846,620,high_risk,21.62,76.55,95.86,37.43,47.27,53.383,10.12,19,4,7,0,0,1,0,6,36545.94,0.5587,low,0.0
CUST016847,810,excellent,97.56,96.36,69.26,31.84,83.98,85.0254,3.34,7,1,0,0,0,0,0,4,25191.71,0.0437,low,0.0
CUST016848,740,good,60.25,80.03,99.29,47.99,85.54,73.3427,13.23,14,1,3,0,0,0,0,0,99429.41,0.23,low,0.0
CUST016849,778,excellent,64.33,92.89,98.84,77.29,77.48,79.6849,1.62,15,2,3,0,0,0,1,5,89814.31,1.2704,low,0.1667
CUST016850,757,excellent,73.21,90.94,77.37,34.33,82.58,76.203,0.22,6,1,0,0,0,0,0,4,74007.03,0.1464,low,0.0
CUST016851,712,good,66.44,94.63,36.4,33.82,82.14,68.7002,7.18,1,1,1,0,0,0,0,1,348821.17,0.1347,low,0.0
CUST016852,778,excellent,92.33,99.77,34.4,31.36,91.77,79.7194,3.45,1,0,0,0,0,0,0,0,313453.03,0.0277,low,0.0
CUST016853,804,excellent,93.21,91.66,72.76,30.73,98.66,83.9754,0.59,9,0,0,0,0,0,0,2,93113.81,0.0083,low,0.0
CUST016854,759,excellent,87.78,93.44,38.08,30.53,90.28,76.548,1.77,1,0,0,0,0,0,0,7,111524.31,0.1432,low,0.0
CUST016855,716,good,53.06,97.66,53.04,67.93,77.2,69.3392,4.64,4,2,3,0,0,0,1,4,57103.92,1.1381,low,0.2
CUST016856,770,excellent,89.35,93.01,43.42,32.03,94.2,78.3106,5.72,1,0,0,0,0,0,0,4,77159.7,0.0038,low,0.0
CUST016857,813,excellent,96.9,98.48,48.53,57.17,90.04,85.4602,0.13,3,0,0,0,0,0,1,3,38460.38,0.635,low,0.25
CUST016858,756,excellent,90.47,64.55,68.86,53.61,92.58,75.9768,38.72,7,0,0,0,0,0,0,7,113651.11,0.112,low,0.0
CUST016859,788,excellent,91.91,93.81,56.16,34.37,92.04,81.3765,3.07,2,0,0,0,0,0,0,0,130018.62,0.1666,low,0.0
CUST016860,642,high_risk,13.8,95.85,73.28,48.43,75.44,56.9616,9.9,5,2,6,0,0,1,0,1,290364.19,0.2054,low,0.0
CUST016861,754,excellent,85.28,84.53,31.7,56.7,99.95,75.6282,12.85,0,0,0,0,0,0,1,0,22803.26,0.9954,low,0.5
CUST016862,797,excellent,92.89,93.96,63.84,42.53,82.31,82.7608,4.74,2,1,0,0,0,0,0,6,29903.47,0.0431,low,0.0
CUST016863,656,risky,25.42,93.7,58.79,46.96,87.66,59.289,4.85,2,1,1,0,0,0,0,1,109548.95,0.0234,low,0.0
CUST016864,796,excellent,98.09,81.8,74.73,37.01,88.95,82.6803,13.42,5,1,0,0,0,0,0,7,48699.99,0.0873,low,0.0
CUST016865,798,excellent,86.06,88.75,74.0,61.15,90.9,83.0501,10.73,7,0,0,0,0,0,1,1,31111.25,0.4899,low,0.5
CUST016866,645,high_risk,22.22,91.92,58.3,79.27,64.72,57.4972,7.51,2,3,7,0,0,0,1,7,99689.72,1.8363,moderate,0.125
CUST016867,644,high_risk,18.23,95.16,97.26,37.58,40.09,57.2854,2.69,10,3,6,0,0,1,0,6,274244.25,0.2765,low,0.0
CUST016868,803,excellent,91.42,94.07,67.76,34.87,99.79,83.848,3.84,5,0,0,0,0,0,0,1,80862.28,0.0856,low,0.0
CUST016869,799,excellent,94.57,89.06,72.43,34.51,90.8,83.2108,1.6,6,0,0,0,0,0,0,3,23919.24,0.1388,low,0.0
CUST016870,837,excellent,85.99,98.85,98.15,60.32,90.51,89.5582,7.17,10,0,0,0,0,0,1,4,38134.98,0.5936,low,0.2
CUST016871,819,excellent,98.44,92.29,80.14,31.5,92.41,86.5545,9.03,7,0,0,0,0,0,0,2,194527.56,0.011,low,0.0
CUST016872,795,excellent,95.4,89.66,51.89,49.14,94.36,82.4224,5.34,3,0,0,0,0,0,1,3,65284.24,0.8991,low,0.25
CUST016873,710,good,69.12,86.51,38.23,32.71,91.03,68.2539,12.15,1,1,1,0,0,0,0,5,105209.95,0.0705,low,0.0
CUST016874,736,good,49.35,98.41,95.07,72.3,44.11,72.6952,1.82,18,3,2,0,0,0,1,6,451234.21,0.7638,low,0.1429
CUST016875,838,excellent,98.94,94.9,86.59,49.79,86.4,89.707,8.02,12,1,0,0,0,0,1,1,17610.29,0.5198,low,0.5
CUST016876,779,excellent,87.3,82.95,51.22,79.56,88.05,79.8864,13.13,3,1,0,0,0,0,1,4,73562.16,0.5689,low,0.2
CUST016877,773,excellent,74.54,80.0,83.0,69.76,92.64,78.7796,13.2,9,0,0,0,0,0,1,2,208742.83,0.8432,low,0.3333
CUST016878,779,excellent,92.71,61.65,94.36,50.83,96.89,79.8689,33.39,12,0,0,0,0,0,0,2,93976.43,0.1175,low,0.0
CUST016879,699,risky,86.14,35.79,76.79,60.87,80.25,66.5152,52.77,5,1,0,0,0,0,0,6,22796.6,0.0302,low,0.0
CUST016880,753,excellent,99.49,79.85,32.04,67.03,52.15,75.4981,14.05,1,3,0,0,0,0,1,3,29593.85,0.5029,low,0.25
CUST016881,-1,no_history,88.89,96.35,20.83,32.36,94.71,75.8477,0.58,0,0,0,0,0,0,0,5,147044.43,0.0798,low,0.0
CUST016882,718,good,76.55,84.91,43.95,40.84,67.34,69.6783,10.76,1,2,0,0,0,0,0,1,266103.66,0.0455,low,0.0
CUST016883,751,excellent,92.1,88.15,17.01,48.81,90.44,75.1562,12.75,0,0,0,0,0,0,0,0,823285.41,0.0477,low,0.0
CUST016884,763,excellent,95.87,94.27,15.47,34.67,94.82,77.1037,4.02,0,0,0,0,0,0,0,2,22063.19,0.0991,low,0.0
CUST016885,777,excellent,99.63,76.9,44.57,57.28,90.85,79.4411,11.35,1,0,0,0,0,0,1,7,529021.25,0.3637,low,0.125
CUST016886,664,risky,40.45,78.31,88.09,41.43,56.74,60.6806,10.5,10,3,1,0,0,0,0,1,561932.48,0.0363,low,0.0
CUST016887,785,excellent,73.9,95.17,98.43,43.72,72.5,80.8013,6.02,14,2,0,0,0,0,0,1,79846.24,0.0574,low,0.0
CUST016888,816,excellent,98.33,78.64,92.05,51.61,90.77,86.0532,23.61,11,1,0,0,0,0,0,6,97989.62,0.0647,low,0.0
CUST016889,798,excellent,92.36,87.44,47.17,91.73,81.43,82.9483,13.95,3,1,0,0,0,0,2,6,114017.48,0.9794,low,0.25
CUST016890,721,good,50.09,89.24,74.03,67.65,90.39,70.2117,13.5,8,0,4,0,0,0,1,6,40387.37,1.2703,low,0.1429
CUST016891,786,excellent,99.57,98.95,18.33,45.87,92.12,81.0832,9.15,0,0,0,0,0,0,0,6,50628.15,0.0889,low,0.0
CUST016892,816,excellent,85.15,90.81,89.97,60.81,93.28,85.9492,9.75,14,0,0,0,0,0,1,2,346581.72,0.4147,low,0.3333
CUST016893,773,excellent,88.71,75.01,87.72,30.65,90.91,78.8681,13.37,16,0,0,0,0,0,0,3,41617.52,0.0023,low,0.0
CUST016894,623,high_risk,53.14,77.56,30.09,33.96,40.48,53.8237,11.2,0,3,2,0,0,0,0,3,90659.52,0.221,low,0.0
CUST016895,705,good,63.08,93.83,50.7,31.2,65.96,67.5496,7.22,2,2,4,0,0,0,0,6,56277.75,0.226,low,0.0
CUST016896,848,excellent,89.17,94.8,89.14,91.67,90.76,91.2643,0.21,16,0,0,0,0,0,2,5,114085.02,0.4714,low,0.2857
CUST016897,830,excellent,87.45,95.95,82.63,79.57,85.27,88.2701,1.03,8,1,0,0,0,0,1,5,13123.21,0.3335,low,0.1667
CUST016898,701,good,68.16,91.3,18.8,36.57,90.52,66.7783,7.19,0,0,0,0,0,0,0,0,45650.77,0.0663,low,0.0
CUST016899,803,excellent,95.78,92.95,67.18,44.82,79.04,83.8699,7.1,5,2,0,0,0,0,0,2,92944.42,0.0193,low,0.0
CUST016900,728,good,63.97,91.09,76.76,30.57,70.49,71.336,0.76,9,2,4,0,0,0,0,3,35291.34,0.0736,low,0.0
CUST016901,816,excellent,93.19,94.93,77.74,35.15,97.2,85.9929,6.25,7,0,0,0,0,0,0,5,129189.4,0.0129,low,0.0
CUST016902,792,excellent,91.05,88.57,64.44,53.08,86.37,82.0493,7.29,4,1,0,0,0,0,1,3,42530.42,0.7589,low,0.25
CUST016903,808,excellent,91.77,86.52,90.02,39.37,91.26,84.6413,11.91,15,0,0,0,0,0,0,4,76164.71,0.0395,low,0.0
CUST016904,764,excellent,61.73,95.69,82.03,70.23,76.8,77.3188,1.47,9,2,3,0,0,0,1,1,55791.69,0.8942,low,0.5
CUST016905,669,risky,43.46,92.53,55.55,34.18,67.19,61.4387,7.05,4,2,4,0,0,0,0,4,88062.36,0.102,low,0.0
CUST016906,639,high_risk,24.76,93.69,76.72,36.36,45.42,56.459,7.41,6,4,3,0,0,1,0,4,43541.92,0.2094,low,0.0
CUST016907,804,excellent,91.03,82.16,77.57,64.88,93.69,83.9988,24.68,9,0,0,0,0,0,1,4,169507.59,0.8911,low,0.2
CUST016908,772,excellent,67.47,96.99,85.86,39.79,91.65,78.7352,2.21,15,1,0,0,0,0,0,1,155631.55,0.0599,low,0.0
CUST016909,694,risky,60.24,91.12,33.71,34.86,87.57,65.7194,5.31,0,1,3,0,0,0,0,2,49904.04,0.1339,low,0.0
CUST016910,789,excellent,86.3,81.65,85.86,49.79,90.13,81.5713,13.66,13,0,0,0,0,0,0,7,487010.56,0.1277,low,0.0
CUST016911,811,excellent,90.28,78.7,91.28,67.53,94.86,85.1399,12.66,14,0,0,0,0,0,1,1,65472.61,0.5916,low,0.5
CUST016912,817,excellent,89.13,90.62,90.31,44.11,97.65,86.1062,0.79,20,0,0,0,0,0,0,3,47255.61,0.0635,low,0.0
CUST016913,851,excellent,85.52,96.77,97.49,88.55,93.77,91.8181,8.55,18,0,0,0,0,0,2,7,242010.0,0.9508,low,0.2222
CUST016914,790,excellent,91.26,89.37,78.61,30.1,80.87,81.6392,12.95,8,1,0,0,0,0,0,5,196632.86,0.1102,low,0.0
CUST016915,671,risky,42.85,81.74,89.88,46.55,42.13,61.8707,14.16,17,3,1,0,0,0,0,5,429132.17,0.134,low,0.0
CUST016916,706,good,33.19,90.53,86.17,64.17,96.19,67.7356,5.81,14,0,1,0,0,0,1,4,383894.28,0.9288,low,0.2
CUST016917,778,excellent,85.74,91.13,64.92,34.81,90.53,79.6218,6.65,2,1,0,0,0,0,0,1,270788.5,0.0158,low,0.0
CUST016918,713,good,48.7,95.45,73.96,76.14,44.7,68.8577,5.69,6,3,4,0,0,0,1,0,416037.81,0.7637,low,0.5
CUST016919,644,high_risk,13.88,98.59,91.08,68.64,32.95,57.2565,4.12,10,5,6,0,0,0,1,1,92542.14,1.7056,moderate,0.5
CUST016920,815,excellent,99.86,81.42,89.14,39.11,91.8,85.8382,12.01,12,0,0,0,0,0,0,1,13447.74,0.1181,low,0.0
CUST016921,731,good,86.1,48.11,87.09,50.56,91.8,71.8693,50.72,15,0,0,0,0,0,0,1,75348.56,0.0727,low,0.0
CUST016922,824,excellent,89.43,92.9,89.62,48.32,98.54,87.3003,3.56,16,0,0,0,0,0,1,0,82742.86,0.6089,low,0.5
CUST016923,817,excellent,87.55,87.65,96.65,54.81,92.16,86.1325,24.03,12,0,0,0,0,0,0,4,331932.48,0.1102,low,0.0
CUST016924,811,excellent,99.63,98.0,58.05,33.55,88.12,85.1446,5.49,2,1,0,0,0,0,0,0,174968.76,0.1286,low,0.0
CUST016925,829,excellent,92.22,91.79,97.35,39.15,98.98,88.2281,5.32,17,0,0,0,0,0,0,5,192634.14,0.0606,low,0.0
CUST016926,761,excellent,67.83,98.36,50.95,68.2,90.59,76.7695,6.73,3,0,0,0,0,0,1,4,206075.9,0.7855,low,0.2
CUST016927,744,good,65.06,92.61,60.56,56.64,86.57,73.9588,6.49,3,1,0,0,0,0,1,6,187359.96,0.351,low,0.1429
CUST016928,765,excellent,88.0,76.31,56.32,61.13,92.16,77.4714,13.5,3,0,0,0,0,0,1,1,53279.83,0.4506,low,0.5
CUST016929,787,excellent,88.95,96.11,60.67,31.0,89.41,81.1046,2.35,3,1,0,0,0,0,0,2,123627.98,0.1231,low,0.0
CUST016930,579,high_risk,5.71,98.84,31.37,40.07,61.58,46.5209,0.68,0,4,6,0,1,1,0,7,343880.9,0.6474,low,0.0
CUST016931,838,excellent,88.75,90.62,99.96,69.84,94.99,89.7251,1.54,13,0,0,0,0,0,1,2,362322.06,0.8826,low,0.3333
CUST016932,757,excellent,79.63,96.26,37.88,38.46,99.45,76.2219,6.42,1,0,0,0,0,0,0,5,148079.01,0.0603,low,0.0
CUST016933,779,excellent,88.01,94.22,50.56,34.42,97.77,79.8736,0.26,4,0,0,0,0,0,0,3,116093.76,0.0066,low,0.0
CUST016934,788,excellent,94.01,76.39,87.02,57.72,67.1,81.3551,14.62,16,2,0,0,0,0,1,7,137462.28,0.8242,low,0.125
CUST016935,817,excellent,96.96,95.23,65.65,45.66,91.93,86.1119,5.58,5,0,0,0,0,0,0,6,174110.39,0.0334,low,0.0
CUST016936,827,excellent,95.53,79.06,96.63,74.9,86.83,87.8207,14.39,14,1,0,0,0,0,1,2,273370.76,0.5758,low,0.3333
CUST016937,841,excellent,95.15,92.6,93.76,49.79,99.6,90.0865,9.0,15,0,0,0,0,0,0,0,111093.84,0.0849,low,0.0
CUST016938,782,excellent,87.89,82.79,58.27,71.16,88.45,80.3004,12.92,4,1,0,0,0,0,1,4,152635.04,0.6276,low,0.2
CUST016939,771,excellent,86.0,89.34,54.44,35.1,99.72,78.5501,12.96,2,0,0,0,0,0,0,1,150570.14,0.1306,low,0.0
CUST016940,825,excellent,96.87,90.79,91.69,35.23,91.1,87.5287,1.42,15,0,0,0,0,0,0,2,250367.21,0.1069,low,0.0
CUST016941,816,excellent,88.46,97.51,80.37,44.69,92.71,86.0089,2.32,6,0,0,0,0,0,0,0,55410.12,0.1326,low,0.0
CUST016942,683,risky,64.66,39.58,91.51,76.19,90.19,63.8669,63.04,19,0,4,0,0,0,1,3,779402.63,1.0628,low,0.25
CUST016943,844,excellent,98.63,93.61,95.15,44.28,94.39,90.746,7.5,18,0,0,0,0,0,0,3,27082.76,0.1008,low,0.0
CUST016944,810,excellent,87.92,86.15,88.5,59.39,91.97,85.0295,10.78,16,0,0,0,0,0,1,1,53385.2,0.9443,low,0.5
CUST016945,687,risky,54.35,95.37,57.48,41.32,41.36,64.5215,3.93,3,4,1,0,0,0,0,2,56831.98,0.018,low,0.0
CUST016946,633,high_risk,28.49,89.85,54.69,73.49,40.04,55.4841,5.94,4,4,5,0,0,0,1,4,190609.73,1.2455,low,0.2
CUST016947,790,excellent,87.17,99.67,63.55,32.7,84.66,81.6795,0.6,2,1,0,0,0,0,0,6,161526.25,0.0712,low,0.0
CUST016948,822,excellent,97.72,94.91,54.27,64.29,96.97,86.9416,3.96,4,0,0,0,0,0,1,2,16641.63,0.4697,low,0.3333
CUST016949,818,excellent,86.12,96.2,70.67,71.79,95.23,86.3039,1.85,8,0,0,0,0,0,1,1,281834.49,0.5565,low,0.5
CUST016950,802,excellent,90.56,82.0,82.43,59.08,91.46,83.715,12.24,8,0,0,0,0,0,1,1,61610.89,0.4982,low,0.5
CUST016951,821,excellent,87.34,93.51,82.5,60.05,97.89,86.7927,5.82,6,0,0,0,0,0,1,6,85444.61,0.3927,low,0.1429
CUST016952,757,excellent,74.37,98.31,50.89,38.47,92.06,76.2082,9.08,2,0,1,0,0,0,0,3,494742.02,0.0863,low,0.0
CUST016953,709,good,79.58,77.35,34.8,33.95,84.93,68.1652,11.06,0,1,1,0,0,0,0,3,187178.18,0.0394,low,0.0
CUST016954,675,risky,42.24,89.34,86.37,39.87,40.41,62.5685,4.43,12,4,3,0,0,0,0,5,157255.95,0.2366,low,0.0
CUST016955,709,good,63.63,88.38,57.16,40.27,67.88,68.173,11.53,4,2,3,0,0,0,0,0,426292.5,0.0009,low,0.0
CUST016956,739,good,53.78,93.08,95.18,72.39,48.44,73.1096,1.27,18,3,3,0,0,0,1,6,102933.72,0.7119,low,0.1429
CUST016957,733,good,55.56,89.8,85.13,48.15,81.52,72.1228,7.39,15,1,4,0,0,0,0,2,97445.43,0.2378,low,0.0
CUST016958,723,good,78.22,94.1,15.06,40.66,85.45,70.4755,1.68,0,1,1,0,0,0,0,3,144475.21,0.0796,low,0.0
CUST016959,776,excellent,90.82,75.99,69.04,49.93,93.25,79.2575,13.38,9,0,0,0,0,0,0,1,78463.01,0.0302,low,0.0
CUST016960,658,risky,24.27,97.09,89.02,66.03,30.76,59.6502,3.67,12,5,4,0,0,0,1,5,115839.86,1.9416,moderate,0.1667
CUST016961,767,excellent,98.6,75.65,43.93,48.52,91.93,77.8385,14.53,1,1,0,0,0,0,1,7,331940.08,0.8415,low,0.125
CUST016962,814,excellent,93.53,93.03,88.26,35.75,82.64,85.7227,2.05,17,1,0,0,0,0,0,0,292258.77,0.1324,low,0.0
CUST016963,803,excellent,89.89,83.57,92.88,35.02,99.14,83.88,14.8,16,0,0,0,0,0,0,2,502908.53,0.0586,low,0.0
CUST016964,735,good,85.98,88.68,18.93,43.69,85.55,72.4625,4.56,0,1,0,0,0,0,0,7,78973.26,0.1399,low,0.0
CUST016965,605,high_risk,27.97,81.08,60.31,46.33,29.78,50.7687,14.03,2,5,3,0,0,1,0,5,53863.07,0.1781,low,0.0
CUST016966,721,good,46.86,96.31,70.33,67.53,85.11,70.108,2.23,5,1,1,0,0,0,1,7,250960.42,1.0354,low,0.125
CUST016967,674,risky,52.17,90.52,51.59,34.59,57.79,62.3927,9.26,3,3,1,0,0,0,0,4,133246.09,0.1272,low,0.0
CUST016968,576,high_risk,0.09,80.12,72.53,33.67,77.2,46.0338,11.16,6,2,4,0,1,1,0,7,31007.3,0.4439,low,0.0
CUST016969,795,excellent,99.96,99.6,22.93,73.72,68.44,82.5237,0.24,0,2,0,0,0,0,1,5,115222.16,0.7657,low,0.1667
CUST016970,754,excellent,94.94,77.32,48.88,32.36,87.02,75.698,11.23,2,1,0,0,0,0,0,4,61067.98,0.1421,low,0.0
CUST016971,577,high_risk,11.06,81.44,47.88,71.32,45.24,46.1434,10.41,3,4,6,0,0,0,1,7,155876.59,1.1731,low,0.125
CUST016972,777,excellent,90.42,89.39,50.17,42.62,92.14,79.4658,5.28,2,0,0,0,0,0,0,5,394727.59,0.0718,low,0.0
CUST016973,850,excellent,94.95,96.02,90.57,78.76,81.43,91.6429,3.09,20,1,0,0,0,0,1,7,61988.06,0.9108,low,0.125
CUST016974,672,risky,46.8,75.58,82.19,45.0,61.14,61.9965,12.51,5,3,4,0,0,0,0,2,8477.39,0.1342,low,0.0
CUST016975,621,high_risk,6.17,99.21,83.36,39.24,51.43,53.4949,5.06,5,3,7,1,1,1,0,0,194369.32,0.4559,low,0.0
CUST016976,772,excellent,93.73,90.85,30.92,48.67,91.02,78.6653,9.75,0,0,0,0,0,0,0,5,327286.36,0.143,low,0.0
CUST016977,758,excellent,91.17,93.32,18.38,37.33,99.21,76.3151,1.05,0,0,0,0,0,0,0,2,83541.61,0.0988,low,0.0
CUST016978,811,excellent,92.98,82.57,96.54,36.37,97.8,85.2114,11.11,18,0,0,0,0,0,0,0,27123.94,0.1036,low,0.0
CUST016979,822,excellent,86.46,98.16,96.32,39.42,89.06,87.0043,4.8,19,1,0,0,0,0,0,0,21060.32,0.1041,low,0.0
CUST016980,794,excellent,87.74,93.48,76.64,31.3,89.47,82.3254,3.06,9,1,0,0,0,0,0,5,70583.62,0.0842,low,0.0
CUST016981,779,excellent,90.29,77.16,82.92,45.05,82.03,79.8963,10.43,7,1,0,0,0,0,0,6,170128.71,0.0594,low,0.0
CUST016982,634,high_risk,19.6,95.35,80.21,41.3,40.08,55.6352,4.48,9,4,7,0,0,1,0,7,147059.39,0.5005,low,0.0
CUST016983,756,excellent,73.12,85.74,69.24,44.92,98.79,76.0693,12.54,7,0,1,0,0,0,0,2,92007.33,0.0568,low,0.0
CUST016984,694,risky,47.21,99.96,58.21,31.43,73.09,65.6954,9.79,2,2,3,0,0,0,0,7,155598.89,0.2386,low,0.0
CUST016985,833,excellent,96.64,93.08,99.0,37.02,84.57,88.755,4.2,14,1,0,0,0,0,0,7,985557.81,0.0951,low,0.0
CUST016986,831,excellent,88.23,88.31,95.62,72.33,94.96,88.4452,10.21,15,0,0,0,0,0,1,0,43798.75,0.6915,low,0.5
CUST016987,646,high_risk,40.68,89.52,43.5,40.07,60.83,57.71,14.87,1,3,2,0,0,0,0,1,199489.72,0.161,low,0.0
CUST016988,841,excellent,95.49,96.52,95.11,44.49,91.04,90.1994,2.02,10,0,0,0,0,0,0,7,49205.69,0.0666,low,0.0
CUST016989,824,excellent,94.28,89.83,98.29,45.82,81.1,87.3829,6.77,18,1,0,0,0,0,0,5,120679.33,0.0143,low,0.0
CUST016990,623,high_risk,12.45,91.64,95.71,34.53,41.55,53.8153,5.3,20,3,6,0,0,1,0,2,188927.55,0.3716,low,0.0
CUST016991,777,excellent,92.78,97.41,11.5,61.5,99.87,79.5577,0.51,0,0,0,0,0,0,1,0,69211.71,0.4481,low,0.5
CUST016992,860,excellent,97.99,96.33,91.37,77.86,86.06,93.2935,2.07,12,1,0,0,0,0,1,0,98921.24,0.5269,low,0.5
CUST016993,627,high_risk,30.87,95.54,28.3,30.18,77.55,54.484,8.65,0,2,3,0,0,0,0,4,10489.71,0.0702,low,0.0
CUST016994,793,excellent,88.76,94.49,73.01,36.0,82.18,82.1845,2.01,9,1,0,0,0,0,0,7,81701.78,0.0269,low,0.0
CUST016995,623,high_risk,21.55,87.47,66.54,44.13,55.78,53.7566,14.63,7,3,6,0,0,1,0,6,69336.98,0.4717,low,0.0
CUST016996,812,excellent,87.72,95.32,95.37,35.68,81.07,85.2762,3.85,19,1,0,0,0,0,0,1,64832.35,0.0146,low,0.0
CUST016997,654,risky,23.02,97.45,48.56,78.55,76.09,59.0418,7.01,2,2,3,0,0,0,1,0,515420.85,1.9686,moderate,0.5
CUST016998,820,excellent,85.26,91.76,96.21,48.88,99.71,86.6585,0.14,15,0,0,0,0,0,0,5,47614.17,0.0895,low,0.0
CUST016999,752,excellent,89.18,96.23,15.64,39.23,89.17,75.2678,1.53,0,1,0,0,0,0,0,2,43982.68,0.1406,low,0.0
CUST017000,813,excellent,95.48,96.28,66.8,43.59,87.86,85.4648,4.56,5,1,0,0,0,0,0,6,75746.43,0.0254,low,0.0
CUST017001,778,excellent,88.57,77.17,61.45,72.51,90.91,79.7105,13.47,2,0,0,0,0,0,1,1,86761.98,0.4801,low,0.5
CUST017002,777,excellent,74.91,88.52,90.86,39.01,91.26,79.4272,11.45,14,0,1,0,0,0,0,1,265611.05,0.1656,low,0.0
CUST017003,775,excellent,87.21,83.72,48.35,77.64,85.48,79.2056,12.45,4,1,0,0,0,0,1,6,30606.92,0.8432,low,0.1429
CUST017004,803,excellent,97.4,75.14,81.87,51.35,97.98,83.8453,12.23,9,0,0,0,0,0,1,3,334482.24,0.5356,low,0.25
CUST017005,800,excellent,91.31,78.09,78.18,66.35,95.08,83.2549,11.88,8,0,0,0,0,0,1,1,48142.32,0.5279,low,0.5
CUST017006,798,excellent,96.83,77.88,85.48,34.44,94.42,82.9616,14.48,11,0,0,0,0,0,0,2,99473.35,0.0235,low,0.0
CUST017007,836,excellent,95.74,96.31,68.4,76.55,89.48,89.2637,0.37,5,1,0,0,0,0,1,3,78361.2,0.8043,low,0.25
CUST017008,812,excellent,89.22,96.74,92.87,41.79,70.53,85.4137,0.16,10,2,0,0,0,0,0,4,33814.71,0.152,low,0.0
CUST017009,822,excellent,86.27,96.26,87.76,49.2,98.85,87.0394,8.92,17,0,0,0,0,0,0,3,106508.52,0.0643,low,0.0
CUST017010,752,excellent,96.43,79.64,34.22,41.57,83.68,75.3011,11.17,0,1,0,0,0,0,0,4,133585.62,0.1431,low,0.0
CUST017011,857,excellent,92.94,97.54,90.98,75.9,98.06,92.8319,5.1,13,0,0,0,0,0,2,3,49522.28,0.744,low,0.4
CUST017012,654,risky,47.5,89.55,20.61,49.23,74.43,58.9473,13.75,0,2,1,0,0,0,0,1,342954.51,0.0246,low,0.0
CUST017013,769,excellent,89.36,90.95,48.8,52.26,70.41,78.1478,3.9,3,2,0,0,0,0,1,0,80105.19,0.8652,low,0.5
CUST017014,749,good,59.31,96.8,97.0,33.99,70.96,74.8443,8.53,10,2,2,0,0,0,0,5,751134.75,0.1824,low,0.0
CUST017015,808,excellent,95.19,90.99,68.46,41.06,97.55,84.7422,6.85,5,0,0,0,0,0,0,4,32540.43,0.1367,low,0.0
CUST017016,833,excellent,98.62,90.22,99.81,39.13,83.29,88.7948,2.66,18,1,0,0,0,0,0,4,31907.2,0.0711,low,0.0
CUST017017,671,risky,50.18,81.13,58.27,32.06,80.59,61.9075,11.76,2,1,3,0,0,0,0,7,137126.49,0.2151,low,0.0
CUST017018,815,excellent,92.72,83.3,87.8,60.01,91.47,85.761,12.89,16,0,0,0,0,0,1,0,62325.77,0.6386,low,0.5
CUST017019,813,excellent,91.17,89.36,94.14,35.85,91.01,85.5266,12.91,12,1,0,0,0,0,0,5,158936.59,0.0881,low,0.0
CUST017020,820,excellent,88.31,81.81,95.88,79.5,88.99,86.6812,11.51,17,1,0,0,0,0,1,1,43182.84,0.8537,low,0.5
CUST017021,798,excellent,91.33,98.0,48.53,60.06,84.12,83.0649,1.85,3,1,0,0,0,0,1,2,42381.94,0.7136,low,0.3333
CUST017022,728,good,71.32,84.89,47.58,61.76,75.5,71.2917,12.85,4,2,1,0,0,0,1,6,85811.24,0.3961,low,0.1429
CUST017023,791,excellent,93.26,88.28,66.71,35.03,91.96,81.8327,11.78,9,1,0,0,0,0,0,5,78160.62,0.0047,low,0.0
CUST017024,836,excellent,91.82,98.66,92.82,45.47,91.2,89.3278,4.82,15,0,0,0,0,0,0,5,90701.82,0.0628,low,0.0
CUST017025,715,good,52.79,97.2,48.44,60.75,91.91,69.1674,0.88,2,1,2,0,0,0,1,5,63400.81,1.4167,low,0.1667
CUST017026,736,good,88.48,86.1,32.27,42.34,67.79,72.6507,11.03,0,2,0,0,0,0,0,5,33024.75,0.0146,low,0.0
CUST017027,772,excellent,93.29,90.98,31.9,41.44,98.65,78.7362,0.56,0,0,0,0,0,0,0,5,86253.65,0.0086,low,0.0
CUST017028,651,risky,56.14,76.38,51.16,34.6,47.5,58.446,12.6,4,4,1,0,0,0,0,1,403302.67,0.1573,low,0.0
CUST017029,680,risky,63.12,80.22,31.37,43.4,80.63,63.2663,11.19,1,1,4,0,0,0,0,7,209044.85,0.0209,low,0.0
CUST017030,785,excellent,91.07,80.99,68.46,60.11,83.53,80.8044,13.7,9,1,0,0,0,0,1,3,48334.5,0.6312,low,0.25
CUST017031,794,excellent,98.03,89.89,31.3,77.39,86.56,82.3691,0.93,0,1,0,0,0,0,1,1,121954.05,0.6812,low,0.5
CUST017032,712,good,45.92,85.99,86.33,69.29,79.76,68.7218,13.97,13,2,3,0,0,0,1,1,42610.17,1.2704,low,0.5
CUST017033,767,excellent,92.14,95.63,18.36,52.65,88.44,77.8024,9.45,0,1,0,0,0,0,1,1,214521.43,0.4561,low,0.5
CUST017034,764,excellent,90.53,92.64,33.5,32.96,95.33,77.3304,6.49,1,0,0,0,0,0,0,0,181814.69,0.0243,low,0.0
CUST017035,831,excellent,87.14,99.47,91.4,62.12,81.7,88.4324,6.44,10,1,0,0,0,0,1,0,83993.79,0.7692,low,0.5
CUST017036,766,excellent,85.89,92.22,37.98,43.81,98.58,77.663,0.35,1,0,0,0,0,0,0,2,202079.19,0.0348,low,0.0
CUST017037,828,excellent,94.54,93.29,96.05,34.09,91.11,88.0035,2.32,15,0,0,0,0,0,0,0,94224.76,0.0488,low,0.0
CUST017038,812,excellent,87.8,98.54,86.83,33.63,86.0,85.2819,4.1,14,1,0,0,0,0,0,4,30297.98,0.1444,low,0.0
CUST017039,843,excellent,96.79,88.84,96.79,63.13,90.96,90.4559,11.89,19,1,0,0,0,0,1,3,86250.17,0.6702,low,0.25
CUST017040,776,excellent,87.58,77.88,78.95,47.36,86.89,79.2836,12.91,5,1,0,0,0,0,1,6,195206.21,0.8288,low,0.1429
CUST017041,768,excellent,90.65,62.66,86.79,56.79,86.97,77.9224,34.99,10,1,0,0,0,0,0,1,76351.32,0.0762,low,0.0
CUST017042,854,excellent,97.19,98.05,77.06,75.8,97.23,92.2932,7.63,7,0,0,0,0,0,1,5,46745.45,0.8516,low,0.1667
CUST017043,848,excellent,93.21,98.99,90.11,63.49,91.88,91.3759,5.85,15,1,0,0,0,0,1,5,76404.72,0.806,low,0.1667
CUST017044,720,good,47.44,91.16,67.17,73.78,86.62,70.0688,4.22,7,1,2,0,0,0,1,4,131797.18,0.9058,low,0.2
CUST017045,841,excellent,98.65,98.39,62.03,68.59,99.55,90.1641,0.24,4,0,0,0,0,0,1,0,68581.83,0.632,low,0.5
CUST017046,786,excellent,88.76,88.72,79.11,33.97,80.67,81.0131,2.35,9,1,0,0,0,0,0,6,55728.64,0.0353,low,0.0
CUST017047,620,high_risk,12.19,79.35,97.46,44.32,62.71,53.3898,11.81,14,4,4,1,1,1,0,0,47734.0,0.1861,low,0.0
CUST017048,791,excellent,89.14,95.21,58.27,38.59,95.08,81.8684,1.5,3,0,0,0,0,0,0,1,63923.43,0.0227,low,0.0
CUST017049,784,excellent,67.71,86.67,89.8,75.93,98.92,80.6554,10.98,13,0,1,0,0,0,1,4,29320.66,0.9486,low,0.2
CUST017050,770,excellent,97.22,77.13,33.71,67.99,93.04,78.3263,11.75,1,0,0,0,0,0,1,0,937059.29,0.5309,low,0.5
CUST017051,823,excellent,88.21,83.84,98.95,62.45,99.85,87.0968,14.72,11,0,0,0,0,0,1,7,29344.43,0.4786,low,0.125
CUST017052,801,excellent,93.99,77.92,89.76,47.49,89.94,83.4791,10.28,13,1,0,0,0,0,0,6,30521.08,0.0632,low,0.0
CUST017053,798,excellent,78.98,82.69,95.98,68.87,92.43,82.9792,13.65,10,0,1,0,0,0,1,3,116018.25,0.5354,low,0.25
CUST017054,849,excellent,99.9,97.63,90.01,42.4,94.34,91.4284,8.41,12,0,0,0,0,0,0,6,147190.47,0.1049,low,0.0
CUST017055,804,excellent,93.68,81.96,97.17,39.74,80.64,83.9884,11.5,12,1,0,0,0,0,0,1,110636.78,0.0926,low,0.0
CUST017056,620,high_risk,15.23,88.11,82.73,42.25,49.86,53.3828,2.63,6,4,6,0,0,1,0,7,86471.88,0.6067,low,0.0
CUST017057,759,excellent,65.22,93.7,75.1,52.53,89.61,76.4178,6.26,7,1,1,0,0,0,1,2,26882.43,0.5435,low,0.3333
CUST017058,760,excellent,87.03,70.67,54.57,73.6,95.38,76.7447,31.36,2,0,0,0,0,0,1,3,111150.99,0.8659,low,0.25
CUST017059,847,excellent,99.21,97.16,95.94,35.25,94.33,91.2176,5.46,16,0,0,0,0,0,0,3,101038.84,0.1032,low,0.0
CUST017060,837,excellent,88.48,95.63,87.7,77.4,90.27,89.5763,2.32,10,1,0,0,0,0,1,6,30832.32,0.6166,low,0.1429
CUST017061,788,excellent,85.61,88.22,88.78,32.7,83.62,81.38,5.34,10,1,0,0,0,0,0,2,18651.95,0.0379,low,0.0
CUST017062,779,excellent,96.37,60.65,82.78,68.63,86.57,79.862,33.89,5,1,0,0,0,0,1,6,90110.17,0.9077,low,0.1429
CUST017063,832,excellent,99.27,99.89,71.79,45.28,86.25,88.6312,2.05,5,1,0,0,0,0,0,7,78587.89,0.1064,low,0.0
CUST017064,834,excellent,98.23,89.91,92.9,48.54,88.26,88.9685,5.92,13,1,0,0,0,0,0,6,839231.38,0.1582,low,0.0
CUST017065,782,excellent,85.8,75.34,93.19,43.14,94.67,80.3912,14.93,16,0,0,0,0,0,0,4,69753.43,0.0251,low,0.0
CUST017066,798,excellent,90.88,83.7,90.71,40.23,85.28,83.0753,10.82,10,1,0,0,0,0,0,0,62270.2,0.0041,low,0.0
CUST017067,810,excellent,99.11,79.8,97.58,32.45,84.24,84.9353,11.99,16,1,0,0,0,0,0,7,60901.09,0.1315,low,0.0
CUST017068,761,excellent,93.53,79.33,48.83,41.97,88.13,76.8709,14.33,2,1,0,0,0,0,0,2,103981.69,0.1451,low,0.0
CUST017069,809,excellent,87.77,90.2,88.34,43.81,93.53,84.7669,3.34,10,0,0,0,0,0,0,7,49681.93,0.1086,low,0.0
CUST017070,807,excellent,98.72,95.95,43.37,47.94,98.94,84.5283,4.54,1,0,0,0,0,0,1,0,142629.72,0.6282,low,0.5
CUST017071,632,high_risk,15.31,98.08,97.22,36.08,24.37,55.4119,1.4,14,6,3,0,0,1,0,5,92352.25,0.6587,low,0.0
CUST017072,825,excellent,86.34,98.58,65.86,84.28,94.6,87.5607,6.05,5,0,0,0,0,0,2,6,35748.5,0.9963,low,0.25
CUST017073,770,excellent,86.5,67.22,90.38,60.69,82.45,78.312,36.6,18,1,0,0,0,0,0,5,13902.68,0.1388,low,0.0
CUST017074,754,excellent,76.91,78.11,85.35,44.41,81.36,75.7309,13.9,15,1,0,0,0,0,0,7,75751.17,0.0552,low,0.0
CUST017075,821,excellent,88.16,91.88,82.7,69.45,90.57,86.8259,9.76,6,0,0,0,0,0,1,0,152703.28,0.912,low,0.5
CUST017076,788,excellent,90.21,98.88,62.74,35.98,71.16,81.363,7.78,4,2,0,0,0,0,0,5,416633.0,0.0939,low,0.0
CUST017077,789,excellent,74.87,90.58,98.63,42.57,90.04,81.4349,8.73,10,1,1,0,0,0,0,6,348919.7,0.0084,low,0.0
CUST017078,836,excellent,99.18,98.66,80.32,42.51,86.75,89.2835,4.61,7,1,0,0,0,0,0,6,92640.67,0.1022,low,0.0
CUST017079,778,excellent,73.68,94.61,80.11,35.95,98.27,79.608,3.25,7,0,1,0,0,0,0,2,47139.08,0.0568,low,0.0
CUST017080,765,excellent,86.66,89.29,48.75,35.7,94.19,77.4196,5.43,4,0,0,0,0,0,0,1,164108.13,0.026,low,0.0
CUST017081,787,excellent,73.85,94.52,98.84,40.94,80.2,81.1449,2.04,12,1,1,0,0,0,0,4,165766.62,0.1258,low,0.0
CUST017082,831,excellent,97.51,96.36,87.6,30.58,93.38,88.5728,4.95,13,0,0,0,0,0,0,3,106119.45,0.1202,low,0.0
CUST017083,843,excellent,99.55,79.72,95.0,79.33,95.48,90.4885,29.33,20,0,0,0,0,0,1,3,6706.26,0.8985,low,0.25
CUST017084,780,excellent,90.68,88.08,40.2,62.27,96.6,80.0774,10.01,1,0,0,0,0,0,1,2,205285.46,0.3935,low,0.3333
CUST017085,796,excellent,88.14,89.48,72.56,45.19,94.96,82.5926,0.49,7,0,0,0,0,0,0,6,503977.03,0.1163,low,0.0
CUST017086,807,excellent,87.77,86.2,75.54,72.8,93.42,84.5324,14.96,7,0,0,0,0,0,1,0,211478.4,0.913,low,0.5
CUST017087,845,excellent,91.37,94.23,98.45,66.81,91.87,90.883,5.65,20,1,0,0,0,0,1,5,51067.96,0.5114,low,0.1667
CUST017088,824,excellent,95.31,89.9,84.23,56.86,86.28,87.2755,1.49,7,1,0,0,0,0,1,7,52545.09,0.6038,low,0.125
CUST017089,781,excellent,85.89,87.72,70.38,47.93,83.9,80.1171,10.61,9,1,0,0,0,0,0,4,177707.01,0.0184,low,0.0
CUST017090,681,risky,55.94,79.44,48.28,36.26,91.68,63.4472,12.03,2,1,3,0,0,0,0,7,87255.82,0.1782,low,0.0
CUST017091,813,excellent,90.72,89.86,76.89,58.69,93.96,85.5068,1.93,6,0,0,0,0,0,1,7,46206.19,0.5237,low,0.125
CUST017092,657,risky,32.73,75.78,81.56,41.39,89.75,59.5402,11.71,7,1,2,0,0,0,0,0,200965.81,0.1747,low,0.0
CUST017093,722,good,78.37,85.07,27.83,33.99,98.37,70.36,11.43,0,0,1,0,0,0,0,0,90206.91,0.0125,low,0.0
CUST017094,793,excellent,93.98,86.55,71.22,45.24,81.67,82.2322,13.27,7,1,0,0,0,0,0,3,28993.65,0.088,low,0.0
CUST017095,782,excellent,92.83,98.2,41.96,30.61,90.45,80.3523,5.16,1,0,0,0,0,0,0,0,61538.33,0.1554,low,0.0
CUST017096,838,excellent,94.46,93.83,93.55,45.77,98.72,89.6924,9.93,13,0,0,0,0,0,0,2,139400.01,0.0066,low,0.0
CUST017097,824,excellent,97.97,77.65,91.72,68.81,90.29,87.2518,12.54,13,1,0,0,0,0,1,0,157161.18,0.9427,low,0.5
CUST017098,826,excellent,93.64,95.6,62.35,71.07,97.22,87.6337,6.45,4,0,0,0,0,0,1,7,244009.09,0.508,low,0.125
CUST017099,848,excellent,96.5,98.98,98.69,40.33,90.06,91.3128,5.34,14,1,0,0,0,0,0,7,35917.22,0.1596,low,0.0
CUST017100,742,good,99.22,58.17,34.94,64.3,98.2,73.6696,35.31,1,0,0,0,0,0,1,6,18156.98,0.9638,low,0.1429
CUST017101,612,high_risk,9.35,96.68,85.24,49.12,21.0,52.0745,6.19,19,5,0,0,1,1,0,2,68523.5,0.4559,low,0.0
CUST017102,843,excellent,94.65,87.85,97.46,70.03,93.42,90.4471,14.74,13,0,0,0,0,0,1,2,162380.58,0.7356,low,0.3333
CUST017103,830,excellent,91.49,94.56,89.87,51.09,93.02,88.2826,7.63,18,0,0,0,0,0,1,7,91290.06,0.3936,low,0.125
CUST017104,828,excellent,95.85,99.85,73.23,36.21,99.65,88.0719,9.8,9,0,0,0,0,0,0,0,625845.53,0.1148,low,0.0
CUST017105,785,excellent,78.33,92.31,79.02,38.66,99.96,80.8257,8.71,6,0,0,0,0,0,0,3,149462.38,0.0106,low,0.0
CUST017106,686,risky,43.55,88.33,85.75,31.58,65.57,64.32,3.14,10,2,3,0,0,0,0,3,50931.56,0.0719,low,0.0
CUST017107,816,excellent,95.89,99.97,61.13,38.71,94.44,86.0389,2.09,2,0,0,0,0,0,0,3,164969.42,0.0945,low,0.0
CUST017108,707,good,77.96,80.35,26.34,33.23,91.15,67.7809,11.99,0,0,1,0,0,0,0,3,25637.59,0.0158,low,0.0
CUST017109,698,risky,56.92,86.57,56.88,44.81,73.45,66.2534,11.97,2,2,3,0,0,0,0,4,77224.9,0.2394,low,0.0
CUST017110,786,excellent,87.48,82.21,63.25,64.82,97.02,80.9536,14.44,3,0,0,0,0,0,1,7,146705.49,0.5094,low,0.125
CUST017111,770,excellent,88.81,93.25,39.0,41.16,93.01,78.3269,5.59,1,0,0,0,0,0,0,7,157074.63,0.0668,low,0.0
CUST017112,538,high_risk,6.17,88.35,20.99,65.17,24.21,39.7496,14.76,0,5,4,1,0,0,1,0,39261.16,2.0696,moderate,0.5
CUST017113,834,excellent,92.41,90.3,99.96,64.78,81.15,89.0214,0.15,10,1,0,0,0,0,1,0,185757.3,0.7238,low,0.5
CUST017114,641,high_risk,43.83,89.81,18.13,45.67,72.56,56.8273,2.02,0,2,2,0,0,0,0,5,190472.47,0.2103,low,0.0
CUST017115,788,excellent,72.47,96.28,94.35,37.44,91.74,81.3197,9.41,13,1,0,0,0,0,0,7,184605.94,0.0315,low,0.0
CUST017116,627,high_risk,17.78,95.02,57.94,79.56,41.85,54.5631,1.68,2,5,5,1,0,0,1,3,119302.99,1.7596,moderate,0.25
CUST017117,809,excellent,96.99,90.59,68.92,51.37,82.05,84.8042,5.9,6,1,0,0,0,0,1,7,188760.79,0.7204,low,0.125
CUST017118,773,excellent,97.17,94.85,31.18,47.76,69.44,78.8648,7.32,0,2,0,0,0,0,0,4,276001.25,0.0187,low,0.0
CUST017119,809,excellent,97.49,89.97,53.17,65.04,92.7,84.8616,3.66,3,0,0,0,0,0,1,3,57514.67,0.6556,low,0.25
CUST017120,695,risky,51.38,80.84,90.91,38.2,62.21,65.9119,14.1,20,3,1,0,0,0,0,4,234924.0,0.1606,low,0.0
CUST017121,746,good,73.54,88.12,65.84,36.05,86.13,74.2685,4.37,7,1,0,0,0,0,0,6,71578.72,0.0379,low,0.0
CUST017122,746,good,90.28,96.36,14.43,30.24,86.01,74.2944,5.83,0,1,0,0,0,0,0,4,81318.99,0.1256,low,0.0
CUST017123,800,excellent,99.73,93.39,54.2,38.03,83.96,83.2535,7.38,3,1,0,0,0,0,0,0,119795.22,0.1498,low,0.0
CUST017124,770,excellent,86.5,77.0,79.17,39.27,90.87,78.2631,13.76,9,1,0,0,0,0,0,1,84837.16,0.1429,low,0.0
CUST017125,779,excellent,85.27,92.47,36.23,71.63,95.79,79.7629,1.23,1,0,0,0,0,0,1,0,11213.49,0.767,low,0.5
CUST017126,806,excellent,90.84,85.67,81.76,48.3,97.05,84.2921,14.27,9,0,0,0,0,0,0,7,74387.68,0.0819,low,0.0
CUST017127,800,excellent,87.44,88.17,68.71,76.11,83.91,83.3642,6.32,5,1,0,0,0,0,1,7,109243.77,0.3389,low,0.125
CUST017128,816,excellent,95.1,86.33,86.02,45.12,94.07,86.0048,14.31,18,0,0,0,0,0,0,6,37494.83,0.0405,low,0.0
CUST017129,823,excellent,95.24,91.45,94.57,36.9,85.68,87.2114,2.28,17,1,0,0,0,0,0,5,206852.49,0.0889,low,0.0
CUST017130,760,excellent,63.14,88.27,95.1,60.17,87.49,76.6142,0.48,12,1,2,0,0,0,1,0,178134.34,1.4188,low,0.5
CUST017131,824,excellent,96.28,99.99,46.48,78.95,86.87,87.2503,7.99,3,1,0,0,0,0,2,7,152968.35,0.8153,low,0.2222
CUST017132,803,excellent,86.07,97.22,60.03,58.03,97.48,83.8476,1.09,3,0,0,0,0,0,1,2,46353.98,0.7113,low,0.3333
CUST017133,818,excellent,96.62,97.49,69.71,36.38,91.93,86.349,1.29,8,0,0,0,0,0,0,4,63418.09,0.1091,low,0.0
CUST017134,790,excellent,94.41,92.9,36.06,60.82,92.23,81.6291,1.78,1,0,0,0,0,0,1,1,64820.92,0.7082,low,0.5
CUST017135,823,excellent,86.15,96.89,92.81,50.74,89.54,87.1719,6.78,16,1,0,0,0,0,0,4,45730.87,0.0826,low,0.0
CUST017136,630,high_risk,33.44,98.25,17.72,39.1,71.92,54.9399,1.75,0,2,1,0,0,0,0,0,23975.32,0.0641,low,0.0
CUST017137,771,excellent,89.23,85.99,57.42,34.8,93.98,78.5187,13.68,4,0,0,0,0,0,0,5,458867.55,0.0904,low,0.0
CUST017138,820,excellent,96.02,93.7,82.22,32.59,93.55,86.6631,4.12,5,0,0,0,0,0,0,1,95262.78,0.1229,low,0.0
CUST017139,658,risky,47.85,61.49,85.7,59.8,56.04,59.6313,42.25,17,4,1,0,0,0,0,3,42721.7,0.0051,low,0.0
CUST017140,659,risky,25.67,85.27,95.1,78.7,41.34,59.8361,12.96,14,4,4,0,0,0,1,3,73629.88,2.0045,moderate,0.25
CUST017141,781,excellent,75.87,92.0,85.47,39.59,93.13,80.245,2.07,18,0,0,0,0,0,0,3,232279.64,0.1318,low,0.0
CUST017142,786,excellent,92.75,92.19,47.22,45.52,92.06,80.9576,7.9,1,0,0,0,0,0,1,1,382183.49,0.9691,low,0.5
CUST017143,787,excellent,95.07,80.91,57.97,63.53,84.97,81.0914,11.73,4,1,0,0,0,0,1,4,99241.82,0.7147,low,0.2
CUST017144,823,excellent,89.27,97.38,67.72,67.35,98.57,87.2075,1.8,5,0,0,0,0,0,1,5,35575.0,0.9634,low,0.1667
CUST017145,690,risky,64.61,80.28,73.98,31.77,40.54,65.0249,14.35,7,3,3,0,0,0,0,4,51269.64,0.2276,low,0.0
CUST017146,800,excellent,89.71,88.88,70.09,57.76,90.63,83.4146,0.6,7,0,0,0,0,0,1,5,168270.25,0.7945,low,0.1667
CUST017147,801,excellent,99.66,88.72,61.23,36.57,92.28,83.5682,12.87,4,0,0,0,0,0,0,5,39263.87,0.0136,low,0.0
CUST017148,703,good,41.61,94.25,74.23,40.31,91.31,67.1353,3.73,5,1,2,0,0,0,0,1,72861.2,0.2186,low,0.0
CUST017149,849,excellent,98.78,88.42,93.69,72.87,90.04,91.4442,3.44,15,1,0,0,0,0,1,2,37121.76,0.8824,low,0.3333
CUST017150,722,good,50.94,88.76,85.93,46.78,83.0,70.3261,8.93,18,1,4,0,0,0,0,2,575997.68,0.0993,low,0.0
CUST017151,760,excellent,74.72,98.3,52.15,48.34,83.5,76.6467,9.2,2,1,0,0,0,0,0,4,135505.39,0.1666,low,0.0
CUST017152,779,excellent,93.76,84.72,56.54,38.41,92.78,79.8309,12.84,2,0,0,0,0,0,0,2,108866.7,0.1068,low,0.0
CUST017153,808,excellent,96.35,98.41,53.44,45.19,88.88,84.6723,0.73,4,1,0,0,0,0,0,5,119592.72,0.0454,low,0.0
CUST017154,780,excellent,69.43,93.55,95.94,40.06,92.39,80.0024,2.56,10,0,1,0,0,0,0,7,208511.62,0.1328,low,0.0
CUST017155,799,excellent,91.22,99.64,32.27,94.56,70.76,83.1895,9.74,1,2,0,0,0,0,2,2,84502.89,0.5307,low,0.5
CUST017156,847,excellent,98.34,97.01,95.86,40.48,91.71,91.1206,7.19,12,0,0,0,0,0,0,7,78738.01,0.037,low,0.0
CUST017157,703,good,53.65,98.25,47.64,30.8,87.57,67.2352,6.2,4,1,1,0,0,0,0,0,47237.25,0.0081,low,0.0
CUST017158,821,excellent,98.66,95.19,77.85,32.2,88.09,86.7944,0.91,7,1,0,0,0,0,0,6,80358.12,0.1025,low,0.0
CUST017159,670,risky,22.49,95.42,89.59,74.19,52.53,61.6091,3.16,20,4,3,1,0,0,1,6,43775.71,2.2844,moderate,0.1429
CUST017160,753,excellent,65.1,80.96,91.89,56.35,90.81,75.5708,13.7,20,0,0,0,0,0,1,0,7976.96,0.4489,low,0.5
CUST017161,776,excellent,64.35,93.57,97.41,74.53,76.42,79.2998,3.68,10,2,2,0,0,0,1,1,57372.45,1.3251,low,0.5
CUST017162,817,excellent,97.64,97.65,76.16,30.62,82.95,86.2486,1.35,6,1,0,0,0,0,0,2,111976.25,0.0924,low,0.0
CUST017163,832,excellent,93.47,95.51,91.53,39.73,95.68,88.6392,6.83,18,0,0,0,0,0,0,1,37916.88,0.0535,low,0.0
CUST017164,626,high_risk,30.14,86.86,49.78,46.16,56.38,54.3285,11.28,2,3,2,0,0,0,0,2,45911.2,0.1678,low,0.0
CUST017165,642,high_risk,16.96,99.64,87.97,61.77,28.36,57.0341,4.12,12,5,7,0,0,0,1,6,30157.13,1.199,low,0.1429
CUST017166,731,good,69.8,86.43,38.8,60.77,96.38,71.8972,11.08,1,0,1,0,0,0,1,0,64624.51,0.3603,low,0.5
CUST017167,825,excellent,95.27,93.09,69.15,62.3,96.31,87.5039,1.27,8,0,0,0,0,0,1,2,66046.04,0.6473,low,0.3333
CUST017168,778,excellent,88.09,92.85,53.79,39.33,90.1,79.6988,3.42,2,0,0,0,0,0,0,0,300095.84,0.0619,low,0.0
CUST017169,786,excellent,85.08,85.39,88.83,46.25,77.27,81.0716,12.3,13,2,0,0,0,0,0,7,81650.77,0.052,low,0.0
CUST017170,733,good,51.76,93.16,98.63,42.59,71.2,72.235,5.66,17,2,1,0,0,0,0,3,428309.49,0.049,low,0.0
CUST017171,802,excellent,89.08,88.15,68.98,60.21,97.42,83.7342,22.11,7,0,0,0,0,0,0,7,118081.41,0.0595,low,0.0
CUST017172,770,excellent,92.71,86.38,45.65,32.03,98.96,78.3085,14.18,1,0,0,0,0,0,0,3,107926.65,0.0956,low,0.0
CUST017173,835,excellent,86.56,96.98,99.13,63.0,86.36,89.196,5.71,15,1,0,0,0,0,1,1,101407.4,0.8378,low,0.5
CUST017174,768,excellent,65.85,90.2,93.73,47.62,91.0,78.0286,7.3,15,0,1,0,0,0,0,4,25774.74,0.1534,low,0.0
CUST017175,829,excellent,99.11,83.3,88.46,56.23,96.64,88.2349,10.57,20,0,0,0,0,0,1,2,266645.5,0.5221,low,0.3333
CUST017176,724,good,46.71,93.11,97.87,36.93,79.93,70.6497,1.87,12,2,2,0,0,0,0,6,48100.16,0.0587,low,0.0
CUST017177,862,excellent,94.16,94.53,98.41,78.68,96.38,93.585,1.04,15,0,0,0,0,0,2,5,37141.65,0.6889,low,0.2857
CUST017178,831,excellent,97.32,88.41,97.03,42.41,91.81,88.5612,1.2,20,0,0,0,0,0,0,7,94236.24,0.0895,low,0.0
CUST017179,841,excellent,95.8,85.88,88.56,91.77,83.62,90.1184,13.49,13,1,0,0,0,0,2,3,79431.61,0.7915,low,0.4
CUST017180,788,excellent,95.94,88.14,65.4,35.94,79.43,81.3676,7.1,6,2,0,0,0,0,0,0,230939.65,0.0294,low,0.0
CUST017181,834,excellent,91.96,89.9,91.74,62.05,98.09,88.93,3.22,17,0,0,0,0,0,1,3,60809.48,0.413,low,0.25
CUST017182,831,excellent,95.64,86.18,97.98,62.74,82.09,88.5085,14.9,17,1,0,0,0,0,1,7,154942.06,0.4562,low,0.125
CUST017183,815,excellent,94.83,96.71,67.27,40.04,95.45,85.8405,4.99,7,0,0,0,0,0,0,1,75348.89,0.152,low,0.0
CUST017184,832,excellent,96.11,89.9,73.09,79.79,90.97,88.6466,6.46,7,0,0,0,0,0,1,4,59026.97,0.9089,low,0.2
CUST017185,700,good,43.27,90.25,72.98,43.56,91.9,66.714,3.37,6,1,1,0,0,0,0,3,28072.43,0.1735,low,0.0
CUST017186,771,excellent,66.84,88.26,93.36,55.89,90.24,78.49,3.34,17,0,0,0,0,0,1,3,106637.53,0.6995,low,0.25
CUST017187,736,good,58.45,95.88,88.54,37.55,63.51,72.6103,6.79,16,3,3,0,0,0,0,1,106152.17,0.1713,low,0.0
CUST017188,700,good,52.91,92.22,49.6,37.7,91.92,66.5866,2.11,1,1,1,0,0,0,0,2,577047.32,0.072,low,0.0
CUST017189,612,high_risk,28.04,84.13,45.2,37.22,65.25,52.0823,11.23,3,2,1,0,0,0,0,4,162955.69,0.0183,low,0.0
CUST017190,783,excellent,88.72,90.13,70.34,32.7,86.38,80.5495,4.96,6,1,0,0,0,0,0,2,168394.78,0.0044,low,0.0
CUST017191,767,excellent,95.62,80.63,47.93,35.47,93.82,77.7755,13.61,1,0,0,0,0,0,0,6,24537.11,0.1301,low,0.0
CUST017192,655,risky,45.88,90.23,20.93,38.94,90.78,59.2398,2.62,0,1,4,0,0,0,0,4,45509.14,0.0485,low,0.0
CUST017193,808,excellent,90.2,89.54,85.2,45.47,89.36,84.6941,9.85,11,1,0,0,0,0,1,1,47375.76,0.6369,low,0.5
CUST017194,811,excellent,86.81,99.66,64.24,59.0,93.65,85.1839,6.41,2,0,0,0,0,0,1,2,37910.0,0.3897,low,0.3333
CUST017195,661,risky,15.11,97.68,88.3,72.81,60.29,60.1463,5.31,17,4,6,0,0,0,1,5,161132.44,1.8178,moderate,0.1667
CUST017196,823,excellent,90.46,98.27,93.26,41.13,79.56,87.1994,0.09,10,2,0,0,0,0,0,2,25652.44,0.0832,low,0.0
CUST017197,768,excellent,92.6,77.26,66.35,33.0,91.81,78.0238,13.19,6,0,0,0,0,0,0,0,156212.56,0.1568,low,0.0
CUST017198,776,excellent,69.74,96.53,89.26,38.35,87.99,79.3916,1.25,11,1,1,0,0,0,0,3,116852.86,0.0303,low,0.0
CUST017199,826,excellent,88.65,94.35,71.98,79.24,95.96,87.6505,4.87,5,0,0,0,0,0,1,5,198609.19,0.8648,low,0.1667
CUST017200,828,excellent,93.07,98.78,76.25,82.44,60.7,87.9596,0.17,7,3,0,0,0,0,2,3,83430.84,0.9391,low,0.4
CUST017201,850,excellent,99.1,93.83,89.44,61.75,92.68,91.694,0.47,15,0,0,0,0,0,2,7,103673.93,0.6647,low,0.2222
CUST017202,803,excellent,96.79,96.4,48.33,39.95,97.32,83.7733,0.04,1,0,0,0,0,0,0,7,54449.0,0.078,low,0.0
CUST017203,729,good,60.68,88.64,64.75,48.65,91.25,71.5318,11.19,2,1,1,0,0,0,0,1,108191.49,0.2355,low,0.0
CUST017204,840,excellent,97.2,98.36,79.45,60.52,85.66,90.0653,6.19,8,1,0,0,0,0,1,2,53539.14,0.6654,low,0.3333
CUST017205,827,excellent,93.66,93.64,91.57,40.57,92.38,87.9035,2.32,12,0,0,0,0,0,0,1,44334.6,0.03,low,0.0
CUST017206,598,high_risk,12.35,87.76,66.25,36.69,53.31,49.5903,11.91,6,4,7,0,0,1,0,6,97422.12,0.1954,low,0.0
CUST017207,773,excellent,86.49,88.59,64.6,40.11,82.51,78.8034,0.25,2,1,0,0,0,0,0,1,42081.39,0.0153,low,0.0
CUST017208,793,excellent,86.99,89.32,71.22,57.71,84.76,82.1716,6.97,5,1,0,0,0,0,1,1,101254.23,0.9193,low,0.5
CUST017209,626,high_risk,11.99,98.56,87.79,36.81,36.75,54.2879,2.12,13,5,4,0,0,1,0,5,41270.7,0.6158,low,0.0
CUST017210,833,excellent,97.39,91.08,80.36,62.53,91.97,88.9148,2.6,6,0,0,0,0,0,1,4,434586.91,0.8571,low,0.2
CUST017211,708,good,38.08,88.7,97.85,41.6,92.55,68.0328,10.86,18,0,2,0,0,0,0,4,123990.03,0.0639,low,0.0
CUST017212,732,good,55.41,95.71,90.53,46.53,56.8,72.0202,1.9,18,4,2,0,0,0,0,4,198509.27,0.0529,low,0.0
CUST017213,796,excellent,88.93,86.29,74.33,53.02,92.18,82.6816,11.06,6,0,0,0,0,0,1,5,133144.35,0.5561,low,0.1667
CUST017214,709,good,61.55,80.9,49.48,71.11,88.61,68.2058,14.98,4,1,3,0,0,0,1,2,72208.0,1.163,low,0.3333
CUST017215,841,excellent,93.46,97.31,85.39,59.42,95.05,90.1606,0.15,15,0,0,0,0,0,1,2,95648.87,0.3533,low,0.3333
CUST017216,768,excellent,91.61,58.99,91.55,52.98,91.57,77.9487,44.76,18,0,0,0,0,0,0,7,144134.24,0.1607,low,0.0
CUST017217,836,excellent,90.7,92.65,99.22,49.4,98.88,89.2508,9.57,10,0,0,0,0,0,0,6,146198.04,0.0232,low,0.0
CUST017218,831,excellent,95.22,98.59,65.01,62.4,95.95,88.4893,2.0,6,0,0,0,0,0,1,7,350106.34,0.839,low,0.125
CUST017219,642,high_risk,29.31,89.93,84.76,30.21,40.98,57.0718,6.93,5,3,7,0,0,0,0,0,48040.57,0.297,low,0.0
CUST017220,820,excellent,90.28,98.44,78.17,48.13,89.83,86.6496,3.81,9,1,0,0,0,0,1,5,32683.77,0.3715,low,0.1667
CUST017221,653,risky,26.64,88.46,80.86,41.79,66.74,58.8462,9.95,8,2,3,0,0,0,0,1,202863.66,0.1307,low,0.0
CUST017222,845,excellent,89.6,90.86,99.56,82.81,90.7,90.8997,7.25,15,0,0,0,0,0,2,2,104598.73,0.9511,low,0.5
CUST017223,788,excellent,92.93,82.9,76.71,35.07,89.04,81.3125,10.54,6,1,0,0,0,0,0,6,67219.89,0.0018,low,0.0
CUST017224,810,excellent,89.19,95.52,72.4,51.68,90.63,84.9625,3.52,6,0,0,0,0,0,1,3,83039.99,0.5647,low,0.25
CUST017225,787,excellent,88.68,97.98,44.4,49.04,91.42,81.1386,5.61,1,1,0,0,0,0,0,2,21287.89,0.156,low,0.0
CUST017226,848,excellent,96.08,99.71,91.12,47.24,94.84,91.4155,4.14,11,0,0,0,0,0,1,1,27133.95,0.814,low,0.5
CUST017227,738,good,89.04,85.32,17.45,46.05,90.95,73.0777,12.7,0,1,0,0,0,0,0,7,224175.08,0.0708,low,0.0
CUST017228,707,good,45.93,86.08,89.24,43.62,81.36,67.7831,13.42,20,1,1,0,0,0,0,6,37648.0,0.2101,low,0.0
CUST017229,846,excellent,96.0,99.04,86.65,60.09,86.11,90.9276,8.84,14,1,0,0,0,0,1,3,78722.08,0.4163,low,0.25
CUST017230,757,excellent,94.57,88.71,30.65,38.71,80.48,76.2276,12.35,1,1,0,0,0,0,0,7,601493.95,0.1164,low,0.0
CUST017231,769,excellent,91.03,95.33,34.43,30.89,94.06,78.1178,8.74,0,0,0,0,0,0,0,0,113871.38,0.1027,low,0.0
CUST017232,825,excellent,85.85,99.97,80.38,66.27,88.29,87.5484,3.76,5,1,0,0,0,0,1,1,142098.66,0.5699,low,0.5
CUST017233,699,risky,43.66,89.63,96.87,32.72,66.01,66.5727,0.01,16,2,1,0,0,0,0,5,199044.22,0.1528,low,0.0
CUST017234,813,excellent,92.29,97.3,79.08,39.41,81.91,85.4861,8.42,8,1,0,0,0,0,0,2,33727.26,0.026,low,0.0
CUST017235,843,excellent,97.25,85.39,96.58,73.68,90.12,90.5186,12.43,13,0,0,0,0,0,1,7,136423.06,0.5226,low,0.125
CUST017236,853,excellent,91.54,97.67,95.48,70.07,94.22,92.0898,7.01,13,0,0,0,0,0,1,5,62691.0,0.6057,low,0.1667
CUST017237,825,excellent,91.77,88.55,89.79,63.14,90.69,87.5359,9.54,18,0,0,0,0,0,1,7,474176.45,0.3377,low,0.125
CUST017238,798,excellent,89.55,94.4,68.85,36.99,92.96,82.9875,9.9,8,0,0,0,0,0,0,6,102800.02,0.1566,low,0.0
CUST017239,842,excellent,98.55,91.68,94.74,52.31,89.04,90.3411,6.36,14,1,0,0,0,0,1,0,47781.81,0.5575,low,0.5
CUST017240,867,excellent,97.37,96.58,98.14,76.49,90.78,94.5,8.28,19,0,0,0,0,0,1,2,48097.33,0.5512,low,0.3333
CUST017241,751,excellent,89.34,88.72,29.24,32.16,96.18,75.1053,14.79,0,0,0,0,0,0,0,5,87897.57,0.0965,low,0.0
CUST017242,805,excellent,92.35,95.25,52.38,55.75,97.78,84.1085,5.22,3,0,0,0,0,0,2,0,70528.56,0.4691,low,0.6667
CUST017243,772,excellent,92.81,85.53,48.94,38.25,94.42,78.7479,13.97,4,0,0,0,0,0,0,2,133373.61,0.0503,low,0.0
CUST017244,628,high_risk,14.85,91.61,78.92,65.66,45.72,54.6554,0.29,8,4,3,0,0,0,1,4,55053.88,1.4927,low,0.2
CUST017245,576,high_risk,44.62,34.5,73.95,48.84,40.16,45.9602,65.17,6,4,4,0,0,0,0,1,54353.48,0.0904,low,0.0
CUST017246,816,excellent,88.7,89.44,96.01,44.79,93.05,86.0622,4.45,17,0,0,0,0,0,0,4,220806.91,0.0811,low,0.0
CUST017247,816,excellent,93.97,97.4,68.49,46.22,90.69,86.074,3.96,8,1,0,0,0,0,0,5,16952.33,0.1155,low,0.0
CUST017248,772,excellent,87.07,93.2,56.07,41.51,76.52,78.6471,0.61,2,2,0,0,0,0,0,7,253852.1,0.0584,low,0.0
CUST017249,832,excellent,93.75,96.4,63.67,77.98,95.28,88.6112,0.33,3,0,0,0,0,0,1,3,97238.33,0.5831,low,0.25
CUST017250,653,risky,25.91,97.33,79.95,44.87,41.36,58.8859,4.13,7,4,4,0,0,0,0,6,29334.68,0.0954,low,0.0
CUST017251,821,excellent,88.14,90.28,94.53,51.5,95.19,86.7827,2.5,10,0,0,0,0,0,1,4,155412.11,0.8449,low,0.2
CUST017252,814,excellent,98.86,90.7,65.59,45.53,95.0,85.7056,2.13,7,0,0,0,0,0,0,6,320784.94,0.027,low,0.0
CUST017253,675,risky,40.83,88.03,53.24,49.9,89.03,62.5797,5.06,2,1,1,0,0,0,0,4,503292.53,0.2133,low,0.0
CUST017254,856,excellent,99.37,89.89,91.08,73.67,99.22,92.6953,5.58,17,0,0,0,0,0,1,0,21207.88,0.9064,low,0.5
CUST017255,789,excellent,86.55,91.01,77.56,30.81,92.04,81.5141,3.62,5,0,0,0,0,0,0,7,514914.39,0.1576,low,0.0
CUST017256,856,excellent,98.34,97.54,88.18,76.12,81.04,92.6213,4.99,14,1,0,0,0,0,1,5,35024.84,0.5936,low,0.1667
CUST017257,805,excellent,87.29,82.85,88.02,64.69,90.43,84.1213,13.3,14,0,0,0,0,0,1,2,49557.52,0.7132,low,0.3333
CUST017258,616,high_risk,49.7,69.94,13.25,71.12,52.29,52.7064,40.05,0,4,2,0,0,0,1,0,755660.4,0.826,low,0.5
CUST017259,778,excellent,88.2,90.24,73.01,31.42,76.59,79.6963,4.97,9,2,0,0,0,0,0,4,227854.0,0.1205,low,0.0
CUST017260,754,excellent,87.45,78.24,54.76,34.8,99.69,75.7431,12.8,2,0,0,0,0,0,0,6,178602.01,0.097,low,0.0
CUST017261,798,excellent,93.72,91.77,58.87,38.74,99.77,83.0129,2.4,2,0,0,0,0,0,0,0,36121.86,0.0386,low,0.0
CUST017262,643,high_risk,56.49,45.09,99.5,47.34,42.51,57.2086,54.48,10,3,3,0,0,0,0,6,50584.57,0.0377,low,0.0
CUST017263,753,excellent,87.55,90.21,35.68,42.28,82.5,75.5365,5.63,1,1,0,0,0,0,0,3,414947.0,0.157,low,0.0
CUST017264,780,excellent,67.81,88.5,80.36,78.32,97.53,79.9237,3.53,8,0,0,0,0,0,1,4,303112.86,0.9919,low,0.2
CUST017265,842,excellent,91.84,96.04,88.96,64.67,96.13,90.3802,6.58,13,0,0,0,0,0,1,1,432708.88,0.9994,low,0.5
CUST017266,827,excellent,94.4,90.01,86.6,55.31,92.88,87.8516,6.29,11,0,0,0,0,0,1,1,267439.89,0.3915,low,0.5
CUST017267,849,excellent,98.99,93.15,86.21,68.48,91.33,91.5034,4.44,16,1,0,0,0,0,1,7,57525.93,0.5466,low,0.125
CUST017268,779,excellent,94.53,95.89,31.0,35.61,98.33,79.8962,2.11,0,0,0,0,0,0,0,5,31158.67,0.0471,low,0.0
CUST017269,725,good,56.42,99.08,50.56,46.93,91.64,70.9111,3.33,2,1,1,0,0,0,0,4,476489.04,0.0793,low,0.0
CUST017270,776,excellent,76.46,90.6,73.25,61.25,82.84,79.3374,4.13,9,1,1,0,0,0,1,4,21117.47,0.523,low,0.2
CUST017271,757,excellent,88.37,82.06,47.37,48.64,87.11,76.2272,10.08,3,1,0,0,0,0,0,2,80671.65,0.0076,low,0.0
CUST017272,838,excellent,98.91,89.75,92.31,56.64,85.64,89.6209,7.37,13,1,0,0,0,0,1,2,51235.86,0.442,low,0.3333
CUST017273,844,excellent,89.93,88.26,96.59,87.95,94.83,90.7207,11.42,11,0,0,0,0,0,2,4,84856.58,0.8674,low,0.3333
CUST017274,736,good,85.81,95.21,14.32,30.36,88.56,72.637,8.49,0,1,0,0,0,0,0,3,47151.64,0.0513,low,0.0
CUST017275,759,excellent,98.86,88.73,12.5,46.63,86.93,76.4498,1.76,0,1,0,0,0,0,1,4,60417.1,0.4519,low,0.2
CUST017276,769,excellent,97.82,46.71,90.04,64.26,99.12,78.0948,50.41,11,0,0,0,0,0,0,6,92816.62,0.0114,low,0.0
CUST017277,773,excellent,97.85,89.91,31.49,43.95,85.15,78.8523,10.2,0,1,0,0,0,0,0,2,77818.45,0.0835,low,0.0
CUST017278,750,excellent,85.35,99.35,10.06,40.17,98.07,75.0117,1.57,0,0,0,0,0,0,0,2,34154.38,0.1276,low,0.0
CUST017279,778,excellent,91.41,85.37,59.08,38.6,94.2,79.7468,11.19,4,0,0,0,0,0,0,6,93144.62,0.0038,low,0.0
CUST017280,825,excellent,93.3,93.71,98.42,30.11,90.12,87.5535,4.47,11,0,0,0,0,0,0,6,67014.51,0.0684,low,0.0
CUST017281,777,excellent,94.55,98.17,31.98,44.14,77.34,79.4866,3.06,0,2,0,0,0,0,0,4,147703.79,0.0764,low,0.0
CUST017282,676,risky,43.89,90.4,48.98,41.76,87.2,62.7248,8.92,2,1,2,0,0,0,0,4,354579.23,0.147,low,0.0
CUST017283,785,excellent,89.92,65.95,94.69,63.35,91.04,80.8999,46.16,16,1,0,0,0,0,0,4,264267.85,0.0523,low,0.0
CUST017284,786,excellent,97.75,88.42,52.63,30.38,93.49,81.0185,12.33,3,0,0,0,0,0,0,5,171198.13,0.1434,low,0.0
CUST017285,826,excellent,93.34,82.52,87.46,79.05,92.26,87.6763,11.77,18,0,0,0,0,0,1,7,76151.37,0.8896,low,0.125
CUST017286,787,excellent,91.64,81.67,64.43,65.0,84.2,81.1606,12.77,2,1,0,0,0,0,1,5,43291.97,0.5374,low,0.1667
CUST017287,846,excellent,90.81,98.08,97.57,64.11,88.16,91.0685,4.27,11,1,0,0,0,0,1,5,121820.34,0.414,low,0.1667
CUST017288,803,excellent,92.59,97.93,59.72,42.43,89.14,83.8977,3.21,4,1,0,0,0,0,0,1,103221.02,0.1463,low,0.0
CUST017289,831,excellent,91.07,87.46,88.63,77.56,93.89,88.5514,12.16,18,0,0,0,0,0,1,7,84675.53,0.7309,low,0.125
CUST017290,810,excellent,94.23,80.06,74.35,71.6,97.33,85.0456,14.32,6,0,0,0,0,0,1,6,372809.24,0.9909,low,0.1429
CUST017291,572,high_risk,1.84,92.75,66.9,41.74,26.46,45.3228,3.23,5,5,5,1,1,1,0,7,31336.45,0.3114,low,0.0
CUST017292,839,excellent,87.55,93.51,94.33,76.95,93.17,89.8562,7.67,13,0,0,0,0,0,1,6,48926.84,0.627,low,0.1429
CUST017293,793,excellent,79.06,93.17,76.2,54.77,96.24,82.1514,4.85,7,0,1,0,0,0,1,4,308711.07,0.7308,low,0.2
CUST017294,781,excellent,98.03,81.34,50.18,45.52,93.98,80.1887,11.38,3,0,0,0,0,0,0,2,878937.07,0.0058,low,0.0
CUST017295,732,good,51.21,96.45,85.45,36.96,86.1,71.9808,2.26,18,1,4,0,0,0,0,2,184225.08,0.0967,low,0.0
CUST017296,803,excellent,87.93,99.92,63.92,36.86,98.72,83.8966,2.87,2,0,0,0,0,0,0,5,176610.09,0.0179,low,0.0
CUST017297,645,high_risk,45.25,91.1,21.51,37.91,72.74,57.4573,1.39,0,2,4,0,0,0,0,5,68081.96,0.1425,low,0.0
CUST017298,781,excellent,74.34,94.96,86.31,42.93,85.01,80.2474,6.66,14,1,1,0,0,0,0,4,115025.11,0.0371,low,0.0
CUST017299,669,risky,22.67,90.06,98.85,62.36,64.41,61.4562,7.0,11,3,4,0,0,0,1,5,26070.46,1.4978,low,0.1667
CUST017300,795,excellent,85.24,99.66,60.35,40.19,97.62,82.5656,4.06,2,0,0,0,0,0,0,3,11391.29,0.1419,low,0.0
CUST017301,584,high_risk,7.37,80.43,89.77,41.54,29.26,47.254,14.99,10,6,4,0,1,1,0,7,295124.0,0.5953,low,0.0
CUST017302,645,high_risk,43.44,97.01,27.03,30.55,61.61,57.5772,8.58,0,3,3,0,0,0,0,5,105767.22,0.1021,low,0.0
CUST017303,823,excellent,95.4,95.28,72.75,58.27,85.1,87.2232,0.17,8,1,0,0,0,0,1,0,82607.51,0.9561,low,0.5
CUST017304,799,excellent,86.29,99.66,64.37,34.95,98.65,83.1157,9.56,2,0,0,0,0,0,0,7,83508.01,0.1299,low,0.0
CUST017305,738,good,91.42,82.46,21.95,37.2,91.96,72.9456,14.32,0,0,0,0,0,0,0,6,137611.82,0.1652,low,0.0
CUST017306,646,high_risk,25.98,82.51,56.69,68.26,94.83,57.6598,14.7,3,0,8,0,0,0,1,6,105389.42,1.8297,moderate,0.1429
CUST017307,816,excellent,93.63,89.83,91.15,40.95,85.31,86.0164,6.13,10,1,0,0,0,0,0,1,86288.67,0.0939,low,0.0
CUST017308,649,high_risk,38.31,89.34,46.94,47.61,62.19,58.2324,0.25,1,3,4,0,0,0,0,2,44581.95,0.0255,low,0.0
CUST017309,713,good,86.44,78.6,14.39,34.91,92.7,68.753,11.89,0,0,0,0,0,0,0,4,37015.06,0.0007,low,0.0
CUST017310,778,excellent,92.13,96.65,31.55,44.89,92.32,79.6956,9.65,0,0,0,0,0,0,0,6,139258.5,0.0934,low,0.0
CUST017311,811,excellent,94.3,91.24,69.72,49.24,94.02,85.1625,1.0,7,0,0,0,0,0,0,5,276713.83,0.0786,low,0.0
CUST017312,777,excellent,97.33,65.83,76.63,56.07,86.53,79.5696,49.32,8,1,0,0,0,0,0,0,180706.07,0.1004,low,0.0
CUST017313,802,excellent,94.76,76.94,85.85,54.49,91.73,83.7455,11.87,10,0,0,0,0,0,1,5,49040.89,0.4897,low,0.1667
CUST017314,790,excellent,97.34,93.17,46.2,39.91,86.6,81.6009,7.07,2,1,0,0,0,0,0,3,534091.48,0.1285,low,0.0
CUST017315,824,excellent,87.02,88.43,98.12,62.46,93.41,87.2917,5.65,10,0,0,0,0,0,1,0,64989.96,0.7515,low,0.5
CUST017316,832,excellent,96.97,88.21,89.14,61.61,87.53,88.689,3.74,14,1,0,0,0,0,1,6,84075.98,0.5763,low,0.1429
CUST017317,837,excellent,91.0,92.63,93.01,62.74,96.99,89.566,4.59,11,0,0,0,0,0,1,6,55088.41,0.8519,low,0.1429
CUST017318,788,excellent,97.37,93.57,34.69,40.79,99.57,81.3892,2.03,1,0,0,0,0,0,0,5,177898.45,0.1617,low,0.0
CUST017319,842,excellent,97.83,97.63,88.72,62.96,72.28,90.3623,2.93,14,2,0,0,0,0,1,6,43203.73,0.682,low,0.1429
CUST017320,798,excellent,86.74,88.97,81.96,40.78,96.23,83.0457,1.64,6,0,0,0,0,0,0,4,33595.81,0.0574,low,0.0
CUST017321,723,good,45.42,93.86,95.65,43.91,77.65,70.5564,1.19,16,2,4,0,0,0,0,7,54750.47,0.0911,low,0.0
CUST017322,740,good,89.6,84.15,24.92,34.7,95.9,73.4053,12.27,0,0,0,0,0,0,0,2,57359.14,0.0848,low,0.0
CUST017323,699,risky,42.92,96.6,70.84,62.94,65.57,66.4781,6.44,5,2,2,0,0,0,1,7,145340.96,1.0903,low,0.125
CUST017324,810,excellent,89.26,91.41,83.57,50.89,86.97,84.9878,9.71,8,1,0,0,0,0,1,5,163242.92,0.5342,low,0.1667
CUST017325,796,excellent,99.97,97.98,35.74,37.78,90.95,82.6159,8.59,1,0,0,0,0,0,0,0,543606.13,0.1031,low,0.0
CUST017326,802,excellent,97.87,95.18,54.11,37.43,90.68,83.7362,8.41,2,0,0,0,0,0,0,0,62406.23,0.035,low,0.0
CUST017327,798,excellent,87.5,86.82,92.3,31.15,93.75,83.0069,13.13,19,0,0,0,0,0,0,3,296792.24,0.0979,low,0.0
CUST017328,762,excellent,95.68,51.85,99.31,54.4,76.83,77.0621,53.01,20,2,0,0,0,0,0,5,81387.05,0.0283,low,0.0
CUST017329,797,excellent,97.61,87.83,51.57,49.75,95.96,82.8196,11.02,3,0,0,0,0,0,0,2,147349.62,0.1497,low,0.0
CUST017330,741,good,61.19,81.42,77.35,75.13,84.65,73.4202,12.55,6,1,1,0,0,0,1,1,172689.43,0.7774,low,0.5
CUST017331,672,risky,48.46,75.41,78.23,34.13,73.47,62.0784,11.71,8,2,4,0,0,0,0,0,137267.92,0.1065,low,0.0
CUST017332,833,excellent,99.77,99.98,69.35,46.64,89.0,88.8777,1.42,6,1,0,0,0,0,0,0,309228.21,0.1552,low,0.0
CUST017333,865,excellent,99.68,93.87,99.62,74.86,86.7,94.1465,5.51,11,1,0,0,0,0,1,0,73099.08,0.352,low,0.5
CUST017334,733,good,41.67,98.89,85.29,63.69,87.36,72.1481,5.21,10,1,2,0,0,0,1,5,70773.36,0.8379,low,0.1667
CUST017335,795,excellent,86.43,98.63,61.07,46.86,87.75,82.4599,2.02,4,1,0,0,0,0,1,7,27930.14,0.6253,low,0.125
CUST017336,786,excellent,90.37,92.57,60.83,42.14,82.31,80.9701,6.27,2,1,0,0,0,0,0,1,446732.52,0.0751,low,0.0
CUST017337,699,risky,69.89,81.93,15.0,64.15,87.9,66.4948,28.0,0,1,0,0,0,0,0,3,156622.85,0.0996,low,0.0
CUST017338,681,risky,40.09,85.51,96.39,30.33,63.78,63.5557,11.23,15,3,4,0,0,0,0,5,110240.98,0.1536,low,0.0
CUST017339,833,excellent,88.1,94.92,99.58,60.76,84.86,88.8079,7.08,13,1,0,0,0,0,1,5,99794.88,0.3721,low,0.1667
CUST017340,801,excellent,90.45,89.3,88.23,50.63,68.33,83.579,7.17,17,2,0,0,0,0,1,6,31269.57,0.3604,low,0.1429
CUST017341,755,excellent,70.01,71.64,82.62,75.23,99.53,75.8639,32.62,9,0,0,0,0,0,2,6,31076.42,0.3492,low,0.25
CUST017342,691,risky,44.11,86.29,79.18,36.81,82.53,65.1382,12.95,5,1,1,0,0,0,0,4,228051.08,0.0684,low,0.0
CUST017343,700,good,63.41,91.78,31.54,39.64,83.01,66.7241,7.71,1,1,2,0,0,0,0,4,103044.96,0.0285,low,0.0
CUST017344,828,excellent,95.97,83.64,90.74,64.39,92.97,88.0291,17.99,18,0,0,0,0,0,0,6,13441.25,0.0505,low,0.0
CUST017345,784,excellent,91.53,99.63,35.51,44.12,90.25,80.6868,2.25,1,0,0,0,0,0,0,1,235604.99,0.0956,low,0.0
CUST017346,802,excellent,85.77,95.02,88.47,47.06,71.51,83.6512,1.13,15,2,0,0,0,0,0,4,236323.62,0.0126,low,0.0
CUST017347,729,good,41.54,99.9,92.55,65.28,75.67,71.4866,1.03,14,2,4,0,0,0,1,3,156361.74,1.2215,low,0.25
CUST017348,659,risky,44.35,94.33,42.83,37.81,58.42,59.8699,6.84,1,3,1,0,0,0,0,2,217642.6,0.1867,low,0.0
CUST017349,790,excellent,89.74,73.17,87.87,55.33,96.09,81.684,34.63,15,0,0,0,0,0,0,0,89863.09,0.0862,low,0.0
CUST017350,644,high_risk,24.9,79.05,94.34,47.21,59.57,57.2579,10.19,11,4,8,0,0,0,0,7,174588.9,0.2139,low,0.0
CUST017351,653,risky,46.4,74.39,67.94,56.51,44.75,58.8749,37.51,7,3,1,0,0,0,0,6,74814.66,0.0095,low,0.0
CUST017352,840,excellent,96.75,96.79,88.1,39.63,98.56,89.9319,3.31,20,0,0,0,0,0,0,5,34059.42,0.151,low,0.0
CUST017353,741,good,74.09,94.5,45.08,33.3,91.9,73.5626,6.49,1,0,1,0,0,0,0,1,18405.46,0.1351,low,0.0
CUST017354,856,excellent,94.03,99.19,87.28,72.03,97.08,92.6735,4.53,19,0,0,0,0,0,1,6,126852.02,0.6894,low,0.1429
CUST017355,709,good,56.59,82.17,71.22,34.31,95.77,68.1472,14.46,7,0,3,0,0,0,0,5,290950.66,0.2491,low,0.0
CUST017356,753,excellent,77.66,98.95,32.0,39.57,98.0,75.424,7.31,1,0,1,0,0,0,0,0,109432.54,0.0877,low,0.0
CUST017357,763,excellent,66.1,92.04,93.59,32.07,90.99,77.0925,5.76,15,0,1,0,0,0,0,4,132596.02,0.0956,low,0.0
CUST017358,814,excellent,87.98,96.42,75.87,46.28,99.07,85.6358,2.33,7,0,0,0,0,0,0,6,70519.04,0.065,low,0.0
CUST017359,738,good,72.7,85.34,47.67,48.16,99.56,72.9689,13.26,1,0,0,0,0,0,0,2,330936.92,0.1302,low,0.0
CUST017360,802,excellent,85.67,97.89,59.91,63.41,90.39,83.7185,5.57,2,1,0,0,0,0,1,0,60059.91,0.5556,low,0.5
CUST017361,678,risky,37.98,93.12,79.24,39.71,59.85,63.0732,0.84,6,3,4,0,0,0,0,6,387587.67,0.0321,low,0.0
CUST017362,810,excellent,89.69,94.84,63.38,58.61,97.98,85.0101,0.89,2,0,0,0,0,0,1,2,174908.32,0.4661,low,0.3333
CUST017363,815,excellent,93.1,79.01,92.07,60.96,96.27,85.8189,12.19,15,0,0,0,0,0,1,2,53259.75,0.9182,low,0.3333
CUST017364,802,excellent,89.4,93.32,68.32,45.0,96.96,83.7281,1.67,8,0,0,0,0,0,0,2,6902.68,0.0307,low,0.0
CUST017365,772,excellent,87.33,93.88,42.62,46.87,88.21,78.63,0.87,1,1,0,0,0,0,0,5,92544.33,0.073,low,0.0
CUST017366,843,excellent,98.85,94.05,89.94,48.21,94.56,90.5803,0.63,13,0,0,0,0,0,0,2,48357.12,0.0268,low,0.0
CUST017367,831,excellent,92.46,90.13,98.98,49.22,92.49,88.4215,0.19,15,0,0,0,0,0,0,0,71107.14,0.0695,low,0.0
CUST017368,824,excellent,98.74,81.64,87.52,76.89,73.94,87.2643,12.21,18,2,0,0,0,0,1,5,216960.1,0.8379,low,0.1667
CUST017369,786,excellent,96.85,88.02,46.14,64.03,73.53,80.9802,2.56,1,2,0,0,0,0,1,4,180076.24,0.446,low,0.2
CUST017370,761,excellent,90.66,98.96,13.93,35.66,97.51,76.8238,3.09,0,0,0,0,0,0,0,5,89768.8,0.0838,low,0.0
CUST017371,842,excellent,87.05,97.29,99.13,73.39,84.34,90.297,5.33,10,1,0,0,0,0,1,7,453159.4,0.3548,low,0.125
CUST017372,670,risky,47.62,97.3,22.72,36.58,86.97,61.6218,1.49,0,1,2,0,0,0,0,7,73583.18,0.0041,low,0.0
CUST017373,817,excellent,87.75,89.6,90.26,65.43,84.14,86.0914,9.15,19,1,0,0,0,0,1,3,65366.42,0.9999,low,0.25
CUST017374,811,excellent,85.22,89.7,69.69,87.85,91.33,85.1102,12.55,8,0,0,0,0,0,2,1,275870.97,0.8758,low,0.6667
CUST017375,742,good,67.7,78.12,88.35,38.61,93.87,73.6329,13.92,13,0,1,0,0,0,0,3,36465.8,0.0267,low,0.0
CUST017376,697,risky,41.89,95.6,67.98,41.0,85.22,66.158,3.39,5,1,3,0,0,0,0,2,113653.76,0.1753,low,0.0
CUST017377,804,excellent,95.54,88.67,66.9,47.02,92.79,84.0572,7.04,8,0,0,0,0,0,0,3,450648.32,0.1355,low,0.0
CUST017378,786,excellent,89.73,88.24,73.65,38.78,81.39,80.9449,7.39,7,1,0,0,0,0,0,1,174339.46,0.1287,low,0.0
CUST017379,837,excellent,97.28,90.52,94.87,47.54,93.47,89.535,6.27,17,0,0,0,0,0,1,7,293187.44,0.8476,low,0.125
CUST017380,757,excellent,90.79,89.86,35.51,31.21,89.05,76.0861,3.62,1,1,0,0,0,0,0,4,128433.28,0.0311,low,0.0
CUST017381,816,excellent,92.42,91.33,80.1,50.12,92.55,86.0289,0.88,6,0,0,0,0,0,1,1,165686.6,0.882,low,0.5
CUST017382,782,excellent,76.5,90.93,89.63,40.8,87.59,80.338,6.9,16,1,1,0,0,0,0,6,140224.62,0.0183,low,0.0
CUST017383,656,risky,50.66,81.84,46.0,40.84,61.19,59.3861,13.27,2,3,4,0,0,0,0,1,154594.67,0.1272,low,0.0
CUST017384,717,good,64.52,77.31,87.22,47.7,59.46,69.5757,10.03,20,4,2,0,0,0,0,2,250094.11,0.091,low,0.0
CUST017385,823,excellent,92.04,90.55,80.51,61.78,95.09,87.1427,5.92,7,0,0,0,0,0,1,2,45383.8,0.7085,low,0.3333
CUST017386,811,excellent,94.26,91.1,78.82,32.08,97.34,85.0847,2.94,9,0,0,0,0,0,0,5,146510.65,0.076,low,0.0
CUST017387,760,excellent,95.32,91.37,16.28,35.1,99.39,76.6635,7.55,0,0,0,0,0,0,0,5,174502.7,0.0769,low,0.0
CUST017388,841,excellent,91.93,99.91,94.21,49.37,90.07,90.2213,8.21,20,1,0,0,0,0,0,6,321781.45,0.0576,low,0.0
CUST017389,770,excellent,95.04,91.33,31.68,45.29,83.16,78.2599,8.63,1,1,0,0,0,0,1,3,195247.51,0.5567,low,0.25
CUST017390,807,excellent,93.65,93.11,70.02,45.29,87.41,84.4832,2.01,9,1,0,0,0,0,0,5,37121.48,0.0539,low,0.0
CUST017391,842,excellent,95.79,98.79,86.99,43.06,97.39,90.257,5.38,20,0,0,0,0,0,0,4,214927.93,0.0008,low,0.0
CUST017392,811,excellent,85.24,88.4,87.58,61.87,94.58,85.1356,4.28,15,0,0,0,0,0,1,6,81852.46,0.4788,low,0.1429
CUST017393,812,excellent,97.99,78.43,90.36,45.48,94.75,85.4026,11.54,10,0,0,0,0,0,0,5,101978.7,0.0474,low,0.0
CUST017394,824,excellent,95.71,89.09,97.97,35.77,89.12,87.4128,8.23,10,1,0,0,0,0,0,1,213841.27,0.1521,low,0.0
CUST017395,817,excellent,90.43,97.6,73.41,48.44,94.47,86.2314,0.76,9,0,0,0,0,0,0,7,51061.65,0.1192,low,0.0
CUST017396,787,excellent,91.55,93.94,49.43,45.35,90.63,81.2381,2.69,3,0,0,0,0,0,0,6,50179.14,0.0939,low,0.0
CUST017397,623,high_risk,26.15,83.5,72.67,46.77,41.38,53.9166,12.2,5,3,3,0,0,0,0,2,810031.98,0.0149,low,0.0
CUST017398,772,excellent,71.24,89.9,86.74,38.44,99.19,78.6782,1.14,13,0,1,0,0,0,0,5,30974.96,0.0832,low,0.0
CUST017399,815,excellent,91.09,89.28,85.98,48.14,93.88,85.7632,3.68,16,0,0,0,0,0,0,5,100503.17,0.0009,low,0.0
CUST017400,799,excellent,88.83,87.37,88.7,31.06,94.92,83.2046,14.71,15,0,0,0,0,0,0,4,85728.4,0.0753,low,0.0
CUST017401,810,excellent,92.2,86.57,91.22,39.54,91.51,85.0281,10.92,14,1,0,0,0,0,0,1,24721.13,0.0614,low,0.0
CUST017402,679,risky,53.79,76.0,67.77,45.65,67.82,63.1372,10.33,7,2,2,0,0,0,0,1,82914.72,0.1319,low,0.0
CUST017403,826,excellent,94.45,96.19,93.76,32.11,84.89,87.6768,3.51,20,1,0,0,0,0,0,4,27776.52,0.1395,low,0.0
CUST017404,788,excellent,98.56,99.17,28.69,34.62,93.24,81.3371,6.49,0,0,0,0,0,0,0,3,32371.17,0.0123,low,0.0
CUST017405,797,excellent,73.06,96.81,77.2,73.89,93.08,82.8911,5.56,9,0,0,0,0,0,1,3,101824.54,0.7783,low,0.25
CUST017406,804,excellent,96.52,89.15,74.12,46.58,76.29,83.9317,7.17,7,2,0,0,0,0,0,3,89099.31,0.0215,low,0.0
CUST017407,846,excellent,97.56,95.86,74.46,73.45,95.96,91.0137,6.87,7,0,0,0,0,0,1,6,165695.11,0.7295,low,0.1429
CUST017408,670,risky,44.38,99.44,51.53,40.86,44.12,61.5936,2.66,3,3,1,0,0,0,0,4,123236.72,0.1484,low,0.0
CUST017409,824,excellent,89.61,84.08,99.21,64.56,93.72,87.2966,13.82,13,0,0,0,0,0,1,6,110998.33,0.4294,low,0.1429
CUST017410,800,excellent,85.58,81.87,83.03,71.05,92.44,83.3186,12.88,7,0,0,0,0,0,1,0,60350.46,0.5076,low,0.5
CUST017411,774,excellent,89.84,89.69,50.75,38.73,90.92,78.9259,1.45,4,1,0,0,0,0,0,5,24985.64,0.1465,low,0.0
CUST017412,771,excellent,93.49,88.02,50.31,34.3,84.13,78.5194,7.36,2,1,0,0,0,0,0,3,274083.82,0.1164,low,0.0
CUST017413,806,excellent,88.06,89.73,66.81,78.33,87.14,84.3073,12.68,8,1,0,0,0,0,1,0,33746.92,0.4781,low,0.5
CUST017414,796,excellent,85.24,83.19,97.26,49.15,83.62,82.6568,13.67,19,1,0,0,0,0,0,3,81709.36,0.0103,low,0.0
CUST017415,662,risky,41.53,88.31,70.71,35.99,50.88,60.3215,11.15,8,3,1,0,0,0,0,3,1071511.5,0.175,low,0.0
CUST017416,725,good,42.83,98.09,87.07,64.91,78.59,70.8243,7.83,20,2,2,0,0,0,1,6,53621.93,1.1301,low,0.1429
CUST017417,672,risky,64.65,81.31,31.57,34.31,67.62,61.9483,10.56,0,2,3,0,0,0,0,2,60821.65,0.2381,low,0.0
CUST017418,771,excellent,93.91,98.85,24.48,40.53,83.13,78.5631,8.1,0,1,0,0,0,0,0,6,61154.02,0.007,low,0.0
CUST017419,767,excellent,98.58,93.7,19.41,30.14,92.91,77.8304,9.56,0,0,0,0,0,0,0,0,73087.39,0.1453,low,0.0
CUST017420,790,excellent,93.03,80.1,78.91,44.13,87.55,81.5951,13.58,7,1,0,0,0,0,0,3,27810.64,0.0814,low,0.0
CUST017421,825,excellent,96.73,99.66,68.74,41.83,92.73,87.5201,7.27,7,0,0,0,0,0,0,3,24060.31,0.0878,low,0.0
CUST017422,836,excellent,94.82,76.59,95.84,89.04,99.71,89.416,14.97,13,0,0,0,0,0,2,3,160445.18,0.3426,low,0.4
CUST017423,787,excellent,91.07,95.24,55.64,30.56,93.14,81.1645,7.38,3,0,0,0,0,0,0,7,262011.04,0.0516,low,0.0
CUST017424,802,excellent,87.46,97.66,60.65,48.73,98.62,83.7414,8.66,2,0,0,0,0,0,0,0,161135.27,0.0095,low,0.0
CUST017425,818,excellent,99.98,95.74,49.93,56.19,95.35,86.3594,0.96,3,0,0,0,0,0,1,5,258858.75,0.9516,low,0.1667
CUST017426,764,excellent,87.67,84.42,52.12,49.8,85.55,77.3647,14.61,2,1,0,0,0,0,0,1,844886.72,0.0964,low,0.0
CUST017427,816,excellent,94.02,76.22,92.11,90.55,73.56,85.9984,14.13,14,2,0,0,0,0,2,6,94538.9,0.9779,low,0.25
CUST017428,819,excellent,93.16,92.43,81.43,48.75,90.54,86.4763,2.76,5,1,0,0,0,0,0,1,69308.09,0.15,low,0.0
CUST017429,823,excellent,99.41,76.06,97.33,54.37,95.23,87.1708,12.69,17,0,0,0,0,0,1,6,141364.0,0.3405,low,0.1429
CUST017430,774,excellent,88.77,70.05,68.32,76.78,90.2,79.0315,33.29,8,0,0,0,0,0,1,4,137899.55,0.9964,low,0.2
CUST017431,781,excellent,66.95,99.37,88.86,52.05,84.26,80.2038,9.99,16,1,1,0,0,0,1,0,161823.64,0.3975,low,0.5
CUST017432,682,risky,51.16,75.94,66.97,60.97,78.12,63.6398,13.4,7,2,2,0,0,0,1,5,567055.96,1.4467,low,0.1667
CUST017433,796,excellent,98.03,99.18,39.75,46.1,80.59,82.6981,8.55,1,1,0,0,0,0,0,5,99330.2,0.1109,low,0.0
CUST017434,836,excellent,90.11,87.66,91.17,78.72,99.92,89.3759,14.7,14,0,0,0,0,0,1,3,674133.65,0.3829,low,0.25
CUST017435,796,excellent,90.36,89.69,73.26,48.15,82.6,82.5971,10.17,6,1,0,0,0,0,1,6,34499.61,0.9694,low,0.1429
CUST017436,760,excellent,68.71,83.94,77.68,60.43,97.18,76.6438,10.67,8,0,1,0,0,0,1,0,220554.76,0.6375,low,0.5
CUST017437,788,excellent,95.44,81.67,77.23,31.91,86.94,81.373,12.21,9,1,0,0,0,0,0,3,94896.47,0.0718,low,0.0
CUST017438,812,excellent,93.82,92.68,62.06,60.27,93.46,85.3258,3.71,4,0,0,0,0,0,1,3,152232.31,0.4283,low,0.25
CUST017439,752,excellent,94.42,84.63,31.19,39.02,83.57,75.3719,12.47,1,1,0,0,0,0,0,4,103643.93,0.1248,low,0.0
CUST017440,815,excellent,99.57,76.79,82.08,61.02,94.84,85.7824,24.61,9,0,0,0,0,0,1,4,546360.67,0.8608,low,0.2
CUST017441,590,high_risk,9.94,86.77,87.26,37.77,20.04,48.3812,12.19,13,5,7,1,0,1,0,3,53674.04,0.4448,low,0.0
CUST017442,800,excellent,96.36,95.85,41.2,66.93,80.32,83.3896,9.8,1,1,0,0,0,0,1,6,58291.41,0.6816,low,0.1429
CUST017443,730,good,90.54,81.93,17.25,36.3,91.71,71.655,11.39,0,1,0,0,0,0,0,4,40356.19,0.0098,low,0.0
CUST017444,807,excellent,89.39,89.5,67.21,77.26,86.36,84.5821,0.64,6,1,0,0,0,0,1,6,122603.36,0.5672,low,0.1429
CUST017445,811,excellent,96.81,89.32,69.26,49.38,90.97,85.104,12.04,9,0,0,0,0,0,0,6,227049.72,0.0962,low,0.0
CUST017446,837,excellent,97.57,97.5,92.99,38.48,83.08,89.5069,6.88,15,1,0,0,0,0,0,3,110973.73,0.1065,low,0.0
CUST017447,624,high_risk,17.74,99.64,49.8,66.99,47.03,53.9732,3.98,1,3,6,0,0,0,1,7,306552.51,1.2547,low,0.125
CUST017448,755,excellent,76.64,75.66,89.1,43.86,85.09,75.7819,14.65,15,1,1,0,0,0,0,5,197613.47,0.1317,low,0.0
CUST017449,847,excellent,91.75,95.8,95.82,66.7,92.3,91.1236,9.51,11,0,0,0,0,0,1,7,146675.26,0.3774,low,0.125
CUST017450,742,good,75.66,76.25,50.62,71.37,95.69,73.6542,14.94,2,0,1,0,0,0,1,1,185252.04,0.9953,low,0.5
CUST017451,802,excellent,93.34,89.53,75.08,55.54,74.03,83.7489,9.03,9,2,0,0,0,0,1,2,148544.72,0.6782,low,0.3333
CUST017452,820,excellent,93.62,89.55,96.94,41.1,84.1,86.6941,12.99,17,1,0,0,0,0,0,2,143535.92,0.0656,low,0.0
CUST017453,821,excellent,92.89,93.66,88.5,35.81,93.08,86.7725,9.39,11,0,0,0,0,0,0,5,56163.29,0.0373,low,0.0
CUST017454,833,excellent,95.51,99.03,89.75,39.17,83.49,88.866,4.39,10,1,0,0,0,0,0,7,90931.34,0.012,low,0.0
CUST017455,830,excellent,94.7,96.86,89.92,36.33,89.76,88.2988,0.78,18,1,0,0,0,0,0,5,50998.24,0.1309,low,0.0
CUST017456,664,risky,40.06,76.16,68.41,48.1,87.14,60.6532,14.17,6,1,3,0,0,0,0,2,101473.23,0.0448,low,0.0
CUST017457,784,excellent,94.35,90.16,52.47,36.9,89.88,80.62,9.59,2,1,0,0,0,0,0,4,81960.6,0.1193,low,0.0
CUST017458,768,excellent,85.51,84.26,69.48,37.47,86.89,78.0635,11.92,9,1,0,0,0,0,0,3,397572.65,0.0999,low,0.0
CUST017459,799,excellent,72.24,98.49,91.95,46.34,98.93,83.1514,1.14,20,0,1,0,0,0,0,4,45772.0,0.0104,low,0.0
CUST017460,751,excellent,87.02,89.08,33.92,30.58,98.66,75.1915,11.04,1,0,0,0,0,0,0,1,135783.77,0.1168,low,0.0
CUST017461,804,excellent,99.48,88.14,45.99,68.66,90.32,84.0547,13.17,3,0,0,0,0,0,1,1,153789.08,0.7256,low,0.5
CUST017462,818,excellent,90.39,86.05,98.59,41.21,99.74,86.3325,11.5,15,0,0,0,0,0,0,5,141017.26,0.0754,low,0.0
CUST017463,839,excellent,89.38,99.87,98.48,46.9,90.45,89.751,7.7,12,0,0,0,0,0,0,1,48966.91,0.1465,low,0.0
CUST017464,807,excellent,91.05,92.53,68.8,49.66,95.39,84.4508,7.35,7,0,0,0,0,0,1,4,194215.16,0.9748,low,0.2
CUST017465,706,good,43.07,99.85,99.76,34.03,42.19,67.6177,3.05,11,3,3,0,0,0,0,4,84663.76,0.1066,low,0.0
CUST017466,874,excellent,99.94,97.4,88.37,91.54,90.66,95.6755,9.75,20,1,0,0,0,0,2,1,36119.7,0.753,low,0.6667
CUST017467,808,excellent,87.45,86.03,91.39,64.8,81.11,84.7152,13.43,12,1,0,0,0,0,1,0,31752.62,0.7388,low,0.5
CUST017468,830,excellent,94.17,96.46,96.25,37.27,82.84,88.3473,5.51,16,1,0,0,0,0,0,3,274748.07,0.1558,low,0.0
CUST017469,733,good,51.75,99.41,80.8,36.64,83.89,72.1086,1.96,8,1,3,0,0,0,0,2,85978.27,0.0756,low,0.0
CUST017470,813,excellent,98.2,99.31,55.35,33.78,97.25,85.5701,3.47,2,0,0,0,0,0,0,7,189965.13,0.1639,low,0.0
CUST017471,746,good,90.44,83.45,29.91,44.69,86.27,74.2694,13.92,0,1,0,0,0,0,0,5,166215.17,0.09,low,0.0
CUST017472,684,risky,47.09,92.74,52.19,38.9,79.39,63.9601,4.62,2,2,2,0,0,0,0,1,150491.97,0.0116,low,0.0
CUST017473,784,excellent,86.14,96.57,59.03,30.55,96.63,80.6929,5.46,2,0,0,0,0,0,0,2,50490.93,0.0004,low,0.0
CUST017474,746,good,94.33,77.29,32.95,40.39,91.45,74.3309,13.21,1,0,0,0,0,0,0,6,293722.63,0.0856,low,0.0
CUST017475,802,excellent,88.0,97.56,65.1,42.41,96.05,83.6819,4.26,5,0,0,0,0,0,0,6,65368.03,0.0942,low,0.0
CUST017476,696,risky,36.52,89.94,89.96,70.22,67.63,66.0435,9.5,13,2,1,0,0,0,1,2,280102.82,1.2585,low,0.3333
CUST017477,747,good,85.15,78.68,46.24,49.09,92.4,74.4933,14.0,1,0,0,0,0,0,0,5,80150.52,0.0054,low,0.0
CUST017478,808,excellent,90.06,76.24,90.1,79.66,87.73,84.6487,13.76,18,1,0,0,0,0,1,2,376593.08,0.8027,low,0.3333
CUST017479,774,excellent,69.7,82.55,99.89,52.4,96.0,78.9823,25.14,13,0,0,0,0,0,0,2,16875.29,0.1326,low,0.0
CUST017480,828,excellent,93.43,98.88,77.38,40.77,98.69,87.919,6.14,9,0,0,0,0,0,0,6,62186.0,0.0157,low,0.0
CUST017481,833,excellent,97.85,94.28,87.0,47.35,84.48,88.7667,0.77,10,1,0,0,0,0,1,5,123817.97,0.9915,low,0.1667
CUST017482,797,excellent,87.69,95.77,71.35,39.58,86.85,82.768,7.92,8,1,0,0,0,0,0,5,51213.95,0.0079,low,0.0
CUST017483,818,excellent,91.96,89.62,97.46,46.52,80.02,86.3452,12.09,12,1,0,0,0,0,0,4,164396.3,0.1622,low,0.0
CUST017484,815,excellent,95.65,78.44,98.13,45.09,96.2,85.8564,14.9,19,0,0,0,0,0,0,6,137117.29,0.1183,low,0.0
CUST017485,771,excellent,74.24,88.91,65.64,66.2,93.13,78.4368,14.49,9,0,0,0,0,0,1,6,84575.19,0.3637,low,0.1429
CUST017486,777,excellent,96.22,76.47,69.41,31.32,93.82,79.5433,11.65,7,0,0,0,0,0,0,0,132273.28,0.1274,low,0.0
CUST017487,806,excellent,89.21,81.82,85.06,61.08,97.79,84.4141,10.63,18,0,0,0,0,0,1,4,395509.83,0.4067,low,0.2
CUST017488,807,excellent,92.46,91.8,80.96,30.73,94.62,84.5804,0.66,6,0,0,0,0,0,0,5,17294.29,0.06,low,0.0
CUST017489,721,good,52.05,97.9,72.79,70.43,56.65,70.2126,9.35,8,4,1,0,0,0,1,2,106477.53,1.4062,low,0.3333
CUST017490,651,risky,20.88,81.19,88.69,78.94,66.51,58.5128,12.1,13,2,8,0,0,0,1,2,91073.8,1.8672,moderate,0.3333
CUST017491,677,risky,43.14,87.5,51.5,37.76,99.21,62.7688,10.06,2,0,3,0,0,0,0,2,118938.98,0.0407,low,0.0
CUST017492,773,excellent,90.16,92.91,45.34,32.43,93.46,78.8191,1.58,1,0,0,0,0,0,0,6,59901.98,0.0128,low,0.0
CUST017493,788,excellent,85.06,78.42,94.65,45.35,92.23,81.2511,13.06,10,0,0,0,0,0,0,7,168972.72,0.1024,low,0.0
CUST017494,745,good,85.69,78.11,47.31,37.88,99.02,74.2137,13.81,4,0,0,0,0,0,0,2,214650.96,0.1319,low,0.0
CUST017495,651,risky,23.0,94.4,71.87,48.86,65.18,58.554,2.09,7,2,6,0,0,1,0,3,34574.18,0.5713,low,0.0
CUST017496,617,high_risk,3.09,91.83,85.81,33.89,79.79,52.8698,2.42,12,2,3,0,1,1,0,3,242632.7,0.2852,low,0.0
CUST017497,805,excellent,87.34,94.14,79.9,43.45,89.58,84.0974,7.92,6,1,0,0,0,0,0,3,199141.15,0.0268,low,0.0
CUST017498,831,excellent,98.94,97.14,78.9,39.0,90.11,88.5145,1.14,6,0,0,0,0,0,0,4,394256.99,0.1377,low,0.0
CUST017499,819,excellent,95.56,80.99,98.05,65.69,74.29,86.4486,12.22,20,2,0,0,0,0,1,7,738485.34,0.5427,low,0.125
CUST017500,819,excellent,95.61,81.49,87.42,56.48,99.1,86.5796,12.36,16,0,0,0,0,0,1,5,62742.93,0.9167,low,0.1667
CUST017501,757,excellent,91.57,92.74,19.48,43.57,90.61,76.2118,1.93,0,0,0,0,0,0,0,2,41949.53,0.0961,low,0.0
CUST017502,823,excellent,85.84,94.71,89.92,57.06,95.83,87.2348,7.74,17,0,0,0,0,0,1,1,14504.91,0.6487,low,0.5
CUST017503,804,excellent,87.14,96.41,70.96,44.99,95.11,84.0744,1.35,7,0,0,0,0,0,0,2,117545.72,0.1567,low,0.0
CUST017504,809,excellent,90.6,90.63,77.51,49.46,94.06,84.8791,8.0,7,0,0,0,0,0,1,0,59846.17,0.8524,low,0.5
CUST017505,812,excellent,97.21,88.53,71.39,44.14,96.62,85.3683,2.07,6,0,0,0,0,0,0,3,140102.76,0.1497,low,0.0
CUST017506,674,risky,45.33,98.88,39.28,39.12,70.47,62.3796,9.28,1,2,2,0,0,0,0,4,72974.2,0.211,low,0.0
CUST017507,655,risky,27.72,96.44,70.23,42.78,57.49,59.1943,8.91,9,3,4,0,0,0,0,0,29055.08,0.1935,low,0.0
CUST017508,827,excellent,93.85,95.72,94.34,44.86,75.67,87.7668,7.11,16,2,0,0,0,0,0,5,29080.24,0.1564,low,0.0
CUST017509,730,good,56.45,87.73,77.97,64.99,84.42,71.7141,10.29,6,1,2,0,0,0,1,0,201226.02,1.1778,low,0.5
CUST017510,834,excellent,93.54,93.77,99.13,43.79,88.28,88.9467,6.8,10,1,0,0,0,0,0,1,145226.75,0.1632,low,0.0
CUST017511,782,excellent,77.02,96.02,71.6,48.05,90.02,80.3101,5.92,7,0,0,0,0,0,0,0,56647.93,0.104,low,0.0
CUST017512,785,excellent,86.1,90.62,48.3,77.13,85.35,80.8166,8.55,3,1,0,0,0,0,2,0,271948.68,0.6291,low,0.6667
CUST017513,787,excellent,91.97,89.39,46.27,61.78,89.67,81.0901,4.41,2,1,0,0,0,0,1,4,218308.55,0.876,low,0.2
CUST017514,720,good,87.26,80.61,20.23,34.21,88.27,70.0057,13.2,0,1,0,0,0,0,0,0,35975.14,0.0179,low,0.0
CUST017515,714,good,55.74,87.8,61.47,47.27,91.94,68.9907,11.58,2,1,2,0,0,0,0,7,114329.3,0.1762,low,0.0
CUST017516,784,excellent,86.3,68.37,97.15,62.76,91.47,80.7114,40.66,14,0,0,0,0,0,1,6,72076.36,0.937,low,0.1429
CUST017517,773,excellent,69.61,91.87,54.53,91.79,95.23,78.8076,8.01,2,0,0,0,0,0,2,6,22898.32,0.66,low,0.25
CUST017518,780,excellent,91.97,94.51,47.22,37.72,86.08,80.0035,6.04,2,1,0,0,0,0,0,0,33751.6,0.0923,low,0.0
CUST017519,757,excellent,66.24,97.84,73.56,35.41,90.37,76.1472,4.71,7,1,0,0,0,0,0,2,132763.64,0.1446,low,0.0
CUST017520,829,excellent,86.12,97.92,94.39,50.02,94.74,88.1549,3.32,13,0,0,0,0,0,1,6,20031.2,0.3812,low,0.1429
CUST017521,825,excellent,89.79,88.32,90.15,64.15,97.11,87.5687,7.11,15,0,0,0,0,0,1,6,46574.51,0.4767,low,0.1429
CUST017522,807,excellent,92.81,88.51,63.59,72.04,86.59,84.4371,1.67,4,1,0,0,0,0,1,2,293051.76,0.4339,low,0.3333
CUST017523,771,excellent,96.91,96.38,17.29,32.42,98.74,78.545,4.15,0,0,0,0,0,0,0,2,86595.81,0.0535,low,0.0
CUST017524,832,excellent,91.82,91.59,86.01,64.0,96.9,88.6055,1.64,10,0,0,0,0,0,1,1,212988.43,0.6421,low,0.5
CUST017525,785,excellent,94.69,85.07,61.85,31.89,96.37,80.7671,10.33,2,0,0,0,0,0,0,1,249851.38,0.0526,low,0.0
CUST017526,765,excellent,99.16,88.18,31.71,31.43,85.16,77.5761,7.63,0,1,0,0,0,0,0,3,167665.13,0.128,low,0.0
CUST017527,725,good,72.38,79.67,57.8,33.37,96.1,70.8511,14.61,2,0,1,0,0,0,0,5,24644.68,0.1641,low,0.0
CUST017528,781,excellent,70.46,95.31,77.55,58.79,94.0,80.1661,8.44,7,0,1,0,0,0,1,2,40429.68,0.9628,low,0.3333
CUST017529,649,high_risk,11.55,93.55,94.16,78.71,50.3,58.1328,4.9,19,3,3,0,0,0,1,2,22727.94,1.2539,low,0.3333
CUST017530,794,excellent,99.89,100.0,30.86,42.65,84.75,82.3281,5.51,0,1,0,0,0,0,0,2,652194.2,0.1172,low,0.0
CUST017531,622,high_risk,24.77,97.36,45.78,41.99,47.44,53.6876,3.6,4,3,7,1,0,1,0,5,53378.5,0.2234,low,0.0
CUST017532,746,good,91.43,82.88,31.76,45.07,81.92,74.3279,10.44,1,1,0,0,0,0,0,5,424224.95,0.1028,low,0.0
CUST017533,790,excellent,89.08,88.27,55.56,75.33,81.83,81.7102,5.55,4,1,0,0,0,0,1,0,18462.48,0.9792,low,0.5
CUST017534,618,high_risk,26.15,80.69,79.97,61.9,25.21,53.0672,10.84,7,6,5,0,0,0,1,5,108780.86,1.4164,low,0.1667
CUST017535,609,high_risk,9.85,79.12,89.39,31.27,77.36,51.4552,13.8,10,2,6,1,1,1,0,5,46064.19,0.661,low,0.0
CUST017536,804,excellent,94.94,82.62,68.34,75.02,82.62,84.0303,14.55,7,1,0,0,0,0,1,5,409036.14,0.7781,low,0.1667
CUST017537,857,excellent,99.03,99.0,96.09,47.93,93.23,92.8881,3.58,14,0,0,0,0,0,0,7,111513.81,0.0708,low,0.0
CUST017538,788,excellent,95.69,91.3,38.27,49.12,98.65,81.3994,4.35,1,0,0,0,0,0,0,1,132546.36,0.0996,low,0.0
CUST017539,790,excellent,88.22,98.49,53.53,41.18,90.21,81.5917,3.88,2,1,0,0,0,0,0,5,52226.37,0.111,low,0.0
CUST017540,849,excellent,88.99,99.37,99.49,64.42,92.17,91.5394,7.75,10,0,0,0,0,0,1,2,6189.59,0.9144,low,0.3333
CUST017541,853,excellent,95.51,97.53,85.81,68.25,98.12,92.1942,9.35,10,0,0,0,0,0,1,2,41456.4,0.4252,low,0.3333
CUST017542,747,good,95.62,85.31,12.08,40.12,95.45,74.4313,10.02,0,0,0,0,0,0,0,4,29924.71,0.1406,low,0.0
CUST017543,780,excellent,65.02,95.19,93.42,47.35,99.95,80.0577,3.39,19,0,1,0,0,0,1,7,83956.74,0.6581,low,0.125
CUST017544,746,good,62.18,94.42,88.87,30.72,78.93,74.3857,3.24,13,2,3,0,0,0,0,3,208038.52,0.2159,low,0.0
CUST017545,818,excellent,89.53,89.85,88.29,49.41,98.15,86.2916,11.7,14,0,0,0,0,0,0,0,62155.74,0.1549,low,0.0
CUST017546,781,excellent,96.41,96.97,32.84,44.34,79.58,80.1521,8.02,0,2,0,0,0,0,0,0,67615.81,0.0597,low,0.0
CUST017547,808,excellent,97.98,77.06,99.6,42.4,80.99,84.6881,13.15,16,1,0,0,0,0,0,1,106088.7,0.0995,low,0.0
CUST017548,811,excellent,78.27,88.89,96.97,74.49,90.61,85.1172,4.03,17,1,0,0,0,0,1,2,301218.19,0.5338,low,0.3333
CUST017549,783,excellent,97.29,98.39,31.08,30.18,93.2,80.5683,1.32,1,0,0,0,0,0,0,0,27782.18,0.0446,low,0.0
CUST017550,765,excellent,93.2,89.86,39.21,35.75,85.42,77.5784,6.09,1,1,0,0,0,0,0,0,973500.49,0.0977,low,0.0
CUST017551,806,excellent,92.61,92.87,84.17,34.16,80.73,84.3889,7.36,9,1,0,0,0,0,0,3,110751.1,0.0219,low,0.0
CUST017552,788,excellent,88.85,89.47,83.26,44.17,65.69,81.4136,4.26,8,2,0,0,0,0,0,5,633534.65,0.1642,low,0.0
CUST017553,793,excellent,96.8,77.24,78.86,36.62,96.01,82.1439,14.2,8,0,0,0,0,0,0,5,123821.88,0.0126,low,0.0
CUST017554,814,excellent,96.54,83.47,72.4,67.0,93.38,85.7277,11.73,9,0,0,0,0,0,1,0,240544.45,0.7637,low,0.5
CUST017555,829,excellent,99.65,90.03,60.68,79.48,91.74,88.1085,6.59,2,1,0,0,0,0,2,1,29473.13,0.3445,low,0.6667
CUST017556,663,risky,26.8,91.88,98.52,45.37,42.37,60.4964,6.34,12,3,4,0,0,0,0,0,62972.07,0.2165,low,0.0
CUST017557,710,good,54.28,89.49,81.61,47.31,55.32,68.349,0.72,7,4,2,0,0,0,0,7,160871.89,0.1257,low,0.0
CUST017558,743,good,86.28,93.46,20.83,38.65,85.61,73.7867,6.83,0,1,0,0,0,0,0,0,12540.74,0.0208,low,0.0
CUST017559,831,excellent,97.24,92.34,82.8,47.15,96.87,88.5582,6.62,8,0,0,0,0,0,0,5,73599.34,0.0685,low,0.0
CUST017560,845,excellent,88.83,95.39,88.9,80.85,96.5,90.7761,6.97,10,0,0,0,0,0,2,7,137474.67,0.5163,low,0.2222
CUST017561,783,excellent,91.56,89.47,50.17,43.53,97.86,80.5498,4.05,2,0,0,0,0,0,0,1,143656.92,0.1642,low,0.0
CUST017562,806,excellent,96.73,91.73,79.18,40.44,71.15,84.4106,1.86,5,2,0,0,0,0,0,1,410359.09,0.1153,low,0.0
CUST017563,795,excellent,86.91,89.33,65.71,70.72,83.8,82.5286,11.02,6,1,0,0,0,0,1,3,113039.18,0.9374,low,0.25
CUST017564,781,excellent,97.23,87.87,45.1,30.4,99.17,80.1131,12.18,2,0,0,0,0,0,0,7,52096.49,0.0438,low,0.0
CUST017565,775,excellent,86.83,95.15,49.31,38.81,89.59,79.172,2.58,3,1,0,0,0,0,0,6,580812.33,0.0752,low,0.0
CUST017566,773,excellent,90.52,88.18,65.07,30.87,78.17,78.8011,7.11,9,2,0,0,0,0,0,3,309831.94,0.0715,low,0.0
CUST017567,775,excellent,67.36,89.36,88.22,63.92,90.94,79.1063,2.44,12,0,1,0,0,0,1,3,1098569.03,0.7576,low,0.25
CUST017568,830,excellent,94.32,88.64,79.83,70.55,97.59,88.3937,3.88,5,0,0,0,0,0,2,6,122773.9,0.6059,low,0.25
CUST017569,820,excellent,92.8,94.37,82.62,44.32,90.6,86.6768,8.85,8,0,0,0,0,0,0,3,213274.97,0.1593,low,0.0
CUST017570,683,risky,47.81,76.11,64.07,60.82,85.73,63.8284,22.35,2,1,1,0,0,0,0,0,58589.72,0.0845,low,0.0
CUST017571,691,risky,51.35,91.88,62.29,31.61,72.04,65.245,8.37,2,2,1,0,0,0,0,1,395321.99,0.1542,low,0.0
CUST017572,803,excellent,88.29,92.67,83.88,39.27,86.7,83.882,5.69,9,1,0,0,0,0,0,0,224835.29,0.0033,low,0.0
CUST017573,781,excellent,98.83,75.54,75.5,33.71,81.95,80.142,12.14,9,1,0,0,0,0,0,0,34390.64,0.1625,low,0.0
CUST017574,661,risky,49.26,79.51,48.97,43.11,74.67,60.2186,14.91,1,2,4,0,0,0,0,6,228128.57,0.0856,low,0.0
CUST017575,811,excellent,98.6,60.73,97.11,84.9,93.61,85.1476,40.18,14,0,0,0,0,0,2,2,30275.88,0.7344,low,0.5
CUST017576,755,excellent,92.18,86.02,32.4,37.18,91.24,75.7716,12.97,1,1,0,0,0,0,0,5,57928.84,0.0491,low,0.0
CUST017577,788,excellent,95.08,89.27,45.72,45.81,98.94,81.3928,3.71,3,0,0,0,0,0,0,3,45976.76,0.1273,low,0.0
CUST017578,809,excellent,92.35,80.71,90.57,50.59,96.36,84.8172,12.63,14,0,0,0,0,0,1,2,144041.23,0.6758,low,0.3333
CUST017579,654,risky,26.37,85.42,97.25,35.96,60.07,59.0443,12.36,20,3,4,0,0,0,0,6,59478.67,0.1969,low,0.0
CUST017580,801,excellent,86.25,78.16,89.16,73.78,90.67,83.4543,10.99,16,1,0,0,0,0,1,7,62886.44,0.3479,low,0.125
CUST017581,716,good,87.75,77.3,19.35,57.02,68.99,69.404,12.06,0,2,0,0,0,0,1,4,97106.1,0.8647,low,0.2
CUST017582,850,excellent,94.25,95.25,96.63,62.74,93.12,91.6424,6.9,20,0,0,0,0,0,1,4,42489.66,0.9099,low,0.2
CUST017583,660,risky,55.04,55.29,74.43,62.48,67.32,59.9972,48.9,8,2,1,0,0,0,0,5,129021.58,0.0204,low,0.0
CUST017584,797,excellent,87.46,96.7,41.53,74.63,95.48,82.8619,7.24,1,0,0,0,0,0,2,1,135216.42,0.6309,low,0.6667
CUST017585,825,excellent,97.21,92.62,86.44,33.23,93.31,87.4283,9.11,13,0,0,0,0,0,0,6,196007.96,0.1232,low,0.0
CUST017586,813,excellent,98.57,87.32,73.16,39.27,98.91,85.4863,10.12,7,0,0,0,0,0,0,6,123539.32,0.0284,low,0.0
CUST017587,691,risky,42.5,87.98,66.09,45.94,93.48,65.1257,10.11,7,0,4,0,0,0,0,2,53089.08,0.1884,low,0.0
CUST017588,788,excellent,90.73,98.76,57.21,33.19,81.27,81.4108,4.28,2,1,0,0,0,0,0,7,64574.92,0.0216,low,0.0
CUST017589,760,excellent,79.97,90.74,54.41,44.19,88.86,76.6772,0.82,3,1,0,0,0,0,0,1,30602.53,0.0909,low,0.0
CUST017590,728,good,63.0,96.13,79.73,35.09,49.04,71.2588,8.51,9,3,3,0,0,0,0,6,122163.05,0.0028,low,0.0
CUST017591,804,excellent,95.0,78.94,91.61,41.25,91.49,83.9479,12.56,13,0,0,0,0,0,0,1,152884.44,0.1375,low,0.0
CUST017592,811,excellent,95.39,90.16,56.44,65.21,97.66,85.1868,2.02,3,0,0,0,0,0,2,3,72777.8,0.5226,low,0.4
CUST017593,680,risky,97.26,35.16,31.79,54.03,86.45,63.4061,54.04,1,1,0,0,0,0,0,6,195631.32,0.5273,low,0.0
CUST017594,784,excellent,88.77,77.55,90.18,35.55,91.89,80.6075,12.8,13,0,0,0,0,0,0,4,102330.18,0.1046,low,0.0
CUST017595,729,good,87.13,76.75,22.92,53.85,91.84,71.5271,11.57,0,0,0,0,0,0,1,2,170512.86,0.586,low,0.3333
CUST017596,810,excellent,85.75,96.08,73.3,69.19,82.42,84.9936,5.11,7,1,0,0,0,0,1,2,158811.21,0.4134,low,0.3333
CUST017597,782,excellent,95.48,94.69,31.91,48.09,89.9,80.41,3.97,1,1,0,0,0,0,0,7,319587.69,0.0833,low,0.0
CUST017598,741,good,53.05,91.23,97.43,32.53,97.7,73.5766,1.48,20,0,1,0,0,0,0,7,109644.01,0.126,low,0.0
CUST017599,771,excellent,99.31,94.77,11.16,45.46,90.08,78.4184,6.73,0,1,0,0,0,0,0,0,11351.53,0.1128,low,0.0
CUST017600,816,excellent,92.58,82.75,86.63,62.31,94.8,85.9335,13.17,15,0,0,0,0,0,1,3,50906.52,0.518,low,0.25
CUST017601,788,excellent,92.87,89.18,54.11,66.96,72.84,81.3547,13.15,3,2,0,0,0,0,1,5,68122.83,0.544,low,0.1667
CUST017602,741,good,91.09,55.57,67.48,52.29,95.81,73.4861,37.11,5,0,0,0,0,0,1,7,84202.45,0.6183,low,0.125
CUST017603,696,risky,43.78,78.42,87.87,49.77,90.42,66.048,10.96,15,0,3,0,0,0,0,6,100536.89,0.1975,low,0.0
CUST017604,656,risky,57.61,76.12,44.88,42.77,53.26,59.3368,10.93,1,3,2,0,0,0,0,1,208042.06,0.0379,low,0.0
CUST017605,778,excellent,93.59,66.27,79.47,60.8,90.91,79.7302,33.15,7,0,0,0,0,0,1,7,542653.01,0.9956,low,0.125
CUST017606,766,excellent,98.2,86.2,30.04,63.92,65.03,77.6319,13.07,1,2,0,0,0,0,1,6,606691.31,0.8915,low,0.1429
CUST017607,801,excellent,88.98,93.42,89.89,49.01,59.23,83.477,2.06,18,3,0,0,0,0,0,7,35161.1,0.1415,low,0.0
CUST017608,814,excellent,94.65,93.85,83.26,35.77,83.14,85.6637,4.67,7,1,0,0,0,0,0,6,151682.77,0.1358,low,0.0
CUST017609,682,risky,56.81,82.25,52.29,41.44,70.94,63.6421,12.92,2,2,4,0,0,0,0,7,305424.39,0.1229,low,0.0
CUST017610,805,excellent,90.38,89.79,75.43,47.0,95.84,84.168,0.91,9,0,0,0,0,0,0,3,58000.07,0.0636,low,0.0
CUST017611,726,good,43.16,94.61,96.32,39.52,91.12,71.0022,8.98,15,1,4,0,0,0,0,4,368187.93,0.0752,low,0.0
CUST017612,786,excellent,86.05,98.83,57.62,30.95,94.58,80.9626,7.26,2,0,0,0,0,0,0,7,62211.76,0.1461,low,0.0
CUST017613,773,excellent,92.29,92.04,49.71,34.34,79.53,78.7579,0.91,4,2,0,0,0,0,0,7,102578.18,0.1282,low,0.0
CUST017614,792,excellent,88.39,89.39,72.31,35.63,98.0,81.9632,0.32,8,0,0,0,0,0,0,5,305475.38,0.0288,low,0.0
CUST017615,847,excellent,99.93,96.22,96.03,38.83,90.26,91.1559,4.01,19,1,0,0,0,0,0,6,26484.06,0.0956,low,0.0
CUST017616,832,excellent,98.42,90.45,70.0,74.94,90.67,88.6436,2.51,8,0,0,0,0,0,1,0,263454.59,0.6054,low,0.5
CUST017617,776,excellent,90.83,88.99,49.88,48.74,84.52,79.2961,4.11,1,1,0,0,0,0,0,6,423611.89,0.1116,low,0.0
CUST017618,623,high_risk,22.81,94.31,68.54,62.31,20.45,53.8345,9.0,6,5,8,0,0,0,1,7,113803.79,1.4419,low,0.125
CUST017619,836,excellent,98.75,79.73,94.29,79.64,87.93,89.3823,14.98,17,1,0,0,0,0,1,2,13982.26,0.9907,low,0.3333
CUST017620,705,good,62.58,94.19,45.58,77.08,28.3,67.5341,8.74,1,6,1,0,0,0,1,4,113211.22,0.6767,low,0.2
CUST017621,781,excellent,90.93,92.96,45.24,46.49,89.86,80.137,6.65,2,1,0,0,0,0,1,1,23497.6,0.8577,low,0.5
CUST017622,816,excellent,95.36,94.65,66.77,46.7,96.03,86.0598,8.29,8,0,0,0,0,0,1,5,40382.27,0.5105,low,0.1667
CUST017623,789,excellent,87.3,88.94,60.68,53.87,97.03,81.4284,4.85,3,0,0,0,0,0,1,5,80233.64,0.9138,low,0.1667
CUST017624,819,excellent,98.5,84.08,98.64,30.55,89.99,86.5492,10.68,12,1,0,0,0,0,0,7,93753.24,0.1406,low,0.0
CUST017625,799,excellent,87.57,77.05,87.86,64.18,97.52,83.1147,11.36,11,0,0,0,0,0,1,0,106352.46,0.4842,low,0.5
CUST017626,698,risky,55.77,90.91,49.25,36.8,85.49,66.4098,1.59,2,1,1,0,0,0,0,3,67601.55,0.2273,low,0.0
CUST017627,820,excellent,92.02,89.18,95.92,45.08,87.6,86.6168,5.27,19,1,0,0,0,0,0,6,374307.04,0.0938,low,0.0
CUST017628,631,high_risk,15.98,95.85,60.93,62.24,64.26,55.1388,5.73,2,4,5,0,0,0,1,2,21670.93,1.9873,moderate,0.3333
CUST017629,691,risky,50.5,88.75,50.37,46.83,85.84,65.1213,1.96,4,1,2,0,0,0,0,0,245334.98,0.1691,low,0.0
CUST017630,832,excellent,95.88,99.91,71.07,48.75,95.84,88.6492,5.25,6,0,0,0,0,0,0,5,20930.7,0.0536,low,0.0
CUST017631,700,good,47.09,97.68,82.72,44.86,40.32,66.7116,3.45,9,5,4,0,0,0,0,3,52922.92,0.1028,low,0.0
CUST017632,792,excellent,95.2,82.97,63.94,47.79,94.28,82.0082,10.5,3,0,0,0,0,0,1,7,189906.85,0.9102,low,0.125
CUST017633,821,excellent,91.23,96.27,58.33,76.71,95.52,86.7823,3.24,4,0,0,0,0,0,1,1,16979.47,0.9403,low,0.5
CUST017634,778,excellent,76.53,81.16,95.49,47.02,95.03,79.6611,14.12,18,0,1,0,0,0,0,2,169731.2,0.0027,low,0.0
CUST017635,806,excellent,87.71,75.95,98.08,63.22,97.99,84.3191,12.5,20,0,0,0,0,0,0,1,18545.75,0.1231,low,0.0
CUST017636,794,excellent,88.41,97.43,61.58,37.87,91.04,82.2993,8.7,2,0,0,0,0,0,0,4,45096.92,0.1529,low,0.0
CUST017637,775,excellent,96.19,95.79,27.12,46.8,79.48,79.1001,1.21,0,2,0,0,0,0,0,0,86698.57,0.1625,low,0.0
CUST017638,824,excellent,85.82,92.42,93.22,64.73,91.27,87.3452,4.35,11,0,0,0,0,0,1,7,44729.35,0.5289,low,0.125
CUST017639,819,excellent,99.8,87.09,66.5,63.86,90.82,86.4997,14.45,6,0,0,0,0,0,1,0,113949.93,0.4614,low,0.5
CUST017640,847,excellent,95.26,95.09,94.6,60.21,90.98,91.1757,3.99,13,0,0,0,0,0,1,1,145513.39,0.7075,low,0.5
CUST017641,753,excellent,73.6,97.85,39.25,47.47,96.71,75.4175,7.22,1,0,0,0,0,0,0,5,250556.55,0.1455,low,0.0
CUST017642,761,excellent,98.91,87.16,10.75,47.24,97.28,76.8311,12.28,0,0,0,0,0,0,1,5,75855.78,0.8049,low,0.1667
CUST017643,667,risky,46.26,62.44,88.35,71.94,57.28,61.0968,31.81,13,4,4,0,0,0,1,2,125408.1,0.8589,low,0.3333
CUST017644,802,excellent,92.61,89.6,81.05,36.58,85.41,83.6496,7.72,8,1,0,0,0,0,0,0,100465.3,0.0493,low,0.0
CUST017645,784,excellent,85.9,90.34,72.36,38.23,88.66,80.7079,9.03,7,1,0,0,0,0,0,5,12355.9,0.0177,low,0.0
CUST017646,818,excellent,86.75,91.88,78.74,94.88,71.85,86.4103,2.12,5,2,0,0,0,0,2,3,30076.01,0.5364,low,0.4
CUST017647,614,high_risk,26.77,89.93,23.84,32.72,91.43,52.3396,0.6,0,1,2,0,0,0,0,1,77088.63,0.0801,low,0.0
CUST017648,814,excellent,89.61,99.13,75.08,36.89,96.8,85.7311,4.72,5,0,0,0,0,0,0,2,112142.86,0.1004,low,0.0
CUST017649,625,high_risk,25.77,82.54,50.72,78.16,60.3,54.2359,12.31,4,3,6,0,0,0,1,4,65708.88,2.1611,moderate,0.2
CUST017650,621,high_risk,23.72,99.87,45.77,31.55,52.84,53.5671,9.64,4,3,3,1,0,1,0,2,55352.41,0.3245,low,0.0
CUST017651,822,excellent,93.13,90.72,93.76,31.25,99.58,86.9574,2.52,19,0,0,0,0,0,0,7,37688.55,0.04,low,0.0
CUST017652,808,excellent,89.93,83.35,93.74,41.96,99.49,84.6867,13.63,12,0,0,0,0,0,0,6,73257.27,0.0941,low,0.0
CUST017653,789,excellent,98.71,88.44,37.69,76.96,70.89,81.5175,2.25,1,2,0,0,0,0,1,6,62793.78,0.6807,low,0.1429
CUST017654,831,excellent,95.68,90.53,70.26,74.98,97.43,88.426,0.53,5,0,0,0,0,0,1,0,92657.11,0.7418,low,0.5
CUST017655,807,excellent,93.72,89.67,78.21,37.46,92.51,84.4314,7.9,8,0,0,0,0,0,0,6,56007.88,0.1394,low,0.0
CUST017656,794,excellent,91.79,94.79,56.71,40.83,92.1,82.3644,3.63,2,0,0,0,0,0,0,6,274238.62,0.0294,low,0.0
CUST017657,814,excellent,85.95,85.79,98.62,60.64,90.46,85.7209,28.68,11,0,0,0,0,0,1,6,28672.79,0.5178,low,0.1429
CUST017658,822,excellent,92.94,89.72,99.74,35.66,91.12,87.0831,14.23,18,0,0,0,0,0,0,0,155766.94,0.0182,low,0.0
CUST017659,811,excellent,96.29,88.52,75.33,37.2,98.28,85.1033,2.99,6,0,0,0,0,0,0,2,146447.49,0.0482,low,0.0
CUST017660,727,good,90.04,84.09,12.23,40.83,85.35,71.1929,11.66,0,1,0,0,0,0,0,4,734333.99,0.0442,low,0.0
CUST017661,781,excellent,94.39,77.82,46.35,69.13,99.86,80.2334,10.16,1,0,0,0,0,0,2,4,64360.71,0.5091,low,0.3333
CUST017662,823,excellent,93.07,99.78,74.96,48.91,85.67,87.2112,2.57,7,1,0,0,0,0,1,1,107016.72,0.7248,low,0.5
CUST017663,691,risky,55.91,89.83,44.64,37.73,82.02,65.1881,9.99,1,1,2,0,0,0,0,2,227110.13,0.0258,low,0.0
CUST017664,706,good,60.13,80.08,91.53,38.68,49.82,67.6481,10.89,11,4,2,0,0,0,0,7,36845.62,0.2398,low,0.0
CUST017665,810,excellent,93.31,86.42,78.54,47.65,98.86,85.0165,13.87,8,0,0,0,0,0,0,6,161379.03,0.0333,low,0.0
CUST017666,826,excellent,99.13,93.22,64.12,63.41,90.13,87.6343,5.13,2,1,0,0,0,0,1,5,54477.15,0.3552,low,0.1667
CUST017667,644,high_risk,10.28,89.65,93.6,78.48,60.34,57.4144,14.92,13,4,3,0,0,0,1,4,96470.82,2.1236,moderate,0.2
CUST017668,727,good,61.47,93.14,49.08,44.23,99.98,71.2393,9.64,2,0,3,0,0,0,0,6,186624.8,0.1235,low,0.0
CUST017669,683,risky,30.66,90.46,88.26,35.96,90.96,63.8002,5.86,18,1,1,0,0,0,0,3,271856.47,0.1317,low,0.0
CUST017670,567,high_risk,32.47,30.38,91.43,52.56,50.17,44.4658,60.45,13,3,4,0,0,0,0,6,129513.26,0.008,low,0.0
CUST017671,783,excellent,86.18,98.94,47.33,42.65,92.52,80.4615,8.7,1,0,0,0,0,0,0,7,12848.16,0.0103,low,0.0
CUST017672,671,risky,41.34,75.08,93.83,33.14,74.15,61.7971,14.27,19,2,2,0,0,0,0,3,118003.17,0.2008,low,0.0
CUST017673,803,excellent,86.07,95.54,75.63,40.5,95.75,83.7537,7.76,8,0,0,0,0,0,0,5,367751.7,0.0777,low,0.0
CUST017674,799,excellent,87.4,95.63,65.61,48.92,91.5,83.1612,3.27,5,0,0,0,0,0,0,1,371252.32,0.0313,low,0.0
CUST017675,827,excellent,96.83,80.45,98.26,53.58,96.88,87.8094,12.56,20,0,0,0,0,0,1,3,19979.02,0.3935,low,0.25
CUST017676,852,excellent,90.68,93.91,99.62,82.36,88.32,91.9226,5.64,10,1,0,0,0,0,2,4,111464.43,0.5206,low,0.3333
CUST017677,834,excellent,92.6,92.55,98.07,41.49,99.33,88.9662,6.12,12,0,0,0,0,0,0,2,27190.31,0.0045,low,0.0
CUST017678,798,excellent,89.85,83.52,86.83,38.53,96.6,83.0407,11.9,16,0,0,0,0,0,0,1,118011.22,0.1342,low,0.0
CUST017679,862,excellent,96.18,92.5,94.96,88.61,90.72,93.5898,2.38,12,1,0,0,0,0,2,4,43416.53,0.8672,low,0.3333
CUST017680,717,good,61.23,91.68,57.34,44.22,75.6,69.5183,2.6,2,2,2,0,0,0,0,2,230304.77,0.0747,low,0.0
CUST017681,797,excellent,87.12,89.99,84.82,37.85,87.86,82.7856,5.25,8,1,0,0,0,0,0,1,246309.81,0.1341,low,0.0
CUST017682,745,good,85.76,85.86,28.66,49.43,91.16,74.1327,11.68,0,0,0,0,0,0,0,5,464229.41,0.0727,low,0.0
CUST017683,779,excellent,88.85,80.67,79.81,33.57,91.89,79.8166,10.84,6,1,0,0,0,0,0,4,85999.21,0.0548,low,0.0
CUST017684,622,high_risk,45.24,78.89,31.23,39.96,54.79,53.659,13.78,1,3,2,0,0,0,0,6,67164.56,0.1267,low,0.0
CUST017685,815,excellent,97.35,84.6,86.03,49.45,85.66,85.8672,10.51,10,1,0,0,0,0,1,4,64324.15,0.5321,low,0.2
CUST017686,816,excellent,88.71,88.56,92.21,53.64,91.2,85.9319,4.05,15,0,0,0,0,0,1,3,755985.9,0.8418,low,0.25
CUST017687,731,good,54.64,89.53,88.31,39.31,86.33,71.7963,7.87,13,1,2,0,0,0,0,2,371658.33,0.2117,low,0.0
CUST017688,746,good,74.78,77.04,76.98,44.59,90.47,74.336,11.09,6,1,1,0,0,0,0,5,184175.83,0.1665,low,0.0
CUST017689,831,excellent,98.61,93.0,90.35,39.32,85.61,88.4606,6.84,19,1,0,0,0,0,0,6,206407.48,0.0051,low,0.0
CUST017690,694,risky,59.21,79.45,74.26,45.65,54.85,65.7463,11.86,5,3,2,0,0,0,0,2,10768.47,0.0279,low,0.0
CUST017691,765,excellent,87.87,78.45,53.2,70.31,82.79,77.5784,12.99,3,1,0,0,0,0,1,0,22012.56,0.4067,low,0.5
CUST017692,684,risky,50.61,76.6,96.15,43.67,45.97,64.0789,10.31,20,3,1,0,0,0,0,4,175828.44,0.0181,low,0.0
CUST017693,817,excellent,74.77,98.33,95.36,79.87,82.49,86.2108,9.51,13,1,1,0,0,0,1,6,382224.69,0.4224,low,0.1429
CUST017694,849,excellent,98.49,98.89,95.62,33.26,97.31,91.5377,8.07,10,0,0,0,0,0,0,7,193313.96,0.1396,low,0.0
CUST017695,825,excellent,94.15,99.15,79.3,48.72,80.02,87.4674,4.41,9,1,0,0,0,0,0,6,152257.01,0.0468,low,0.0
CUST017696,738,good,95.55,39.63,59.69,94.15,92.82,72.9803,57.93,4,0,0,0,0,0,2,0,60366.38,0.8971,low,0.6667
CUST017697,651,risky,10.6,88.02,99.61,69.54,74.38,58.4483,1.75,14,2,7,0,0,0,1,6,20128.56,1.9307,moderate,0.1429
CUST017698,714,good,50.16,89.54,86.42,66.8,49.21,68.9845,1.28,10,3,1,0,0,0,1,1,440655.84,0.8145,low,0.5
CUST017699,828,excellent,93.22,92.61,99.97,48.27,76.94,87.9244,0.66,17,2,0,0,0,0,0,6,318409.44,0.0166,low,0.0
CUST017700,835,excellent,96.15,98.25,70.22,60.42,94.22,89.1218,9.5,9,0,0,0,0,0,1,6,465701.41,0.711,low,0.1429
CUST017701,831,excellent,92.72,89.88,98.5,47.8,94.54,88.4264,13.96,10,0,0,0,0,0,1,2,23275.9,0.7928,low,0.3333
CUST017702,799,excellent,85.23,87.04,89.94,42.1,95.28,83.1718,12.05,11,0,0,0,0,0,0,0,96304.68,0.0486,low,0.0
CUST017703,689,risky,52.67,90.01,77.0,35.32,42.65,64.7857,4.92,5,3,1,0,0,0,0,3,28345.98,0.0689,low,0.0
CUST017704,799,excellent,91.01,75.35,97.88,43.86,96.22,83.1478,14.24,13,0,0,0,0,0,0,2,55063.87,0.087,low,0.0
CUST017705,568,high_risk,15.91,95.55,16.47,40.35,39.92,44.7294,9.36,0,5,3,0,0,1,0,5,121043.15,0.4479,low,0.0
CUST017706,808,excellent,99.47,96.34,46.03,46.83,93.63,84.6664,5.43,2,0,0,0,0,0,0,7,201591.51,0.1512,low,0.0
CUST017707,646,high_risk,27.41,87.31,95.83,37.37,38.47,57.747,11.52,13,6,4,0,0,0,0,5,77060.88,0.4103,low,0.0
CUST017708,670,risky,46.6,88.55,53.58,31.24,77.1,61.7462,10.99,3,2,1,0,0,0,0,1,91000.4,0.228,low,0.0
CUST017709,799,excellent,90.91,86.32,87.68,33.77,89.07,83.1518,12.31,11,1,0,0,0,0,0,2,100208.21,0.0581,low,0.0
CUST017710,538,high_risk,5.05,89.82,10.01,33.52,61.76,39.7438,2.33,0,4,6,0,1,1,0,1,102386.15,0.3706,low,0.0
CUST017711,798,excellent,91.22,91.53,68.2,37.1,97.21,83.0484,7.23,6,0,0,0,0,0,0,0,53335.16,0.1009,low,0.0
CUST017712,751,excellent,87.08,88.71,30.97,43.72,90.92,75.2034,0.51,0,0,0,0,0,0,0,3,147291.3,0.0755,low,0.0
CUST017713,787,excellent,86.34,98.77,57.3,33.91,93.84,81.2224,9.41,2,0,0,0,0,0,0,0,526614.7,0.0214,low,0.0
CUST017714,774,excellent,77.05,82.63,83.19,56.84,90.86,79.0043,11.08,6,0,0,0,0,0,1,2,88363.06,0.7013,low,0.3333
CUST017715,716,good,58.63,85.84,65.75,48.15,84.16,69.3646,14.61,5,1,4,0,0,0,0,3,107207.36,0.1641,low,0.0
CUST017716,796,excellent,95.68,76.33,89.45,32.96,96.21,82.7216,14.84,15,0,0,0,0,0,0,2,63819.68,0.0171,low,0.0
CUST017717,697,risky,63.17,58.97,84.01,62.06,75.03,66.1091,45.98,9,2,4,0,0,0,1,1,237348.76,0.748,low,0.5
CUST017718,816,excellent,96.35,96.85,75.66,36.18,82.68,86.0127,0.06,8,1,0,0,0,0,0,3,117454.06,0.1489,low,0.0
CUST017719,795,excellent,99.45,97.93,28.21,49.36,91.12,82.4665,0.76,0,0,0,0,0,0,0,0,41531.77,0.1661,low,0.0
CUST017720,720,good,43.97,88.95,95.17,64.27,82.84,70.0613,10.74,16,1,1,0,0,0,1,2,37785.3,1.3834,low,0.3333
CUST017721,792,excellent,97.69,80.12,41.49,78.22,96.73,81.9486,13.85,1,0,0,0,0,0,1,3,190263.93,0.6995,low,0.25
CUST017722,817,excellent,90.84,82.51,91.87,61.09,97.25,86.1616,13.51,18,0,0,0,0,0,1,2,236016.93,0.6739,low,0.3333
CUST017723,868,excellent,99.16,97.8,92.85,75.28,91.06,94.6067,5.48,15,0,0,0,0,0,1,1,122569.03,0.7638,low,0.5
CUST017724,608,high_risk,25.83,89.96,28.52,44.25,65.74,51.3061,6.72,0,2,4,0,0,0,0,5,93566.64,0.0524,low,0.0
CUST017725,639,high_risk,38.92,83.36,67.75,32.33,44.38,56.4606,11.05,8,4,4,0,0,0,0,1,387899.18,0.1131,low,0.0
CUST017726,831,excellent,86.06,99.42,81.72,63.2,99.29,88.4522,7.22,6,0,0,0,0,0,1,6,318659.69,0.9782,low,0.1429
CUST017727,648,high_risk,24.89,93.02,89.27,61.15,28.31,57.9533,8.5,11,6,3,0,0,0,1,3,107805.86,2.1331,moderate,0.25
CUST017728,811,excellent,88.05,90.45,88.24,42.6,96.35,85.0843,9.79,11,0,0,0,0,0,0,2,31424.62,0.0016,low,0.0
CUST017729,690,risky,43.31,92.07,36.92,78.74,87.91,64.9835,1.7,1,1,4,0,0,0,1,3,152685.89,0.975,low,0.25
CUST017730,729,good,58.53,91.44,72.66,66.46,69.7,71.4317,8.16,8,2,4,0,0,0,1,2,113503.53,1.414,low,0.3333
CUST017731,769,excellent,75.25,93.09,67.21,45.14,93.5,78.209,8.81,7,0,1,0,0,0,1,1,11287.88,0.4001,low,0.5
CUST017732,812,excellent,91.55,91.0,84.08,44.12,90.2,85.3864,2.09,9,0,0,0,0,0,0,3,46687.73,0.1217,low,0.0
CUST017733,780,excellent,85.47,92.36,54.04,51.06,90.82,79.9181,2.37,3,0,0,0,0,0,1,4,140338.97,0.8695,low,0.2
CUST017734,747,good,62.45,89.27,85.52,40.31,90.0,74.4988,7.48,15,1,1,0,0,0,0,5,14103.82,0.0657,low,0.0
CUST017735,601,high_risk,19.14,98.15,30.89,47.33,47.18,50.2287,2.19,0,3,6,0,0,1,0,4,63813.48,0.3882,low,0.0
CUST017736,671,risky,46.6,96.8,43.94,35.31,64.39,61.9121,2.09,1,4,2,0,0,0,0,6,55961.04,0.2012,low,0.0
CUST017737,587,high_risk,22.32,93.29,32.92,43.52,26.81,47.7678,4.88,0,5,6,0,0,1,0,2,35516.54,0.4333,low,0.0
CUST017738,589,high_risk,10.38,89.44,64.12,64.77,26.68,48.2268,7.17,2,5,6,0,0,0,1,6,17058.01,1.9345,moderate,0.1429
CUST017739,822,excellent,97.8,97.64,66.85,48.17,87.04,87.0702,8.71,5,1,0,0,0,0,0,5,137358.5,0.0324,low,0.0
CUST017740,796,excellent,93.16,89.33,59.54,60.46,83.05,82.6878,2.73,2,1,0,0,0,0,1,4,432965.28,0.7452,low,0.2
CUST017741,803,excellent,90.62,87.23,56.83,76.65,96.95,83.7683,10.22,2,0,0,0,0,0,1,0,230033.54,0.9123,low,0.5
CUST017742,777,excellent,89.98,77.24,85.02,33.1,87.01,79.4272,12.2,18,1,0,0,0,0,0,5,42327.56,0.1638,low,0.0
CUST017743,828,excellent,91.31,88.02,91.28,64.91,94.98,88.0448,7.16,12,0,0,0,0,0,1,5,120697.68,0.7766,low,0.1667
CUST017744,743,good,47.95,91.66,94.26,63.05,91.61,73.8868,9.47,16,0,4,0,0,0,1,7,76964.44,0.8317,low,0.125
CUST017745,802,excellent,92.74,93.64,72.37,48.45,74.81,83.7324,7.35,6,2,0,0,0,0,0,3,313516.46,0.1468,low,0.0
CUST017746,806,excellent,86.3,96.55,79.33,38.85,94.36,84.3901,0.69,5,0,0,0,0,0,0,1,111461.28,0.1396,low,0.0
CUST017747,784,excellent,93.17,77.25,67.33,55.44,93.17,80.7476,14.45,6,0,0,0,0,0,1,3,19732.92,0.8202,low,0.25
CUST017748,631,high_risk,16.34,90.17,90.62,30.31,57.49,55.1442,4.26,13,3,3,0,0,1,0,5,118008.67,0.2972,low,0.0
CUST017749,790,excellent,89.35,93.45,61.49,43.1,87.95,81.6353,0.62,4,1,0,0,0,0,0,4,29094.5,0.0921,low,0.0
CUST017750,801,excellent,86.91,89.35,87.6,31.06,99.62,83.4344,6.37,12,0,0,0,0,0,0,6,83356.19,0.1631,low,0.0
CUST017751,807,excellent,91.23,90.69,51.89,76.69,98.35,84.4239,7.93,4,0,0,0,0,0,1,2,172406.14,0.4096,low,0.3333
CUST017752,730,good,48.92,92.7,92.65,38.4,90.78,71.7461,7.42,18,1,3,0,0,0,0,7,71807.71,0.0588,low,0.0
CUST017753,835,excellent,97.33,98.15,86.38,41.56,85.93,89.2163,0.44,11,1,0,0,0,0,0,6,33128.37,0.01,low,0.0
CUST017754,816,excellent,96.31,82.32,81.55,55.29,98.07,85.974,11.68,6,0,0,0,0,0,1,1,132523.99,0.949,low,0.5
CUST017755,595,high_risk,24.52,92.47,39.65,47.84,21.47,49.202,3.4,1,5,3,0,0,1,0,2,40485.37,0.4215,low,0.0
CUST017756,807,excellent,88.46,98.58,62.69,55.26,90.58,84.5236,4.88,3,0,0,0,0,0,1,0,439148.47,0.428,low,0.5
CUST017757,688,risky,41.12,78.46,93.71,62.2,65.05,64.7095,11.03,12,2,4,0,0,0,1,3,14054.13,0.7454,low,0.25
CUST017758,780,excellent,93.36,79.14,62.41,48.81,93.58,80.0179,13.13,2,0,0,0,0,0,0,3,133379.08,0.0868,low,0.0
CUST017759,747,good,85.69,75.12,60.9,35.11,93.6,74.535,13.4,4,0,0,0,0,0,0,7,196628.75,0.1243,low,0.0
CUST017760,760,excellent,88.17,94.13,32.84,47.02,80.09,76.7339,2.01,0,1,0,0,0,0,0,4,81363.63,0.1651,low,0.0
CUST017761,740,good,69.65,77.02,88.7,33.82,91.93,73.362,14.41,17,1,0,0,0,0,0,7,52266.82,0.0407,low,0.0
CUST017762,780,excellent,65.57,99.71,93.13,32.71,98.49,79.9497,4.69,10,0,1,0,0,0,0,0,520411.08,0.0783,low,0.0
CUST017763,751,excellent,67.39,91.9,74.82,39.53,87.87,75.1206,2.58,5,1,1,0,0,0,0,5,84952.34,0.1065,low,0.0
CUST017764,797,excellent,91.3,66.52,93.74,73.16,95.6,82.8507,32.15,14,0,0,0,0,0,1,5,76032.23,0.6255,low,0.1667
CUST017765,718,good,61.37,78.55,70.03,46.05,94.95,69.65,14.37,6,0,4,0,0,0,0,5,102886.53,0.1699,low,0.0
CUST017766,745,good,86.33,88.55,46.69,37.93,66.67,74.2424,1.5,1,2,0,0,0,0,0,2,58919.1,0.0715,low,0.0
CUST017767,805,excellent,86.79,76.07,97.58,70.65,92.7,84.1687,14.74,14,0,0,0,0,0,1,5,85346.39,0.6242,low,0.1667
CUST017768,690,risky,48.74,81.54,74.72,33.11,89.54,64.9937,14.27,8,1,1,0,0,0,0,0,62097.51,0.2229,low,0.0
CUST017769,799,excellent,86.54,94.27,58.84,67.95,90.56,83.2475,6.97,2,1,0,0,0,0,1,3,95944.13,0.9878,low,0.25
CUST017770,791,excellent,92.19,85.0,71.35,39.9,94.53,81.9133,10.2,6,0,0,0,0,0,0,5,49993.62,0.0168,low,0.0
CUST017771,799,excellent,90.31,77.31,92.54,50.64,94.29,83.1749,10.08,14,0,0,0,0,0,1,0,181824.83,0.7594,low,0.5
CUST017772,774,excellent,93.42,83.3,51.88,38.6,97.41,79.0699,13.41,2,0,0,0,0,0,0,1,277282.84,0.1163,low,0.0
CUST017773,840,excellent,92.21,98.96,90.45,62.12,82.94,90.037,8.85,11,1,0,0,0,0,1,3,45525.21,0.6339,low,0.25
CUST017774,840,excellent,99.61,78.15,98.32,76.7,92.89,90.0135,10.76,17,0,0,0,0,0,1,1,43957.88,0.4392,low,0.5
CUST017775,809,excellent,97.23,75.29,82.02,68.18,91.26,84.8644,12.22,8,0,0,0,0,0,1,2,120978.23,0.9602,low,0.3333
CUST017776,791,excellent,85.83,93.02,71.96,33.75,96.98,81.8131,6.28,6,0,0,0,0,0,0,2,166886.7,0.0214,low,0.0
CUST017777,817,excellent,99.47,78.34,89.65,49.51,95.16,86.2297,12.27,11,0,0,0,0,0,0,1,464596.28,0.1664,low,0.0
CUST017778,831,excellent,95.16,93.86,78.64,62.07,90.45,88.5135,4.86,6,0,0,0,0,0,1,5,62949.74,0.6653,low,0.1667
CUST017779,775,excellent,94.99,80.51,79.59,32.42,65.67,79.1491,10.52,7,2,0,0,0,0,0,2,41619.26,0.0124,low,0.0
CUST017780,762,excellent,87.65,97.34,33.36,33.81,86.65,76.9286,2.68,0,1,0,0,0,0,0,7,120869.0,0.1118,low,0.0
CUST017781,819,excellent,90.48,88.65,97.25,42.09,94.81,86.5379,0.19,17,0,0,0,0,0,0,1,51453.45,0.0415,low,0.0
CUST017782,779,excellent,96.37,93.56,32.02,42.19,90.63,79.8816,8.03,1,0,0,0,0,0,0,5,59750.0,0.0224,low,0.0
CUST017783,812,excellent,79.07,91.8,92.98,62.53,99.4,85.3545,1.49,15,0,0,0,0,0,1,4,305291.7,0.9175,low,0.2
CUST017784,831,excellent,95.2,99.82,74.2,47.08,93.29,88.431,1.44,8,0,0,0,0,0,2,6,55575.03,0.9812,low,0.25
CUST017785,788,excellent,64.1,99.17,96.24,68.5,78.99,81.3716,9.55,15,2,4,0,0,0,1,2,345912.37,0.834,low,0.3333
CUST017786,795,excellent,95.75,97.59,45.56,46.17,83.01,82.5397,1.76,4,1,0,0,0,0,0,3,104989.45,0.0207,low,0.0
CUST017787,614,high_risk,41.49,87.93,26.04,31.78,44.3,52.4161,11.77,0,5,2,0,0,0,0,1,207182.25,0.1036,low,0.0
CUST017788,784,excellent,96.53,88.44,41.95,40.91,99.54,80.6537,11.65,1,0,0,0,0,0,0,4,84406.57,0.0568,low,0.0
CUST017789,725,good,61.82,74.29,98.65,48.88,71.56,70.7651,35.16,11,2,2,0,0,0,0,7,207111.6,0.01,low,0.0
CUST017790,842,excellent,92.5,94.48,96.02,69.11,82.18,90.251,5.74,11,1,0,0,0,0,1,0,29387.59,0.7795,low,0.5
CUST017791,795,excellent,92.29,96.92,55.94,32.64,94.06,82.4366,2.06,2,0,0,0,0,0,0,2,35011.26,0.101,low,0.0
CUST017792,830,excellent,98.63,92.45,72.16,70.14,82.13,88.3079,5.32,7,1,0,0,0,0,1,6,67969.36,0.7095,low,0.1429
CUST017793,820,excellent,86.43,98.18,85.25,48.02,94.0,86.6952,9.28,14,0,0,0,0,0,0,1,181205.18,0.1493,low,0.0
CUST017794,693,risky,47.22,95.28,44.39,72.19,74.4,65.4284,1.67,1,2,1,0,0,0,1,1,404074.59,1.2171,low,0.5
CUST017795,746,good,85.56,92.97,21.97,32.25,99.62,74.3189,3.04,0,0,0,0,0,0,0,3,112679.79,0.0087,low,0.0
CUST017796,804,excellent,88.87,88.25,84.05,43.75,94.82,84.0454,0.78,7,0,0,0,0,0,0,5,97831.53,0.079,low,0.0
CUST017797,831,excellent,92.53,82.23,95.39,77.01,93.55,88.419,14.99,17,0,0,0,0,0,1,4,7268.24,0.5859,low,0.2
CUST017798,782,excellent,92.71,94.35,33.41,49.29,95.6,80.2524,2.21,1,0,0,0,0,0,0,7,354456.34,0.1143,low,0.0
CUST017799,824,excellent,97.83,91.81,75.86,50.78,90.52,87.2924,0.95,6,0,0,0,0,0,1,6,97544.9,0.5325,low,0.1429
CUST017800,740,good,51.97,91.32,99.44,46.73,82.32,73.4067,2.37,15,1,2,0,0,0,0,1,79676.1,0.0288,low,0.0
CUST017801,803,excellent,99.41,89.35,48.12,56.04,94.2,83.8408,2.95,3,0,0,0,0,0,1,0,123615.73,0.3357,low,0.5
CUST017802,802,excellent,87.59,94.91,77.02,44.03,85.12,83.5968,4.46,9,1,0,0,0,0,0,3,179253.78,0.062,low,0.0
CUST017803,696,risky,43.73,90.59,77.18,31.02,88.87,66.051,0.59,6,1,4,0,0,0,0,3,25453.77,0.0065,low,0.0
CUST017804,796,excellent,86.22,92.41,82.78,33.99,90.04,82.721,9.95,8,0,0,0,0,0,0,1,153037.31,0.0986,low,0.0
CUST017805,819,excellent,92.3,88.23,89.48,55.54,87.29,86.4794,22.72,18,1,0,0,0,0,0,5,72553.9,0.0522,low,0.0
CUST017806,819,excellent,97.22,93.46,76.92,44.57,84.15,86.4742,9.22,5,1,0,0,0,0,0,2,205968.04,0.0422,low,0.0
CUST017807,835,excellent,97.71,98.12,71.95,59.6,88.64,89.2492,5.76,9,1,0,0,0,0,1,7,106170.71,0.6278,low,0.125
CUST017808,789,excellent,93.04,75.01,79.16,56.18,88.66,81.4242,12.17,9,1,0,0,0,0,1,3,90175.36,0.6594,low,0.25
CUST017809,780,excellent,95.05,83.73,49.14,49.63,93.41,80.0635,10.31,4,0,0,0,0,0,0,7,38932.51,0.153,low,0.0
CUST017810,772,excellent,94.16,96.57,25.6,40.82,88.57,78.705,3.79,0,1,0,0,0,0,0,6,81540.08,0.1564,low,0.0
CUST017811,861,excellent,97.87,99.4,99.9,46.57,97.41,93.4586,7.82,20,0,0,0,0,0,0,2,165016.98,0.0139,low,0.0
CUST017812,819,excellent,94.3,90.1,83.95,45.74,93.62,86.5627,3.27,5,0,0,0,0,0,0,6,115068.0,0.1022,low,0.0
CUST017813,841,excellent,95.12,97.65,91.56,50.93,86.97,90.1114,0.2,16,1,0,0,0,0,1,1,175932.94,0.5048,low,0.5
CUST017814,811,excellent,85.58,90.69,66.0,85.13,96.01,85.1744,4.75,6,0,0,0,0,0,2,4,165980.98,0.987,low,0.3333
CUST017815,830,excellent,95.0,93.06,90.56,47.19,88.67,88.3373,6.87,16,1,0,0,0,0,1,2,166341.64,0.3351,low,0.3333
CUST017816,797,excellent,86.79,81.67,90.36,47.85,96.35,82.8523,13.12,13,0,0,0,0,0,0,2,55435.37,0.0473,low,0.0
CUST017817,795,excellent,75.59,93.96,94.31,41.58,94.71,82.4193,0.98,16,0,0,0,0,0,0,3,181814.38,0.0743,low,0.0
CUST017818,685,risky,41.96,99.46,72.9,45.89,41.47,64.1957,1.15,5,3,2,0,0,0,0,2,342976.61,0.0556,low,0.0
CUST017819,755,excellent,78.65,86.37,43.15,69.21,89.72,75.8037,14.45,1,1,0,0,0,0,1,4,23601.93,0.3673,low,0.2
CUST017820,789,excellent,89.1,96.83,51.58,45.38,90.34,81.5419,3.41,3,1,0,0,0,0,0,4,333289.84,0.1654,low,0.0
CUST017821,790,excellent,95.54,78.25,80.84,30.72,96.02,81.714,14.03,7,0,0,0,0,0,0,0,67821.43,0.1095,low,0.0
CUST017822,666,risky,22.99,99.72,86.58,60.89,49.06,60.9432,3.31,13,4,5,0,0,0,1,2,320641.82,1.2088,low,0.3333
CUST017823,853,excellent,87.77,96.52,90.79,92.04,97.28,92.2271,8.32,17,0,0,0,0,0,2,3,59719.69,0.8379,low,0.4
CUST017824,674,risky,40.72,89.64,67.98,47.5,62.97,62.3889,1.65,8,3,1,0,0,0,0,7,30949.4,0.1563,low,0.0
CUST017825,798,excellent,95.75,90.32,59.83,46.12,87.86,82.9817,8.71,2,1,0,0,0,0,0,1,127197.24,0.0983,low,0.0
CUST017826,800,excellent,92.2,78.82,93.0,43.53,91.04,83.3253,13.68,10,0,0,0,0,0,0,2,76735.68,0.0465,low,0.0
CUST017827,817,excellent,96.32,84.65,68.61,77.9,89.32,86.121,12.99,9,1,0,0,0,0,1,1,20225.36,0.6806,low,0.5
CUST017828,638,high_risk,42.47,74.19,41.87,63.01,65.95,56.2996,43.29,1,2,4,0,0,0,0,4,318182.55,0.0837,low,0.0
CUST017829,844,excellent,97.32,93.59,95.66,60.8,80.57,90.6243,8.05,16,1,0,0,0,0,1,4,31577.34,0.8062,low,0.2
CUST017830,720,good,57.49,76.86,93.63,32.29,95.6,70.0127,12.21,13,0,1,0,0,0,0,4,319331.82,0.1002,low,0.0
CUST017831,815,excellent,92.39,96.38,76.67,35.35,95.61,85.8482,7.91,6,0,0,0,0,0,0,0,174249.25,0.1466,low,0.0
CUST017832,655,risky,51.32,95.82,22.08,44.54,47.61,59.2363,2.73,0,4,4,0,0,0,0,7,387660.62,0.2285,low,0.0
CUST017833,833,excellent,92.78,98.81,67.4,67.1,98.6,88.7991,0.26,7,0,0,0,0,0,1,5,236911.6,0.6708,low,0.1667
CUST017834,625,high_risk,20.88,77.79,91.61,67.28,40.75,54.1909,13.58,20,3,4,0,0,0,1,3,21313.52,1.4766,low,0.25
CUST017835,761,excellent,90.76,90.75,35.79,32.45,91.71,76.7768,8.05,1,0,0,0,0,0,0,0,122853.67,0.0415,low,0.0
CUST017836,806,excellent,97.51,89.62,52.53,71.75,82.99,84.368,14.89,2,1,0,0,0,0,2,1,30568.35,0.7874,low,0.6667
CUST017837,811,excellent,95.99,90.97,68.1,47.6,93.74,85.2362,6.29,8,0,0,0,0,0,0,4,706950.18,0.1136,low,0.0
CUST017838,808,excellent,92.44,78.02,97.29,53.54,90.15,84.7214,11.64,12,0,0,0,0,0,1,7,708359.11,0.9894,low,0.125
CUST017839,807,excellent,86.63,98.2,72.77,45.1,92.27,84.4333,3.84,5,0,0,0,0,0,0,4,844688.8,0.0996,low,0.0
CUST017840,830,excellent,95.39,95.54,92.05,39.26,85.53,88.3352,3.22,12,1,0,0,0,0,0,0,61334.58,0.0734,low,0.0
CUST017841,826,excellent,97.06,83.32,93.88,52.46,92.91,87.5881,19.3,20,0,0,0,0,0,0,7,68460.62,0.0989,low,0.0
CUST017842,779,excellent,93.5,98.53,22.7,44.87,95.95,79.7709,6.38,0,0,0,0,0,0,0,2,279870.02,0.1296,low,0.0
CUST017843,724,good,51.55,98.37,70.58,34.68,91.05,70.7136,9.78,9,0,4,0,0,0,0,1,130209.77,0.2201,low,0.0
CUST017844,810,excellent,88.38,84.83,99.03,39.26,98.39,85.0024,13.01,12,0,0,0,0,0,0,5,8316.32,0.1558,low,0.0
CUST017845,825,excellent,76.62,96.22,87.95,90.09,95.93,87.4775,7.43,20,0,0,0,0,0,2,0,103942.1,0.73,low,0.6667
CUST017846,805,excellent,94.14,76.86,96.43,46.83,90.04,84.1566,10.76,10,0,0,0,0,0,1,0,44618.06,0.4214,low,0.5
CUST017847,822,excellent,93.7,86.88,79.12,79.06,83.95,87.0287,11.15,7,1,0,0,0,0,1,7,11308.59,0.6038,low,0.125
CUST017848,721,good,64.0,83.78,75.18,48.48,65.44,70.2014,13.79,5,2,1,0,0,0,0,2,39156.55,0.1899,low,0.0
CUST017849,752,excellent,89.08,75.82,69.08,36.27,74.39,75.3528,11.11,6,2,0,0,0,0,0,4,170956.73,0.1635,low,0.0
CUST017850,834,excellent,97.58,94.43,82.3,60.09,82.2,89.0549,4.62,7,1,0,0,0,0,1,2,398017.66,0.6074,low,0.3333
CUST017851,819,excellent,94.9,92.24,88.65,32.59,90.38,86.4817,5.72,10,0,0,0,0,0,0,3,248076.06,0.0721,low,0.0
CUST017852,770,excellent,95.93,78.07,64.81,30.3,85.24,78.2741,13.34,3,1,0,0,0,0,0,0,16300.21,0.0348,low,0.0
CUST017853,825,excellent,92.03,90.64,80.74,63.89,96.31,87.5334,8.2,7,0,0,0,0,0,1,1,125919.25,0.6519,low,0.5
CUST017854,819,excellent,86.84,92.53,78.04,72.18,94.86,86.5634,2.32,6,0,0,0,0,0,1,2,99681.44,0.5793,low,0.3333
CUST017855,806,excellent,97.39,90.0,65.79,34.41,99.38,84.3368,4.1,8,0,0,0,0,0,0,6,42214.96,0.1344,low,0.0
CUST017856,832,excellent,94.46,97.54,76.01,68.62,81.12,88.7011,5.66,7,1,0,0,0,0,1,1,40941.01,0.905,low,0.5
CUST017857,839,excellent,97.09,94.59,97.65,37.32,91.61,89.8988,8.18,17,1,0,0,0,0,0,5,80487.62,0.1223,low,0.0
CUST017858,825,excellent,93.41,89.49,97.91,41.91,90.6,87.4769,3.11,14,0,0,0,0,0,0,6,178586.0,0.1486,low,0.0
CUST017859,658,risky,55.48,79.29,46.3,47.82,47.57,59.6869,14.09,2,4,4,0,0,0,0,1,88682.04,0.0628,low,0.0
CUST017860,717,good,49.73,82.83,87.62,60.62,79.75,69.432,12.2,15,2,4,0,0,0,1,6,32536.12,0.7962,low,0.1429
CUST017861,820,excellent,91.35,84.7,87.4,77.75,84.48,86.7151,13.17,12,1,0,0,0,0,2,3,87235.68,0.6994,low,0.4
CUST017862,682,risky,51.93,94.9,38.43,31.69,80.78,63.6578,9.43,1,1,2,0,0,0,0,2,91267.7,0.1153,low,0.0
CUST017863,798,excellent,92.6,85.2,81.57,34.02,93.26,82.9345,13.66,8,0,0,0,0,0,0,1,43124.25,0.0909,low,0.0
CUST017864,744,good,86.67,92.02,16.57,36.8,99.75,74.0805,9.95,0,0,0,0,0,0,0,4,99293.72,0.0906,low,0.0
CUST017865,809,excellent,99.36,80.04,80.89,40.84,97.98,84.8014,14.06,7,0,0,0,0,0,0,0,116170.6,0.1592,low,0.0
CUST017866,828,excellent,87.13,94.19,93.93,64.8,86.58,87.9779,8.59,13,1,0,0,0,0,1,1,141553.73,0.9649,low,0.5
CUST017867,810,excellent,97.87,89.73,76.54,49.18,74.44,85.0143,3.51,9,2,0,0,0,0,0,6,749822.22,0.1245,low,0.0
CUST017868,827,excellent,94.91,92.94,84.09,43.17,98.32,87.8647,4.1,9,0,0,0,0,0,0,6,96812.2,0.0384,low,0.0
CUST017869,791,excellent,86.25,81.35,92.47,42.72,90.55,81.7879,10.22,15,0,0,0,0,0,0,2,103082.13,0.1368,low,0.0
CUST017870,582,high_risk,22.75,83.53,44.72,47.41,25.89,47.0603,11.71,1,5,5,1,0,0,0,5,27318.67,0.4507,low,0.0
CUST017871,750,excellent,64.91,92.85,81.09,41.03,81.9,75.0291,7.04,6,1,2,0,0,0,0,0,63214.14,0.0232,low,0.0
CUST017872,780,excellent,86.06,80.56,87.71,34.97,90.56,79.9991,14.71,15,1,0,0,0,0,0,6,69892.03,0.09,low,0.0
CUST017873,772,excellent,96.03,81.76,42.99,46.47,94.01,78.6357,10.09,1,0,0,0,0,0,0,0,261432.29,0.0188,low,0.0
CUST017874,630,high_risk,6.51,91.59,95.5,45.53,64.21,55.0537,8.84,12,4,7,0,1,1,0,0,199802.63,0.4294,low,0.0
CUST017875,791,excellent,88.94,90.04,60.62,55.0,90.63,81.7978,0.09,2,1,0,0,0,0,1,3,101245.3,0.8119,low,0.25
CUST017876,774,excellent,92.24,97.96,19.19,49.96,94.4,78.9846,5.1,0,0,0,0,0,0,0,3,143732.28,0.1365,low,0.0
CUST017877,653,risky,32.58,79.1,90.57,44.71,56.5,58.8412,14.26,19,4,3,0,0,0,0,3,168855.36,0.131,low,0.0
CUST017878,732,good,58.65,96.76,72.85,46.22,68.53,71.9567,3.7,5,2,2,0,0,0,0,6,161331.55,0.056,low,0.0
CUST017879,783,excellent,86.8,88.37,76.65,32.03,89.15,80.5067,2.81,8,1,0,0,0,0,0,6,45695.18,0.1095,low,0.0
CUST017880,755,excellent,91.36,76.07,46.51,64.6,76.64,75.8996,28.15,3,2,0,0,0,0,1,5,497424.51,0.8695,low,0.1667
CUST017881,803,excellent,98.95,84.88,64.92,47.83,92.47,83.8621,10.68,2,0,0,0,0,0,0,4,111909.42,0.0564,low,0.0
CUST017882,717,good,94.35,32.32,66.53,68.08,99.12,69.4175,58.02,8,0,0,0,0,0,1,4,35177.65,0.4359,low,0.2
CUST017883,676,risky,43.15,76.11,77.54,43.83,86.69,62.6165,14.41,8,1,4,0,0,0,0,4,51444.78,0.0502,low,0.0
CUST017884,747,good,77.04,81.81,61.27,40.24,98.06,74.5267,11.84,4,0,1,0,0,0,0,6,31725.71,0.0892,low,0.0
CUST017885,806,excellent,94.27,93.9,61.39,42.51,96.91,84.3162,6.47,3,0,0,0,0,0,0,5,182311.84,0.1071,low,0.0
CUST017886,628,high_risk,53.07,30.23,93.65,56.68,73.85,54.7439,57.19,10,2,4,0,0,0,0,6,89469.03,0.0102,low,0.0
CUST017887,823,excellent,90.35,91.95,98.2,39.89,91.65,87.0913,8.83,13,1,0,0,0,0,0,3,40095.56,0.0241,low,0.0
CUST017888,822,excellent,92.08,88.41,96.67,55.08,82.37,86.9974,4.3,10,1,0,0,0,0,1,0,1089107.48,0.6744,low,0.5
CUST017889,619,high_risk,39.48,85.78,31.45,39.69,49.35,53.1725,12.5,0,3,1,0,0,0,0,1,140093.45,0.2017,low,0.0
CUST017890,834,excellent,92.2,96.44,87.53,55.68,91.46,89.0457,8.25,15,1,0,0,0,0,1,3,75603.04,0.342,low,0.25
CUST017891,793,excellent,92.23,97.75,40.04,46.21,99.42,82.1734,4.21,1,0,0,0,0,0,0,6,294440.98,0.0215,low,0.0
CUST017892,802,excellent,88.62,86.66,96.15,49.51,72.53,83.6402,14.21,18,2,0,0,0,0,1,5,35552.89,0.9684,low,0.1667
CUST017893,791,excellent,88.29,79.26,62.29,82.24,95.59,81.8036,13.49,3,0,0,0,0,0,2,6,30776.51,0.7688,low,0.25
CUST017894,821,excellent,94.54,97.99,70.01,55.8,82.94,86.8619,9.15,6,1,0,0,0,0,1,4,1212425.55,0.7497,low,0.2
CUST017895,835,excellent,98.81,92.75,97.74,40.43,80.28,89.1393,1.58,19,1,0,0,0,0,0,1,48956.77,0.1632,low,0.0
CUST017896,832,excellent,94.87,95.5,85.89,41.92,97.18,88.6475,0.32,11,0,0,0,0,0,0,6,155046.41,0.1286,low,0.0
CUST017897,609,high_risk,11.81,90.26,67.71,37.75,63.05,51.4489,2.74,6,3,6,0,0,1,0,4,46367.88,0.265,low,0.0
CUST017898,777,excellent,95.35,77.34,69.93,45.79,78.98,79.543,10.99,5,2,0,0,0,0,0,2,151046.46,0.0672,low,0.0
CUST017899,838,excellent,92.25,95.84,89.27,59.65,92.42,89.6365,3.42,14,0,0,0,0,0,1,0,20640.1,0.5619,low,0.5
CUST017900,774,excellent,97.53,82.67,54.17,37.85,81.94,79.0391,10.3,2,1,0,0,0,0,0,5,33159.0,0.1273,low,0.0
CUST017901,701,good,45.24,94.83,99.78,33.31,42.62,66.8434,8.86,17,4,3,0,0,0,0,6,62184.91,0.0831,low,0.0
CUST017902,818,excellent,99.83,82.39,80.3,56.61,90.02,86.3673,20.99,5,0,0,0,0,0,0,5,58390.05,0.0396,low,0.0
CUST017903,677,risky,37.69,97.98,71.09,49.51,45.59,62.7569,5.13,5,3,1,0,0,0,0,0,191283.49,0.1979,low,0.0
CUST017904,823,excellent,99.15,76.38,90.93,65.48,93.44,87.1473,11.2,16,0,0,0,0,0,1,3,78804.02,0.5341,low,0.25
CUST017905,845,excellent,98.1,94.16,90.36,46.61,99.9,90.7906,1.82,15,0,0,0,0,0,0,6,43973.72,0.0311,low,0.0
CUST017906,810,excellent,85.29,89.05,84.82,77.35,80.25,85.0499,1.23,7,1,0,0,0,0,2,0,52165.0,0.6007,low,0.6667
CUST017907,807,excellent,93.48,81.39,78.61,56.88,98.5,84.462,16.67,8,0,0,0,0,0,0,6,103406.32,0.0646,low,0.0
CUST017908,761,excellent,91.54,91.2,34.45,36.88,85.37,76.7894,2.7,1,1,0,0,0,0,0,5,159274.24,0.1076,low,0.0
CUST017909,790,excellent,92.25,81.62,82.36,39.42,86.12,81.6794,11.03,9,1,0,0,0,0,0,0,85764.58,0.1266,low,0.0
CUST017910,785,excellent,97.81,92.0,37.84,45.97,86.68,80.7734,2.79,1,1,0,0,0,0,0,7,89939.5,0.0994,low,0.0
CUST017911,797,excellent,90.35,92.05,80.27,33.24,82.4,82.8407,4.1,8,1,0,0,0,0,0,6,15257.15,0.1452,low,0.0
CUST017912,764,excellent,74.29,95.63,55.22,45.13,98.22,77.3079,8.97,4,0,1,0,0,0,0,4,154077.66,0.0051,low,0.0
CUST017913,717,good,68.95,95.54,33.87,31.8,84.45,69.4999,1.91,0,1,1,0,0,0,0,6,125653.15,0.0304,low,0.0
CUST017914,761,excellent,95.01,88.05,15.8,49.19,98.91,76.848,14.28,0,0,0,0,0,0,0,3,40083.17,0.142,low,0.0
CUST017915,818,excellent,98.37,81.99,74.75,78.7,82.52,86.3592,14.03,5,1,0,0,0,0,1,3,179872.37,0.8444,low,0.25
CUST017916,747,good,88.83,75.18,40.72,47.9,99.51,74.4952,11.23,1,0,0,0,0,0,0,7,89679.41,0.025,low,0.0
CUST017917,842,excellent,97.04,96.72,91.23,44.54,92.46,90.3673,2.69,20,0,0,0,0,0,0,2,125854.98,0.0465,low,0.0
CUST017918,700,good,32.52,97.43,94.67,46.94,70.85,66.5896,9.56,11,2,3,0,0,0,0,1,215376.81,0.2359,low,0.0
CUST017919,829,excellent,91.24,87.57,94.96,76.16,80.73,88.1388,12.62,19,1,0,0,0,0,1,6,8214.49,0.6494,low,0.1429
CUST017920,766,excellent,70.64,91.5,54.16,78.3,96.12,77.7379,7.79,4,0,0,0,0,0,1,5,281600.59,0.9545,low,0.1667
CUST017921,780,excellent,94.25,81.38,62.03,41.0,91.3,79.9389,13.78,2,1,0,0,0,0,0,4,55256.77,0.1022,low,0.0
CUST017922,758,excellent,92.75,79.25,45.94,39.6,93.05,76.3935,13.89,2,0,0,0,0,0,0,3,274489.49,0.0433,low,0.0
CUST017923,713,good,49.17,80.83,93.84,49.38,83.21,68.7914,14.64,13,1,2,0,0,0,0,2,214364.04,0.1795,low,0.0
CUST017924,844,excellent,94.66,99.85,72.99,74.06,91.68,90.6073,6.47,6,0,0,0,0,0,1,7,98712.04,0.7573,low,0.125
CUST017925,735,good,49.79,99.97,94.83,47.0,60.84,72.425,3.71,10,3,1,0,0,0,0,7,70133.63,0.17,low,0.0
CUST017926,645,high_risk,26.96,97.88,66.27,42.41,45.89,57.5708,9.56,6,3,6,0,0,1,0,7,162141.68,0.3052,low,0.0
CUST017927,806,excellent,94.04,91.7,69.3,38.67,96.76,84.3608,6.16,8,0,0,0,0,0,0,6,112191.64,0.0693,low,0.0
CUST017928,741,good,95.94,78.92,19.11,42.52,91.01,73.4753,12.65,0,0,0,0,0,0,0,4,82078.59,0.1355,low,0.0
CUST017929,814,excellent,96.87,88.05,79.73,39.2,94.56,85.6554,6.1,5,0,0,0,0,0,0,4,160030.84,0.1561,low,0.0
CUST017930,822,excellent,94.83,91.75,93.16,33.71,90.11,87.0713,1.16,20,0,0,0,0,0,0,5,107391.64,0.0991,low,0.0
CUST017931,705,good,44.21,88.4,93.95,36.54,78.22,67.5631,1.66,10,2,1,0,0,0,0,4,196876.82,0.1549,low,0.0
CUST017932,767,excellent,88.1,75.37,69.27,47.43,92.35,77.8137,12.67,8,0,0,0,0,0,0,1,62506.92,0.0472,low,0.0
CUST017933,758,excellent,85.2,77.4,53.25,63.29,90.31,76.3892,12.82,2,0,0,0,0,0,1,0,245354.74,0.8344,low,0.5
CUST017934,812,excellent,98.85,88.08,71.09,40.53,96.61,85.3988,6.18,7,0,0,0,0,0,0,5,50415.97,0.1141,low,0.0
CUST017935,750,excellent,87.46,88.36,31.04,34.37,97.24,74.9361,2.23,1,0,0,0,0,0,0,6,46162.5,0.1476,low,0.0
CUST017936,809,excellent,94.53,92.43,49.69,79.24,87.18,84.9088,0.98,4,1,0,0,0,0,2,4,68344.45,0.453,low,0.3333
CUST017937,800,excellent,99.8,86.66,68.14,38.19,84.11,83.379,14.16,9,1,0,0,0,0,0,6,131877.01,0.0976,low,0.0
CUST017938,725,good,43.09,99.15,95.71,40.45,76.47,70.8738,7.38,13,2,2,0,0,0,0,3,168118.99,0.0024,low,0.0
CUST017939,702,good,40.07,78.85,97.33,68.65,77.88,66.9312,14.11,17,2,4,0,0,0,1,1,59922.48,0.6919,low,0.5
CUST017940,777,excellent,92.9,68.78,67.52,70.4,91.47,79.464,38.08,6,0,0,0,0,0,1,1,207620.12,0.8625,low,0.5
CUST017941,796,excellent,96.76,92.63,53.28,47.96,81.91,82.6328,4.43,3,1,0,0,0,0,1,5,95904.94,0.4068,low,0.1667
CUST017942,830,excellent,89.98,98.58,96.72,44.04,83.69,88.3477,9.51,14,1,0,0,0,0,0,2,73192.39,0.1392,low,0.0
CUST017943,848,excellent,98.5,98.3,79.15,72.59,82.12,91.3062,4.52,9,1,0,0,0,0,1,7,81046.48,0.8084,low,0.125
CUST017944,775,excellent,88.5,96.4,46.26,31.97,91.72,79.2022,7.04,2,0,0,0,0,0,0,7,170414.43,0.1573,low,0.0
CUST017945,676,risky,36.68,96.18,49.41,43.52,91.9,62.6432,6.83,3,0,4,0,0,0,0,7,71836.83,0.008,low,0.0
CUST017946,821,excellent,99.41,82.72,88.87,44.25,93.97,86.7617,14.24,19,0,0,0,0,0,0,0,123096.66,0.0038,low,0.0
CUST017947,827,excellent,92.6,99.36,73.73,59.06,86.24,87.8058,9.48,9,1,0,0,0,0,1,3,288993.09,0.6247,low,0.25
CUST017948,769,excellent,87.79,76.08,82.67,30.48,91.67,78.1666,14.41,9,1,0,0,0,0,0,3,37129.93,0.1569,low,0.0
CUST017949,766,excellent,85.37,83.34,77.4,35.96,75.47,77.6344,10.68,6,2,0,0,0,0,0,7,316518.38,0.1266,low,0.0
CUST017950,787,excellent,96.14,62.81,95.25,52.94,91.73,81.2468,42.77,13,0,0,0,0,0,0,6,95366.13,0.1005,low,0.0
CUST017951,785,excellent,91.53,65.27,89.51,58.45,99.52,80.8396,30.8,19,0,0,0,0,0,0,1,87910.83,0.1165,low,0.0
CUST017952,859,excellent,99.27,98.4,85.83,76.85,82.92,93.1153,4.92,15,1,0,0,0,0,2,1,15383.03,0.7535,low,0.6667
CUST017953,816,excellent,91.51,88.55,91.44,46.5,90.46,86.0058,2.2,16,0,0,0,0,0,0,7,83022.93,0.1255,low,0.0
CUST017954,687,risky,44.38,76.36,90.12,41.81,83.69,64.5111,10.6,10,1,2,0,0,0,0,4,276005.66,0.221,low,0.0
CUST017955,853,excellent,95.35,95.13,97.31,65.26,91.88,92.2202,8.29,12,0,0,0,0,0,1,3,149619.77,0.815,low,0.25
CUST017956,836,excellent,96.21,91.15,85.6,60.9,93.14,89.2645,3.36,13,0,0,0,0,0,1,0,85118.9,0.8557,low,0.5
CUST017957,835,excellent,98.44,79.19,99.46,68.03,92.86,89.2185,14.29,10,0,0,0,0,0,1,7,164808.57,0.9394,low,0.125
CUST017958,752,excellent,65.16,91.24,69.68,59.63,87.03,75.2968,2.94,8,1,1,0,0,0,1,1,94677.51,0.3826,low,0.5
CUST017959,776,excellent,93.97,75.18,68.34,45.21,91.36,79.3536,10.66,9,1,0,0,0,0,0,2,145177.2,0.094,low,0.0
CUST017960,781,excellent,91.18,60.89,91.71,63.64,98.1,80.1135,37.54,20,0,0,0,0,0,1,5,176475.79,0.4479,low,0.1667
CUST017961,812,excellent,88.14,96.67,90.87,32.77,85.24,85.2781,2.01,12,1,0,0,0,0,0,3,111684.48,0.0869,low,0.0
CUST017962,567,high_risk,13.73,83.81,26.56,47.43,58.29,44.5045,12.02,0,4,3,1,1,1,0,0,98435.95,0.6305,low,0.0
CUST017963,808,excellent,87.77,86.6,67.59,78.07,99.55,84.601,10.13,6,0,0,0,0,0,1,0,161984.25,0.9303,low,0.5
CUST017964,810,excellent,90.81,83.77,88.85,49.26,98.81,85.0495,13.89,10,0,0,0,0,0,0,6,216817.36,0.0757,low,0.0
CUST017965,699,risky,67.46,81.89,31.34,43.46,93.01,66.5246,11.07,0,0,0,0,0,0,0,4,10711.92,0.0445,low,0.0
CUST017966,843,excellent,94.08,97.83,89.78,54.72,92.44,90.46,3.27,11,0,0,0,0,0,1,3,90905.07,0.9106,low,0.25
CUST017967,842,excellent,95.82,99.53,65.17,73.02,98.23,90.2962,6.79,5,0,0,0,0,0,1,1,257496.49,0.4188,low,0.5
CUST017968,817,excellent,93.73,88.33,92.65,35.06,94.98,86.2052,8.18,14,0,0,0,0,0,0,0,127878.23,0.0623,low,0.0
CUST017969,746,good,51.83,97.19,86.08,66.61,83.95,74.2654,5.47,15,1,3,0,0,0,1,0,99193.19,1.0701,low,0.5
CUST017970,782,excellent,92.18,75.43,82.05,43.53,88.05,80.3585,14.1,7,1,0,0,0,0,0,0,154446.43,0.0399,low,0.0
CUST017971,622,high_risk,9.9,94.74,86.48,30.16,57.62,53.6369,2.28,13,4,5,1,0,1,0,5,20655.17,0.3392,low,0.0
CUST017972,668,risky,63.51,87.65,14.33,47.84,58.77,61.3334,12.73,0,3,4,0,0,0,0,3,204288.56,0.1327,low,0.0
CUST017973,813,excellent,98.88,88.5,51.25,70.86,96.48,85.5777,2.52,4,0,0,0,0,0,1,0,182466.05,0.6863,low,0.5
CUST017974,732,good,72.43,89.41,46.15,39.03,89.66,71.9644,3.44,1,1,1,0,0,0,0,3,62819.84,0.0982,low,0.0
CUST017975,791,excellent,85.29,98.92,57.37,49.88,87.18,81.839,2.11,3,1,0,0,0,0,0,2,81744.87,0.16,low,0.0
CUST017976,834,excellent,88.09,97.33,85.08,68.17,93.13,88.9217,5.94,11,0,0,0,0,0,1,3,41870.32,0.5343,low,0.25
CUST017977,827,excellent,88.22,88.82,92.9,64.4,99.59,87.8586,4.66,14,0,0,0,0,0,1,6,157942.69,0.49,low,0.1429
CUST017978,659,risky,13.77,97.17,90.25,37.65,86.12,59.884,4.44,17,1,3,0,1,1,0,1,79964.39,0.4682,low,0.0
CUST017979,800,excellent,92.59,88.43,45.34,84.87,90.66,83.2892,14.84,3,0,0,0,0,0,2,7,351228.44,0.7629,low,0.2222
CUST017980,771,excellent,91.26,76.82,74.12,39.67,85.11,78.5828,11.54,8,1,0,0,0,0,0,0,45795.49,0.0557,low,0.0
CUST017981,845,excellent,98.57,95.53,96.18,49.9,81.78,90.7546,9.68,18,1,0,0,0,0,1,1,75313.66,0.7861,low,0.5
CUST017982,819,excellent,91.86,78.25,91.71,79.54,91.84,86.5179,10.95,14,0,0,0,0,0,1,1,66473.05,0.6127,low,0.5
CUST017983,586,high_risk,1.69,93.47,73.4,30.72,49.32,47.6454,1.16,5,4,3,0,1,1,0,0,31569.7,0.2325,low,0.0
CUST017984,809,excellent,94.6,88.51,56.33,76.91,89.63,84.7668,3.75,3,1,0,0,0,0,2,6,147625.25,0.374,low,0.25
CUST017985,739,good,71.8,91.19,43.79,49.05,91.88,73.1491,2.0,1,0,0,0,0,0,0,0,119573.68,0.0564,low,0.0
CUST017986,816,excellent,87.44,96.82,82.19,46.87,92.81,85.9468,3.73,5,0,0,0,0,0,0,5,41589.87,0.0589,low,0.0
CUST017987,783,excellent,74.28,88.73,88.87,70.31,74.57,80.4376,12.58,10,2,1,0,0,0,2,6,136196.74,0.8553,low,0.25
CUST017988,682,risky,46.22,95.27,56.67,34.22,70.0,63.6807,0.31,2,2,1,0,0,0,0,3,260522.59,0.0052,low,0.0
CUST017989,759,excellent,85.89,80.56,45.54,64.37,89.69,76.4684,26.97,4,1,0,0,0,0,1,2,155389.38,0.7607,low,0.3333
CUST017990,842,excellent,89.87,90.9,94.26,84.63,90.31,90.3571,1.36,12,0,0,0,0,0,2,7,47226.35,0.785,low,0.2222
CUST017991,800,excellent,90.48,99.96,51.58,46.91,91.78,83.2592,5.21,3,0,0,0,0,0,0,6,85849.93,0.0477,low,0.0
CUST017992,836,excellent,98.6,94.13,88.44,36.72,96.41,89.3311,2.05,15,0,0,0,0,0,0,0,238473.51,0.1335,low,0.0
CUST017993,685,risky,59.81,89.83,28.07,46.79,73.61,64.1339,7.89,0,2,2,0,0,0,0,0,213276.92,0.2263,low,0.0
CUST017994,807,excellent,88.28,89.79,65.2,71.57,97.77,84.5468,14.83,5,0,0,0,0,0,1,7,152284.0,0.9377,low,0.125
CUST017995,794,excellent,88.09,78.41,90.28,46.67,96.9,82.2542,14.79,14,0,0,0,0,0,1,1,365837.97,0.4037,low,0.5
CUST017996,693,risky,36.77,84.59,93.08,44.02,88.38,65.4477,13.09,16,1,3,0,0,0,0,2,49435.02,0.1902,low,0.0
CUST017997,690,risky,58.13,88.39,33.52,74.58,65.99,64.9462,9.2,1,2,2,0,0,0,1,0,182782.62,1.3996,low,0.5
CUST017998,722,good,54.6,90.63,79.17,48.97,72.02,70.2735,9.11,8,2,2,0,0,0,0,3,53576.9,0.0176,low,0.0
CUST017999,852,excellent,99.9,95.62,95.7,41.49,98.34,91.9873,0.78,20,0,0,0,0,0,0,6,259738.82,0.0755,low,0.0
CUST018000,779,excellent,89.45,77.24,72.64,49.61,94.21,79.7563,13.3,5,0,0,0,0,0,0,1,844743.19,0.0303,low,0.0
CUST018001,814,excellent,94.83,75.64,93.18,63.75,94.84,85.7195,12.06,18,0,0,0,0,0,1,4,21498.65,0.6849,low,0.2
CUST018002,762,excellent,99.06,88.62,18.36,33.1,97.12,77.0295,3.44,0,0,0,0,0,0,0,7,16667.89,0.1339,low,0.0
CUST018003,684,risky,40.61,88.0,65.53,42.24,93.27,63.9939,6.12,7,0,1,0,0,0,0,3,269709.26,0.2288,low,0.0
CUST018004,802,excellent,73.91,99.01,90.32,46.26,99.71,83.7162,6.27,16,0,1,0,0,0,1,1,215986.36,0.9016,low,0.5
CUST018005,733,good,60.78,93.38,94.06,39.62,48.41,72.1964,7.46,13,3,2,0,0,0,0,3,41887.69,0.1114,low,0.0
CUST018006,674,risky,27.27,88.88,88.74,49.91,78.15,62.3261,0.45,14,2,4,0,0,0,0,0,128642.94,0.2224,low,0.0
CUST018007,785,excellent,86.06,73.17,98.63,45.39,93.66,80.7692,41.44,15,0,0,0,0,0,0,1,317060.56,0.0038,low,0.0
CUST018008,793,excellent,98.38,94.03,39.69,36.63,98.77,82.1346,6.16,1,0,0,0,0,0,0,7,172662.09,0.0819,low,0.0
CUST018009,809,excellent,89.09,92.5,91.75,38.91,82.56,84.8414,8.55,10,1,0,0,0,0,0,1,37940.25,0.0695,low,0.0
CUST018010,747,good,47.98,97.48,90.48,72.06,76.55,74.4712,9.83,13,2,4,0,0,0,1,0,1140940.72,0.9116,low,0.5
CUST018011,767,excellent,99.2,90.04,14.96,47.0,91.47,77.8222,2.66,0,0,0,0,0,0,0,0,68129.67,0.0455,low,0.0
CUST018012,833,excellent,93.28,89.69,91.54,67.8,88.39,88.9047,5.79,12,1,0,0,0,0,1,7,124573.63,0.4366,low,0.125
CUST018013,807,excellent,98.95,84.64,78.11,33.87,93.62,84.4892,11.11,9,0,0,0,0,0,0,2,113509.84,0.1485,low,0.0
CUST018014,793,excellent,88.64,88.82,63.98,51.21,97.56,82.1447,2.08,3,0,0,0,0,0,1,7,55318.94,0.5346,low,0.125
CUST018015,664,risky,44.68,89.45,62.43,41.6,46.07,60.605,7.68,2,3,3,0,0,0,0,1,25007.85,0.112,low,0.0
CUST018016,823,excellent,94.58,89.72,90.05,40.46,95.76,87.1485,7.75,10,0,0,0,0,0,0,4,93060.98,0.0626,low,0.0
CUST018017,800,excellent,91.12,89.7,67.23,48.48,95.32,83.2684,1.37,5,0,0,0,0,0,0,3,263460.64,0.0761,low,0.0
CUST018018,873,excellent,99.36,98.86,99.51,61.67,99.29,95.457,4.91,11,0,0,0,0,0,1,2,56056.28,0.9143,low,0.3333
CUST018019,653,risky,53.95,91.33,38.58,32.45,35.68,58.8824,0.08,1,5,2,0,0,0,0,1,298410.87,0.0737,low,0.0
CUST018020,788,excellent,89.14,75.32,99.62,30.88,94.88,81.3151,14.34,14,0,0,0,0,0,0,4,90178.45,0.1179,low,0.0
CUST018021,814,excellent,95.25,93.14,79.82,30.03,94.33,85.688,1.37,8,0,0,0,0,0,0,7,84078.76,0.1013,low,0.0
CUST018022,807,excellent,86.22,83.17,96.24,52.05,97.85,84.5563,20.05,10,0,0,0,0,0,0,4,72951.07,0.1565,low,0.0
CUST018023,816,excellent,88.6,93.74,82.42,48.94,96.67,86.0561,3.72,7,0,0,0,0,0,0,0,39039.62,0.1226,low,0.0
CUST018024,810,excellent,87.22,83.62,99.16,58.71,86.84,85.0421,15.8,13,1,0,0,0,0,0,1,183631.4,0.1328,low,0.0
CUST018025,810,excellent,94.08,82.83,87.97,47.34,93.2,85.0271,29.76,16,0,0,0,0,0,0,5,102674.47,0.0344,low,0.0
CUST018026,780,excellent,88.47,81.0,68.57,54.02,91.01,80.0507,11.36,7,0,0,0,0,0,1,3,147379.66,0.8112,low,0.25
CUST018027,629,high_risk,40.91,86.13,30.58,32.84,68.46,54.8738,14.95,1,2,1,0,0,0,0,4,75851.63,0.2057,low,0.0
CUST018028,738,good,68.92,79.48,64.55,72.91,80.04,72.9421,11.51,4,1,1,0,0,0,1,3,62862.93,0.6065,low,0.25
CUST018029,710,good,54.21,98.9,48.5,32.98,90.43,68.2611,1.29,1,1,1,0,0,0,0,7,371988.79,0.194,low,0.0
CUST018030,772,excellent,99.85,76.79,56.06,32.38,91.17,78.7498,10.29,4,1,0,0,0,0,0,3,157380.24,0.1091,low,0.0
CUST018031,698,risky,38.46,99.39,66.78,70.04,70.39,66.3384,1.01,5,2,1,0,0,0,1,5,23309.74,1.4149,low,0.1667
CUST018032,698,risky,42.95,90.95,98.53,48.62,43.33,66.2939,9.79,10,3,2,0,0,0,0,4,44082.96,0.0959,low,0.0
CUST018033,824,excellent,89.01,84.76,93.09,72.73,94.78,87.2975,12.59,14,0,0,0,0,0,1,3,35500.65,0.4705,low,0.25
CUST018034,721,good,49.04,91.39,95.04,40.81,73.05,70.2207,9.92,11,2,4,0,0,0,0,5,128189.32,0.0047,low,0.0
CUST018035,781,excellent,87.74,78.96,71.74,62.97,87.6,80.2167,12.15,7,1,0,0,0,0,0,2,39915.77,0.0355,low,0.0
CUST018036,814,excellent,90.7,88.71,85.63,47.99,96.63,85.6636,2.8,15,0,0,0,0,0,1,2,128518.95,0.8662,low,0.3333
CUST018037,820,excellent,89.38,91.56,76.0,76.46,88.38,86.6348,0.32,9,1,0,0,0,0,1,1,221559.17,0.5029,low,0.5
CUST018038,665,risky,48.04,93.92,15.32,46.66,88.33,60.7871,7.79,0,1,1,0,0,0,0,5,118515.63,0.1237,low,0.0
CUST018039,829,excellent,94.28,94.95,94.49,32.95,91.31,88.0837,3.98,13,0,0,0,0,0,0,4,90237.53,0.0625,low,0.0
CUST018040,801,excellent,96.34,90.42,36.84,76.7,93.94,83.4354,5.47,1,0,0,0,0,0,1,6,64397.84,0.982,low,0.1429
CUST018041,856,excellent,96.96,97.87,99.5,58.66,85.92,92.6792,9.28,20,1,0,0,0,0,1,0,43823.36,0.9874,low,0.5
CUST018042,769,excellent,72.95,95.44,48.82,68.94,98.25,78.206,4.29,3,0,0,0,0,0,1,4,135225.49,0.7486,low,0.2
CUST018043,825,excellent,90.91,95.87,74.31,78.0,79.25,87.4515,0.81,7,2,0,0,0,0,1,3,69387.51,0.9065,low,0.25
CUST018044,815,excellent,88.5,93.94,88.52,37.69,96.89,85.8952,6.61,16,0,0,0,0,0,0,2,553658.46,0.0313,low,0.0
CUST018045,749,good,93.48,86.74,21.28,39.87,88.74,74.7911,14.82,0,1,0,0,0,0,0,3,62093.4,0.0653,low,0.0
CUST018046,756,excellent,68.4,98.31,51.54,66.66,81.82,76.0084,0.02,2,1,0,0,0,0,1,0,181684.62,0.9235,low,0.5
CUST018047,646,high_risk,10.97,96.51,87.06,78.09,50.42,57.7046,5.75,11,4,8,1,0,0,1,1,126162.16,1.6573,moderate,0.5
CUST018048,749,good,90.4,87.61,21.23,40.98,95.54,74.7561,12.06,0,0,0,0,0,0,0,0,170003.94,0.0074,low,0.0
CUST018049,706,good,85.57,78.53,14.5,30.22,90.12,67.7175,10.46,0,0,0,0,0,0,0,0,19121.03,0.1054,low,0.0
CUST018050,685,risky,43.22,97.79,50.81,44.18,77.0,64.2021,2.62,2,2,2,0,0,0,0,4,62995.67,0.1428,low,0.0
CUST018051,856,excellent,99.83,96.82,92.98,47.37,99.52,92.622,3.3,11,0,0,0,0,0,0,6,190321.81,0.0301,low,0.0
CUST018052,828,excellent,85.68,95.57,99.44,45.88,98.59,88.0229,4.95,15,0,0,0,0,0,1,1,245552.01,0.4397,low,0.5
CUST018053,807,excellent,94.72,80.42,89.77,47.15,89.6,84.4194,10.27,11,1,0,0,0,0,1,2,338079.52,0.886,low,0.3333
CUST018054,828,excellent,90.96,93.25,86.48,59.31,93.18,88.032,0.0,20,0,0,0,0,0,1,2,116531.4,0.4526,low,0.3333
CUST018055,752,excellent,75.77,80.05,94.22,40.44,65.51,75.2621,11.06,13,2,0,0,0,0,0,3,141968.86,0.0811,low,0.0
CUST018056,808,excellent,90.41,84.25,88.03,63.2,81.53,84.5955,12.63,15,1,0,0,0,0,2,7,284212.3,0.962,low,0.2222
CUST018057,786,excellent,63.02,100.0,95.0,74.41,72.52,80.9964,0.76,11,2,4,0,0,0,1,4,231466.2,0.8036,low,0.2
CUST018058,811,excellent,97.59,89.13,75.93,46.33,82.71,85.187,11.99,8,1,0,0,0,0,0,4,232951.27,0.1265,low,0.0
CUST018059,741,good,73.01,96.72,52.92,34.88,74.27,73.4246,1.16,2,2,1,0,0,0,0,7,31273.31,0.0143,low,0.0
CUST018060,757,excellent,89.19,93.27,18.23,43.76,98.44,76.1517,9.74,0,0,0,0,0,0,0,0,24913.75,0.0499,low,0.0
CUST018061,774,excellent,92.44,88.54,36.08,46.47,99.54,78.9291,5.63,1,0,0,0,0,0,0,5,110404.51,0.0384,low,0.0
CUST018062,806,excellent,89.14,84.06,98.24,55.16,76.15,84.2836,14.57,11,2,0,0,0,0,1,1,33569.08,0.7631,low,0.5
CUST018063,802,excellent,79.08,95.06,88.39,41.58,99.77,83.5897,8.48,10,0,1,0,0,0,0,4,65522.74,0.0287,low,0.0
CUST018064,817,excellent,89.79,86.51,92.32,67.58,82.48,86.2367,13.93,15,1,0,0,0,0,1,2,47931.43,0.4947,low,0.3333
CUST018065,739,good,69.16,86.83,63.26,47.96,85.43,73.0836,12.14,2,1,1,0,0,0,0,6,89333.28,0.0854,low,0.0
CUST018066,834,excellent,91.38,93.78,89.46,66.87,87.07,88.93,4.96,19,1,0,0,0,0,1,1,291326.4,0.3422,low,0.5
CUST018067,742,good,86.47,55.54,79.42,57.12,91.91,73.7441,39.55,7,0,0,0,0,0,0,7,185863.08,0.0794,low,0.0
CUST018068,813,excellent,93.68,79.12,91.61,64.24,88.3,85.5204,22.33,13,1,0,0,0,0,0,5,55035.76,0.0764,low,0.0
CUST018069,833,excellent,98.77,93.79,88.98,42.7,84.4,88.7632,5.33,14,1,0,0,0,0,0,1,469871.14,0.104,low,0.0
CUST018070,752,excellent,93.37,91.77,26.86,30.2,80.03,75.2619,1.24,0,1,0,0,0,0,0,5,110043.1,0.0782,low,0.0
CUST018071,815,excellent,92.97,91.44,89.81,36.82,86.26,85.7506,4.0,11,1,0,0,0,0,0,2,61200.68,0.1144,low,0.0
CUST018072,831,excellent,85.37,97.48,88.86,63.05,96.83,88.4412,9.25,13,0,0,0,0,0,1,0,275351.47,0.4872,low,0.5
CUST018073,675,risky,27.46,95.91,92.62,78.51,33.49,62.4762,6.93,11,6,8,0,0,0,1,2,259670.52,2.1489,moderate,0.3333
CUST018074,745,good,90.68,76.59,48.52,35.6,86.7,74.2244,13.44,1,1,0,0,0,0,0,4,93509.52,0.0656,low,0.0
CUST018075,838,excellent,90.62,96.99,98.63,53.27,87.59,89.6963,9.05,11,1,0,0,0,0,1,3,172501.85,0.4422,low,0.25
CUST018076,821,excellent,89.56,98.88,73.62,55.41,91.68,86.765,9.86,5,0,0,0,0,0,1,2,42377.12,0.455,low,0.3333
CUST018077,822,excellent,91.77,99.9,84.94,31.09,90.7,87.009,5.47,8,1,0,0,0,0,0,2,103700.43,0.0321,low,0.0
CUST018078,802,excellent,90.88,78.92,98.2,37.9,95.91,83.5955,14.95,14,0,0,0,0,0,0,5,53878.04,0.0282,low,0.0
CUST018079,769,excellent,71.78,98.26,64.62,48.08,91.01,78.206,3.31,2,1,1,0,0,0,0,5,264668.69,0.1283,low,0.0
CUST018080,743,good,60.08,97.21,87.93,42.28,61.67,73.7738,7.63,10,3,2,0,0,0,0,2,41688.36,0.0799,low,0.0
CUST018081,675,risky,42.3,97.57,61.14,38.34,54.09,62.4906,2.11,3,3,2,0,0,0,0,0,180529.87,0.2159,low,0.0
CUST018082,798,excellent,89.36,80.63,78.57,64.11,93.25,82.9875,14.84,5,0,0,0,0,0,1,3,92482.22,0.4842,low,0.25
CUST018083,810,excellent,99.13,80.22,74.38,51.11,99.75,85.0034,14.13,5,0,0,0,0,0,1,4,491302.99,0.683,low,0.2
CUST018084,777,excellent,88.18,89.14,57.97,40.8,90.44,79.423,4.32,2,0,0,0,0,0,0,4,43460.89,0.0099,low,0.0
CUST018085,739,good,91.78,77.48,10.51,64.32,97.09,73.0859,14.1,0,0,0,0,0,0,1,1,72751.49,0.4046,low,0.5
CUST018086,801,excellent,97.17,89.24,60.5,48.09,87.58,83.4228,2.86,2,1,0,0,0,0,1,3,205893.96,0.6108,low,0.25
CUST018087,695,risky,55.77,94.47,62.31,32.94,53.2,65.8237,7.97,3,3,4,0,0,0,0,4,53747.87,0.0216,low,0.0
CUST018088,818,excellent,97.54,95.1,67.81,38.47,96.84,86.3685,2.67,6,0,0,0,0,0,0,2,130263.14,0.0538,low,0.0
CUST018089,801,excellent,91.52,83.36,91.04,38.47,90.11,83.5564,10.62,10,0,0,0,0,0,0,7,129274.75,0.0334,low,0.0
CUST018090,832,excellent,99.32,89.32,89.72,44.72,91.63,88.6487,12.11,12,1,0,0,0,0,0,2,190423.49,0.1532,low,0.0
CUST018091,756,excellent,70.15,80.56,92.98,35.47,97.83,75.9956,12.46,20,0,1,0,0,0,0,2,225225.96,0.1225,low,0.0
CUST018092,680,risky,32.53,95.19,93.86,40.85,52.79,63.3844,2.9,10,4,4,0,0,0,0,3,65859.74,0.0977,low,0.0
CUST018093,795,excellent,97.67,86.1,71.14,32.46,85.78,82.5093,13.59,8,1,0,0,0,0,0,2,62186.03,0.1382,low,0.0
CUST018094,753,excellent,97.05,93.51,11.8,34.47,82.37,75.4764,8.74,0,1,0,0,0,0,0,6,110179.97,0.1317,low,0.0
CUST018095,761,excellent,64.32,96.97,87.36,31.93,88.82,76.7822,4.81,15,1,2,0,0,0,0,5,392110.45,0.1787,low,0.0
CUST018096,736,good,51.26,98.82,99.4,32.44,69.07,72.6493,6.55,17,2,2,0,0,0,0,6,20725.16,0.2354,low,0.0
CUST018097,760,excellent,98.56,77.64,34.98,36.8,98.8,76.5948,13.34,1,0,0,0,0,0,0,5,22550.85,0.0553,low,0.0
CUST018098,850,excellent,98.53,90.63,95.1,66.04,91.04,91.6457,9.58,12,1,0,0,0,0,1,1,135851.23,0.8477,low,0.5
CUST018099,585,high_risk,6.49,81.65,98.0,31.21,29.05,47.4937,10.61,11,5,6,1,0,1,0,3,223311.8,0.2103,low,0.0
CUST018100,700,good,59.38,91.99,62.21,39.04,50.0,66.6158,1.41,2,3,3,0,0,0,0,3,97769.4,0.1593,low,0.0
CUST018101,781,excellent,95.02,76.7,71.46,48.35,83.14,80.1349,10.07,6,1,0,0,0,0,0,5,27793.45,0.1429,low,0.0
CUST018102,762,excellent,86.15,78.28,73.62,33.78,88.78,76.9348,11.97,7,1,0,0,0,0,0,6,214430.48,0.046,low,0.0
CUST018103,823,excellent,97.32,97.62,74.62,46.63,80.37,87.241,3.86,9,1,0,0,0,0,1,4,176860.81,0.818,low,0.2
CUST018104,790,excellent,87.0,88.04,68.55,63.09,82.46,81.7024,8.34,8,1,0,0,0,0,2,6,22229.83,0.4872,low,0.25
CUST018105,653,risky,22.47,84.03,75.25,69.59,85.89,58.9124,14.56,5,1,4,0,0,0,1,5,45112.86,1.9173,moderate,0.1667
CUST018106,809,excellent,88.77,90.49,85.63,42.86,94.93,84.8425,0.69,16,0,0,0,0,0,0,3,58881.25,0.0438,low,0.0
CUST018107,634,high_risk,23.01,86.89,81.75,62.91,40.62,55.7363,13.12,7,6,6,0,0,0,1,2,118057.84,2.2775,moderate,0.3333
CUST018108,790,excellent,75.61,94.19,90.23,39.23,94.12,81.5891,0.63,20,0,1,0,0,0,0,1,139847.84,0.083,low,0.0
CUST018109,591,high_risk,11.65,96.07,34.77,30.38,73.7,48.5241,1.73,1,2,6,0,0,1,0,4,130654.17,0.4783,low,0.0
CUST018110,806,excellent,94.64,89.35,73.47,44.26,89.01,84.2766,12.64,8,1,0,0,0,0,0,0,187921.09,0.1334,low,0.0
CUST018111,768,excellent,67.46,88.04,98.77,47.93,83.07,77.9378,3.48,16,1,1,0,0,0,0,0,71226.55,0.0034,low,0.0
CUST018112,693,risky,60.42,96.79,30.98,71.28,45.66,65.5266,8.47,1,4,2,0,0,0,1,4,9793.7,1.3142,low,0.2
CUST018113,846,excellent,96.65,93.45,90.26,64.79,91.18,90.9997,5.44,14,1,0,0,0,0,1,0,160976.17,0.9995,low,0.5
CUST018114,635,high_risk,12.29,90.47,97.77,75.89,31.13,55.8075,1.73,11,6,3,1,0,0,1,3,81140.21,1.4978,low,0.25
CUST018115,753,excellent,66.58,78.44,83.67,70.98,90.29,75.5137,13.42,6,0,0,0,0,0,1,2,72589.19,0.76,low,0.3333
CUST018116,812,excellent,91.1,93.64,74.28,43.77,98.6,85.3545,9.37,6,0,0,0,0,0,0,1,131122.32,0.076,low,0.0
CUST018117,758,excellent,79.34,80.76,45.64,85.2,89.18,76.2798,13.55,2,1,1,0,0,0,2,3,116158.16,0.4702,low,0.4
CUST018118,792,excellent,93.35,89.15,81.92,32.43,71.33,82.0832,1.3,7,2,0,0,0,0,0,0,191205.6,0.0738,low,0.0
CUST018119,659,risky,52.73,92.38,40.22,36.21,40.36,59.8583,4.56,1,3,2,0,0,0,0,1,165178.47,0.1924,low,0.0
CUST018120,600,high_risk,15.55,90.91,74.52,39.74,20.48,49.9184,2.92,6,5,4,0,0,1,0,7,222574.64,0.2484,low,0.0
CUST018121,807,excellent,97.05,92.2,68.25,45.51,80.14,84.4294,2.53,9,1,0,0,0,0,0,1,384847.98,0.1322,low,0.0
CUST018122,818,excellent,88.28,95.65,83.09,48.83,93.49,86.2895,8.84,7,0,0,0,0,0,0,1,144109.27,0.0761,low,0.0
CUST018123,628,high_risk,20.33,80.33,88.55,38.0,64.33,54.7298,13.77,10,3,5,1,0,1,0,2,26733.28,0.6536,low,0.0
CUST018124,790,excellent,99.68,91.4,46.73,33.18,91.11,81.746,7.38,2,0,0,0,0,0,0,1,75299.79,0.1432,low,0.0
CUST018125,713,good,40.48,97.24,90.79,49.06,70.08,68.8735,2.85,15,2,2,0,0,0,0,2,181825.74,0.2197,low,0.0
CUST018126,763,excellent,99.93,95.0,16.2,31.74,80.44,77.1257,0.75,0,1,0,0,0,0,0,7,43037.56,0.0799,low,0.0
CUST018127,683,risky,35.5,92.42,86.05,34.94,73.21,63.8763,6.02,13,2,4,0,0,0,0,1,31455.96,0.2431,low,0.0
CUST018128,701,good,47.33,84.86,94.24,40.77,65.8,66.8141,12.21,15,2,3,0,0,0,0,6,89194.5,0.0548,low,0.0
CUST018129,815,excellent,99.12,76.84,89.03,56.35,90.71,85.8052,14.58,15,0,0,0,0,0,1,2,89693.54,0.6315,low,0.3333
CUST018130,849,excellent,96.48,94.94,92.58,56.42,96.94,91.4739,2.89,10,0,0,0,0,0,1,3,173294.32,0.7911,low,0.25
CUST018131,600,high_risk,5.92,91.04,87.93,31.19,43.89,50.0809,5.52,13,6,4,0,1,1,0,7,54408.33,0.2684,low,0.0
CUST018132,761,excellent,95.53,64.2,58.5,77.52,75.66,76.7849,46.5,3,2,0,0,0,0,1,0,173266.59,0.6372,low,0.5
CUST018133,746,good,56.01,91.9,84.46,65.22,89.63,74.3283,2.2,5,1,3,0,0,0,1,5,157761.58,1.2657,low,0.1667
CUST018134,831,excellent,95.15,98.99,84.27,43.71,85.63,88.5753,4.37,7,1,0,0,0,0,0,5,1045395.79,0.1084,low,0.0
CUST018135,816,excellent,97.74,82.79,90.2,37.37,96.06,85.9171,14.99,12,0,0,0,0,0,0,5,199270.25,0.0767,low,0.0
CUST018136,756,excellent,93.17,52.59,82.75,51.57,99.64,75.9206,54.4,5,0,0,0,0,0,0,1,72516.01,0.1193,low,0.0
CUST018137,865,excellent,98.5,96.96,91.89,71.19,96.24,94.0882,9.33,10,0,0,0,0,0,1,3,14307.86,0.3519,low,0.25
CUST018138,797,excellent,89.5,85.56,60.96,66.42,99.93,82.7725,14.11,4,0,0,0,0,0,1,5,88073.99,0.8246,low,0.1667
CUST018139,789,excellent,94.63,88.88,40.29,62.65,94.23,81.5188,8.68,1,0,0,0,0,0,1,7,41342.42,0.8876,low,0.125
CUST018140,602,high_risk,27.4,88.24,30.19,40.18,56.69,50.2783,14.27,0,3,1,0,0,0,0,4,76215.76,0.0069,low,0.0
CUST018141,691,risky,36.87,93.18,80.87,41.11,80.34,65.1355,0.81,6,1,4,0,0,0,0,0,143367.8,0.003,low,0.0
CUST018142,796,excellent,94.56,91.96,53.98,44.84,94.03,82.6688,8.55,4,0,0,0,0,0,0,4,14658.97,0.0728,low,0.0
CUST018143,856,excellent,97.8,97.3,85.09,76.72,88.25,92.6779,1.84,20,1,0,0,0,0,1,0,76682.17,0.4151,low,0.5
CUST018144,757,excellent,94.16,81.19,42.09,39.44,85.17,76.0876,11.16,1,1,0,0,0,0,0,7,49654.59,0.133,low,0.0
CUST018145,873,excellent,99.01,91.91,98.36,88.26,97.35,95.5441,6.06,11,0,0,0,0,0,2,2,23640.78,0.8702,low,0.5
CUST018146,634,high_risk,56.35,40.22,71.9,72.33,68.13,55.6208,54.71,8,2,1,0,0,0,1,7,10672.34,1.0625,low,0.125
CUST018147,766,excellent,91.87,83.7,49.78,38.49,91.29,77.712,13.26,2,0,0,0,0,0,0,6,162913.6,0.1622,low,0.0
CUST018148,854,excellent,99.86,91.7,93.43,68.65,89.55,92.2981,5.2,13,1,0,0,0,0,1,1,278066.29,0.8138,low,0.5
CUST018149,804,excellent,88.9,85.85,93.56,38.47,92.36,83.9879,12.2,11,0,0,0,0,0,0,3,565406.95,0.1493,low,0.0
CUST018150,758,excellent,92.86,93.57,25.28,33.24,87.02,76.3878,0.18,0,1,0,0,0,0,0,7,75826.66,0.1116,low,0.0
CUST018151,833,excellent,87.91,92.5,87.64,71.88,99.42,88.7941,9.29,13,0,0,0,0,0,1,0,74524.78,0.853,low,0.5
CUST018152,771,excellent,94.42,93.77,28.74,39.54,90.4,78.4825,6.02,0,1,0,0,0,0,0,0,478018.94,0.0825,low,0.0
CUST018153,750,excellent,87.32,88.83,33.81,36.77,90.71,75.0315,3.95,1,1,0,0,0,0,0,4,194665.95,0.1137,low,0.0
CUST018154,815,excellent,91.97,90.87,97.98,36.39,80.58,85.8452,1.41,16,1,0,0,0,0,0,3,146714.0,0.0889,low,0.0
CUST018155,861,excellent,94.56,99.99,93.45,66.04,97.3,93.4444,6.79,18,0,0,0,0,0,1,3,152253.67,0.9417,low,0.25
CUST018156,869,excellent,98.63,99.87,96.51,61.6,97.28,94.8475,3.5,10,0,0,0,0,0,1,5,75419.69,0.6204,low,0.1667
CUST018157,823,excellent,99.98,79.86,82.29,61.05,97.71,87.1712,14.37,6,0,0,0,0,0,1,6,113843.23,0.5491,low,0.1429
CUST018158,835,excellent,95.98,91.33,99.08,36.39,96.0,89.0935,5.04,11,0,0,0,0,0,0,6,218834.12,0.1637,low,0.0
CUST018159,812,excellent,87.67,92.63,94.94,31.71,94.67,85.3529,7.43,16,0,0,0,0,0,0,1,149012.16,0.0509,low,0.0
CUST018160,804,excellent,88.38,95.33,52.06,74.76,91.38,83.9562,5.74,3,1,0,0,0,0,1,6,413427.69,0.8579,low,0.1429
CUST018161,824,excellent,89.0,89.32,98.79,56.49,90.03,87.4166,8.26,14,0,0,0,0,0,1,0,817508.87,0.5248,low,0.5
CUST018162,785,excellent,85.06,79.02,88.41,46.2,94.65,80.826,14.06,13,0,0,0,0,0,1,0,51632.89,0.9351,low,0.5
CUST018163,817,excellent,90.98,94.34,86.01,40.82,90.51,86.1777,0.5,11,0,0,0,0,0,0,4,37467.57,0.1297,low,0.0
CUST018164,705,good,54.29,82.84,80.56,45.52,69.97,67.486,10.86,6,2,4,0,0,0,0,3,300665.98,0.0214,low,0.0
CUST018165,797,excellent,90.64,90.11,65.91,42.23,98.89,82.7581,0.73,6,0,0,0,0,0,0,1,370492.64,0.116,low,0.0
CUST018166,688,risky,42.99,83.07,75.02,42.2,91.82,64.6246,14.52,5,1,2,0,0,0,0,3,71012.01,0.034,low,0.0
CUST018167,735,good,92.06,68.66,49.86,56.15,66.32,72.5416,38.43,2,2,0,0,0,0,0,5,42024.94,0.0751,low,0.0
CUST018168,710,good,39.33,96.84,82.6,67.89,73.78,68.3741,5.35,9,2,4,0,0,0,1,1,85745.11,1.3009,low,0.5
CUST018169,634,high_risk,34.08,88.84,33.15,31.63,89.4,55.653,13.19,0,1,4,0,0,0,0,3,61459.68,0.0953,low,0.0
CUST018170,684,risky,47.99,93.68,53.34,45.4,64.77,63.9211,9.29,2,3,4,0,0,0,0,5,121347.06,0.1845,low,0.0
CUST018171,844,excellent,96.44,95.42,91.26,49.46,96.8,90.6948,0.38,12,0,0,0,0,0,0,7,391292.04,0.0442,low,0.0
CUST018172,828,excellent,94.46,91.96,97.9,33.04,93.76,88.0143,4.55,12,0,0,0,0,0,0,1,172944.5,0.086,low,0.0
CUST018173,789,excellent,98.63,88.02,56.95,36.44,83.23,81.434,11.7,3,1,0,0,0,0,0,2,89261.9,0.0957,low,0.0
CUST018174,578,high_risk,13.38,92.16,37.97,36.12,46.89,46.328,9.56,1,3,5,1,1,1,0,3,81867.02,0.2466,low,0.0
CUST018175,612,high_risk,4.38,90.16,98.75,43.14,42.66,51.9719,3.41,11,5,4,0,1,1,0,6,193785.4,0.5378,low,0.0
CUST018176,831,excellent,88.53,92.45,88.33,72.69,91.84,88.4255,5.76,10,1,0,0,0,0,1,0,94637.8,0.7446,low,0.5
CUST018177,809,excellent,85.89,97.9,77.7,44.1,94.07,84.9027,5.71,7,0,0,0,0,0,0,7,369366.31,0.0117,low,0.0
CUST018178,803,excellent,93.07,77.64,72.07,75.56,95.98,83.8292,12.68,8,0,0,0,0,0,1,0,61615.49,0.4707,low,0.5
CUST018179,796,excellent,94.29,78.54,94.88,35.5,83.0,82.6476,12.76,16,1,0,0,0,0,0,5,92623.54,0.1534,low,0.0
CUST018180,803,excellent,91.41,76.85,93.62,51.66,96.04,83.8619,14.03,14,0,0,0,0,0,1,2,188933.02,0.824,low,0.3333
CUST018181,788,excellent,89.7,95.41,52.14,35.31,99.06,81.2748,2.31,2,0,0,0,0,0,0,7,31888.04,0.0329,low,0.0
CUST018182,784,excellent,87.55,95.64,51.79,44.93,91.51,80.7476,5.11,3,1,0,0,0,0,0,1,75352.41,0.1544,low,0.0
CUST018183,841,excellent,99.79,89.75,97.15,44.92,91.78,90.0961,11.35,11,0,0,0,0,0,0,6,265932.74,0.1462,low,0.0
CUST018184,688,risky,48.34,91.62,66.38,33.11,70.01,64.6742,7.9,7,2,3,0,0,0,0,0,26839.03,0.0113,low,0.0
CUST018185,691,risky,71.08,88.57,14.3,42.56,73.92,65.2438,0.69,0,2,1,0,0,0,0,0,21376.97,0.0225,low,0.0
CUST018186,834,excellent,90.57,89.58,99.38,61.94,93.75,89.0501,11.36,15,0,0,0,0,0,1,1,198659.04,0.4136,low,0.5
CUST018187,696,risky,49.4,78.3,98.06,42.08,62.32,65.9283,14.73,14,3,1,0,0,0,0,3,53501.19,0.0641,low,0.0
CUST018188,789,excellent,90.1,96.91,32.02,67.83,93.45,81.5384,5.77,0,0,0,0,0,0,1,2,169003.66,0.8391,low,0.3333
CUST018189,806,excellent,91.24,90.57,79.88,41.33,90.43,84.2629,1.19,9,0,0,0,0,0,0,1,210953.88,0.1073,low,0.0
CUST018190,812,excellent,89.71,88.2,96.0,33.5,96.94,85.3046,7.45,14,0,0,0,0,0,0,4,58262.67,0.096,low,0.0
CUST018191,810,excellent,97.5,91.63,65.89,41.47,93.31,84.9756,7.6,8,0,0,0,0,0,0,5,203545.76,0.0576,low,0.0
CUST018192,801,excellent,91.12,80.68,94.65,42.29,90.39,83.5603,12.95,14,1,0,0,0,0,0,7,208051.94,0.0112,low,0.0
CUST018193,811,excellent,90.8,94.29,83.65,34.43,91.69,85.2269,8.56,7,0,0,0,0,0,0,1,83953.38,0.0131,low,0.0
CUST018194,813,excellent,87.84,93.87,88.79,47.84,84.87,85.4936,5.75,20,1,0,0,0,0,0,7,718205.22,0.1481,low,0.0
CUST018195,698,risky,60.33,61.55,82.74,70.03,82.69,66.265,36.87,7,1,3,0,0,0,1,3,26649.19,1.0711,low,0.25
CUST018196,829,excellent,97.25,83.12,99.89,46.06,95.48,88.1127,13.18,14,0,0,0,0,0,0,6,88287.67,0.0515,low,0.0
CUST018197,720,good,49.78,88.79,88.21,70.98,56.53,70.0436,0.31,13,3,4,0,0,0,1,7,139288.77,0.883,low,0.125
CUST018198,816,excellent,94.53,80.73,92.4,58.21,90.02,85.9871,13.05,15,0,0,0,0,0,1,3,38451.14,0.5171,low,0.25
CUST018199,776,excellent,86.46,79.44,75.54,40.42,98.54,79.3219,14.6,9,0,0,0,0,0,0,2,693905.64,0.0865,low,0.0
CUST018200,795,excellent,89.58,93.47,60.99,43.85,95.64,82.4934,6.37,2,0,0,0,0,0,0,6,81770.39,0.1546,low,0.0
CUST018201,791,excellent,88.7,84.74,60.02,64.72,99.24,81.8663,11.82,4,0,0,0,0,0,1,2,56991.34,0.4363,low,0.3333
CUST018202,739,good,70.75,88.64,59.43,37.88,90.31,73.0862,8.34,2,0,1,0,0,0,0,4,104457.81,0.0821,low,0.0
CUST018203,787,excellent,93.07,87.01,48.68,56.74,95.97,81.2498,25.44,4,0,0,0,0,0,0,0,183998.91,0.0674,low,0.0
CUST018204,810,excellent,93.59,92.11,70.21,48.43,93.1,85.0724,5.94,8,0,0,0,0,0,0,0,36419.57,0.0132,low,0.0
CUST018205,832,excellent,93.81,94.62,88.0,48.83,93.25,88.6238,6.76,12,0,0,0,0,0,1,7,46329.19,0.599,low,0.125
CUST018206,763,excellent,64.19,92.14,91.92,45.48,86.96,77.141,4.84,12,1,1,0,0,0,0,3,76201.17,0.1087,low,0.0
CUST018207,775,excellent,89.41,88.74,58.21,36.76,87.81,79.1051,6.04,2,1,0,0,0,0,0,3,44950.3,0.1373,low,0.0
CUST018208,607,high_risk,10.83,89.47,75.57,78.96,23.05,51.1657,8.58,5,8,4,0,0,0,1,0,122019.29,2.096,moderate,0.5
CUST018209,647,high_risk,16.11,90.69,84.19,73.42,59.44,57.7598,6.97,9,3,3,1,0,0,1,2,85940.12,1.8929,moderate,0.3333
CUST018210,690,risky,59.25,88.59,46.0,32.25,75.2,64.9617,14.86,1,2,1,0,0,0,0,6,125035.7,0.1804,low,0.0
CUST018211,789,excellent,88.06,78.96,79.23,62.0,89.41,81.5342,12.95,8,1,0,0,0,0,1,0,25916.31,0.3728,low,0.5
CUST018212,754,excellent,89.65,76.09,40.81,57.53,96.6,75.7401,13.58,1,0,0,0,0,0,2,1,280691.39,0.4652,low,0.6667
CUST018213,701,good,42.98,90.06,65.34,79.86,69.6,66.8084,2.99,6,2,4,0,0,0,1,3,148161.28,0.7645,low,0.25
CUST018214,836,excellent,98.23,90.12,81.73,64.77,92.21,89.3735,6.59,5,0,0,0,0,0,1,5,297247.8,0.8984,low,0.1667
CUST018215,647,high_risk,25.06,89.26,56.94,72.54,74.65,57.808,0.65,2,2,6,0,0,0,1,0,423614.4,1.2834,low,0.5
CUST018216,777,excellent,91.84,91.82,52.2,38.32,81.27,79.4772,2.25,3,1,0,0,0,0,0,4,184517.33,0.1328,low,0.0
CUST018217,834,excellent,97.75,97.76,65.58,60.25,95.67,88.9706,1.77,5,0,0,0,0,0,1,1,227491.46,0.7234,low,0.5
CUST018218,748,good,74.73,98.86,41.09,31.08,95.14,74.5986,9.73,1,0,1,0,0,0,0,6,89294.92,0.0696,low,0.0
CUST018219,864,excellent,99.35,93.06,99.75,78.62,84.64,93.978,2.83,15,1,0,0,0,0,1,1,73955.26,0.771,low,0.5
CUST018220,835,excellent,94.71,94.4,98.17,34.51,95.27,89.1721,9.94,11,0,0,0,0,0,0,6,29607.74,0.1416,low,0.0
CUST018221,780,excellent,69.53,91.66,91.19,46.54,98.79,80.045,9.73,13,0,0,0,0,0,1,3,138938.65,0.6184,low,0.25
CUST018222,827,excellent,92.06,89.25,98.4,44.05,97.31,87.8904,3.01,15,0,0,0,0,0,0,7,88492.33,0.0552,low,0.0
CUST018223,837,excellent,87.14,95.54,87.29,75.97,96.87,89.5377,7.04,15,0,0,0,0,0,1,1,89692.93,0.5146,low,0.5
CUST018224,821,excellent,91.47,92.49,98.86,33.76,88.41,86.8093,0.83,20,1,0,0,0,0,0,4,141696.42,0.058,low,0.0
CUST018225,831,excellent,91.54,95.5,90.61,46.27,95.97,88.5059,7.07,16,0,0,0,0,0,0,5,202048.57,0.1174,low,0.0
CUST018226,579,high_risk,9.98,95.59,42.72,47.11,31.66,46.4556,4.8,1,6,2,1,1,1,0,0,137984.58,0.5413,low,0.0
CUST018227,809,excellent,95.62,97.41,48.96,49.19,98.7,84.8214,6.36,3,0,0,0,0,0,1,6,34052.74,0.9257,low,0.1429
CUST018228,800,excellent,78.33,90.08,80.14,75.38,92.73,83.2728,2.23,5,0,1,0,0,0,1,2,26909.55,0.6348,low,0.3333
CUST018229,784,excellent,96.73,81.16,60.5,48.06,86.3,80.7154,12.95,2,1,0,0,0,0,2,6,96631.08,0.9549,low,0.25
CUST018230,814,excellent,89.09,78.15,96.59,70.33,95.73,85.7213,27.09,13,0,0,0,0,0,1,1,263466.08,0.519,low,0.5
CUST018231,816,excellent,91.1,90.3,85.23,47.56,95.66,86.0797,7.14,11,0,0,0,0,0,1,2,64446.52,0.4556,low,0.3333
CUST018232,798,excellent,89.78,83.49,85.44,47.01,89.77,82.9648,14.55,17,1,0,0,0,0,0,2,72316.74,0.0179,low,0.0
CUST018233,815,excellent,88.47,89.88,96.79,35.96,97.88,85.8315,2.57,11,0,0,0,0,0,0,0,146219.42,0.1553,low,0.0
CUST018234,705,good,44.35,90.9,86.62,32.81,84.72,67.5369,6.67,10,1,2,0,0,0,0,7,159434.2,0.2181,low,0.0
CUST018235,819,excellent,90.8,88.4,99.16,34.37,99.28,86.5383,7.12,10,0,0,0,0,0,0,6,46388.52,0.0038,low,0.0
CUST018236,624,high_risk,5.6,88.24,96.47,39.79,71.47,54.0302,6.67,15,2,3,1,1,1,0,2,97597.9,0.3955,low,0.0
CUST018237,798,excellent,99.79,86.68,53.1,44.42,97.13,83.0522,11.35,2,0,0,0,0,0,0,2,254628.15,0.1171,low,0.0
CUST018238,642,high_risk,35.64,80.48,56.96,49.92,67.78,56.9326,11.8,2,2,3,0,0,0,0,3,208873.86,0.0448,low,0.0
CUST018239,817,excellent,97.26,89.14,78.67,46.87,89.23,86.1939,7.88,5,1,0,0,0,0,0,6,438241.17,0.0631,low,0.0
CUST018240,848,excellent,99.35,88.5,96.02,56.47,99.57,91.3298,7.04,12,0,0,0,0,0,1,4,69522.6,0.4887,low,0.2
CUST018241,752,excellent,92.43,91.5,27.99,45.22,68.52,75.3758,6.5,0,2,0,0,0,0,0,7,96554.76,0.1072,low,0.0
CUST018242,825,excellent,95.76,87.45,94.05,39.55,96.19,87.4337,11.67,14,0,0,0,0,0,0,6,9704.07,0.1322,low,0.0
CUST018243,834,excellent,94.14,95.0,80.97,53.76,99.5,88.9213,9.05,7,0,0,0,0,0,1,1,94479.67,0.67,low,0.5
CUST018244,815,excellent,99.12,76.47,95.36,41.92,96.95,85.8242,11.16,10,0,0,0,0,0,0,5,122473.77,0.1454,low,0.0
CUST018245,785,excellent,76.15,98.33,67.81,47.65,96.69,80.7551,3.49,8,0,0,0,0,0,0,5,137402.7,0.0917,low,0.0
CUST018246,820,excellent,87.51,95.52,91.9,62.13,74.3,86.7102,0.81,11,2,0,0,0,0,1,5,64284.15,0.6622,low,0.1667
CUST018247,563,high_risk,15.88,75.62,50.86,36.79,42.41,43.793,12.14,2,4,4,1,0,1,0,0,91800.86,0.3947,low,0.0
CUST018248,758,excellent,94.56,48.03,89.54,66.13,87.53,76.3001,58.49,10,1,0,0,0,0,1,7,14615.65,0.9973,low,0.125
CUST018249,558,high_risk,12.74,75.28,62.58,43.6,22.45,43.0324,12.6,2,6,8,0,0,1,0,2,203387.72,0.2226,low,0.0
CUST018250,780,excellent,87.59,73.92,89.63,45.02,91.45,79.9243,49.09,12,0,0,0,0,0,0,4,179310.92,0.1168,low,0.0
CUST018251,789,excellent,91.8,89.78,54.04,45.88,97.05,81.4624,7.33,2,0,0,0,0,0,1,4,49997.72,0.9665,low,0.2
CUST018252,790,excellent,99.41,84.87,39.29,69.28,86.41,81.7186,10.53,1,1,0,0,0,0,1,6,212378.46,0.6483,low,0.1429
CUST018253,801,excellent,89.01,98.2,56.99,45.75,97.18,83.4561,4.82,3,0,0,0,0,0,0,6,23814.74,0.0832,low,0.0
CUST018254,795,excellent,77.05,91.67,71.94,76.14,95.67,82.4382,5.56,7,0,1,0,0,0,1,1,160918.96,0.5988,low,0.5
CUST018255,788,excellent,91.65,89.67,65.43,34.35,90.74,81.3039,7.87,8,0,0,0,0,0,0,5,135407.52,0.0434,low,0.0
CUST018256,828,excellent,90.48,92.73,92.42,49.19,97.6,88.0282,5.89,10,0,0,0,0,0,0,0,91249.67,0.0149,low,0.0
CUST018257,778,excellent,86.05,76.16,81.24,46.59,99.18,79.7275,11.13,7,0,0,0,0,0,0,1,478945.51,0.0357,low,0.0
CUST018258,802,excellent,90.55,90.44,62.88,61.08,93.43,83.7083,5.79,2,0,0,0,0,0,2,4,232179.02,0.5492,low,0.3333
CUST018259,801,excellent,85.21,97.57,71.79,37.33,99.04,83.5014,1.71,5,0,0,0,0,0,0,7,26333.88,0.1423,low,0.0
CUST018260,724,good,48.3,91.4,83.21,47.91,91.13,70.7107,6.7,7,0,4,0,0,0,0,7,104748.61,0.2261,low,0.0
CUST018261,726,good,47.83,97.01,93.72,62.22,58.24,70.9456,2.55,20,3,1,0,0,0,1,2,19754.52,1.0428,low,0.3333
CUST018262,842,excellent,97.38,81.49,96.15,74.52,99.41,90.3442,10.49,11,0,0,0,0,0,1,2,290192.01,0.4521,low,0.3333
CUST018263,794,excellent,86.67,95.02,68.65,40.49,91.66,82.3546,1.1,7,0,0,0,0,0,0,4,27931.57,0.0471,low,0.0
CUST018264,821,excellent,85.25,89.74,96.18,64.31,92.33,86.8503,8.16,20,0,0,0,0,0,1,3,110803.71,0.7417,low,0.25
CUST018265,807,excellent,86.66,92.47,77.61,48.84,99.47,84.5455,1.07,8,0,0,0,0,0,0,0,149839.75,0.0323,low,0.0
CUST018266,806,excellent,88.22,92.5,88.24,43.03,81.08,84.2771,7.51,10,1,0,0,0,0,0,2,112878.24,0.1644,low,0.0
CUST018267,792,excellent,89.85,81.13,97.21,31.98,84.67,82.0344,14.21,14,1,0,0,0,0,0,0,68702.23,0.027,low,0.0
CUST018268,628,high_risk,13.65,95.14,77.04,67.89,39.46,54.6098,6.54,9,6,7,0,0,0,1,1,130318.38,1.9547,moderate,0.5
CUST018269,855,excellent,99.62,96.35,86.13,77.52,80.78,92.5226,1.93,17,1,0,0,0,0,2,4,56023.72,0.5187,low,0.3333
CUST018270,797,excellent,99.67,83.22,70.79,32.13,91.57,82.8401,14.24,6,0,0,0,0,0,0,0,242343.84,0.0184,low,0.0
CUST018271,791,excellent,88.29,88.96,71.84,64.4,71.03,81.9092,14.53,8,2,0,0,0,0,1,3,92220.9,0.7242,low,0.25
CUST018272,871,excellent,99.15,98.38,96.89,68.98,95.55,95.2025,5.11,14,0,0,0,0,0,1,6,64446.05,0.9219,low,0.1429
CUST018273,657,risky,59.61,45.54,98.23,62.16,40.38,59.5121,58.51,12,3,1,0,0,0,0,4,451963.48,0.0223,low,0.0
CUST018274,773,excellent,98.04,78.43,47.19,49.1,89.66,78.7988,12.85,1,1,0,0,0,0,0,3,363804.9,0.1253,low,0.0
CUST018275,798,excellent,93.5,95.2,61.58,34.08,91.38,83.067,7.56,3,0,0,0,0,0,0,1,55249.17,0.0745,low,0.0
CUST018276,702,good,49.47,90.35,56.63,60.86,79.41,66.9404,7.74,3,2,1,0,0,0,1,0,94792.75,0.8881,low,0.5
CUST018277,686,risky,46.59,85.78,79.55,38.65,65.65,64.4032,14.73,7,2,3,0,0,0,0,3,92630.94,0.1934,low,0.0
CUST018278,793,excellent,87.87,76.51,98.4,38.19,98.91,82.1773,13.36,10,0,0,0,0,0,0,0,33148.67,0.0554,low,0.0
CUST018279,785,excellent,87.4,81.56,65.93,71.22,88.28,80.8986,11.19,8,1,0,0,0,0,1,1,40200.25,0.6442,low,0.5
CUST018280,809,excellent,92.13,87.37,81.75,47.86,93.82,84.8872,11.05,6,0,0,0,0,0,0,3,164340.56,0.0796,low,0.0
CUST018281,788,excellent,93.53,82.93,55.96,54.4,98.66,81.3162,10.21,2,0,0,0,0,0,1,0,369752.27,0.8702,low,0.5
CUST018282,774,excellent,95.64,79.72,52.17,39.7,98.15,79.0027,12.03,4,0,0,0,0,0,0,0,349467.29,0.0363,low,0.0
CUST018283,705,good,45.18,89.69,85.71,49.22,69.56,67.4553,12.74,13,2,1,0,0,0,0,7,105982.33,0.0325,low,0.0
CUST018284,843,excellent,88.17,95.75,90.05,78.75,96.06,90.5714,5.38,10,0,0,0,0,0,1,3,109738.11,0.6196,low,0.25
CUST018285,808,excellent,91.53,80.3,72.23,78.23,98.03,84.5882,11.25,6,0,0,0,0,0,2,5,87497.01,0.809,low,0.2857
CUST018286,716,good,56.42,92.73,59.09,33.1,95.92,69.3316,9.38,3,0,4,0,0,0,0,2,126902.66,0.0929,low,0.0
CUST018287,712,good,61.08,89.43,66.13,38.69,67.21,68.7181,1.63,7,2,1,0,0,0,0,0,126467.09,0.1341,low,0.0
CUST018288,794,excellent,79.84,92.51,87.74,35.92,99.45,82.3965,2.58,12,0,0,0,0,0,0,3,94777.89,0.0613,low,0.0
CUST018289,798,excellent,98.84,98.77,53.26,30.02,77.1,82.9252,1.21,2,2,0,0,0,0,0,1,121313.3,0.025,low,0.0
CUST018290,588,high_risk,12.03,75.2,95.74,32.65,35.51,47.9475,12.96,19,6,6,0,1,1,0,5,77091.41,0.4483,low,0.0
CUST018291,828,excellent,98.21,89.44,80.7,47.87,98.55,87.9537,0.11,9,0,0,0,0,0,1,4,102901.75,0.467,low,0.2
CUST018292,787,excellent,98.0,89.81,45.7,35.77,95.29,81.2022,5.03,1,0,0,0,0,0,0,4,44776.4,0.0654,low,0.0
CUST018293,813,excellent,97.51,87.82,79.43,39.11,92.49,85.5516,14.72,6,0,0,0,0,0,0,6,188073.49,0.1643,low,0.0
CUST018294,798,excellent,77.53,89.0,95.99,61.12,87.33,83.0767,14.36,12,1,1,0,0,0,1,2,90316.7,0.7041,low,0.3333
CUST018295,803,excellent,86.64,92.49,91.84,47.38,71.7,83.7567,1.03,14,2,0,0,0,0,0,6,250429.66,0.1362,low,0.0
CUST018296,835,excellent,97.56,86.02,67.31,92.0,99.58,89.2081,12.33,7,0,0,0,0,0,2,0,218784.17,0.6718,low,0.6667
CUST018297,804,excellent,95.68,76.98,97.47,30.62,96.58,83.9209,13.35,11,0,0,0,0,0,0,2,55259.22,0.109,low,0.0
CUST018298,756,excellent,60.86,89.09,94.18,42.2,96.3,76.0044,12.4,15,0,3,0,0,0,0,6,96247.02,0.085,low,0.0
CUST018299,620,high_risk,19.61,78.45,91.71,38.83,52.8,53.3174,10.92,15,4,8,0,0,1,0,2,58137.64,0.4437,low,0.0
CUST018300,745,good,99.21,76.38,26.7,37.67,88.32,74.2417,11.14,0,1,0,0,0,0,0,0,313995.02,0.1056,low,0.0
CUST018301,641,high_risk,12.45,95.66,79.13,64.14,65.29,56.8688,5.57,8,2,3,0,0,0,1,5,23049.28,2.127,moderate,0.1667
CUST018302,807,excellent,98.75,78.73,82.41,45.28,94.79,84.5491,14.58,5,0,0,0,0,0,0,6,102130.53,0.1026,low,0.0
CUST018303,784,excellent,85.2,84.35,64.25,64.51,94.82,80.6971,19.47,3,0,0,0,0,0,1,6,109117.23,0.8316,low,0.1429
CUST018304,745,good,92.61,84.1,14.23,44.43,99.2,74.142,14.43,0,0,0,0,0,0,0,7,60064.19,0.1371,low,0.0
CUST018305,625,high_risk,36.18,87.76,42.48,35.14,52.17,54.0953,11.61,1,4,2,0,0,0,0,2,124849.22,0.1573,low,0.0
CUST018306,683,risky,39.77,80.29,86.69,31.95,95.69,63.7728,11.74,20,0,4,0,0,0,0,7,56014.02,0.149,low,0.0
CUST018307,674,risky,53.39,94.96,33.89,31.13,70.03,62.3757,1.21,0,2,2,0,0,0,0,4,116593.69,0.0556,low,0.0
CUST018308,800,excellent,95.9,98.98,46.45,43.66,87.03,83.295,6.46,3,1,0,0,0,0,0,4,63613.6,0.0919,low,0.0
CUST018309,839,excellent,87.41,97.49,96.31,62.68,93.07,89.8633,4.89,15,0,0,0,0,0,1,5,224161.34,0.7268,low,0.1667
CUST018310,781,excellent,96.92,93.81,27.76,47.79,91.78,80.1843,0.8,0,0,0,0,0,0,0,6,105542.84,0.0931,low,0.0
CUST018311,689,risky,61.28,98.1,37.41,41.9,41.81,64.8606,3.77,1,3,2,0,0,0,0,3,835589.0,0.0032,low,0.0
CUST018312,640,high_risk,16.53,83.0,94.12,44.38,74.12,56.6542,12.02,12,2,6,1,0,0,0,0,211764.44,0.3429,low,0.0
CUST018313,838,excellent,92.35,88.59,99.94,62.72,95.88,89.7489,2.63,12,0,0,0,0,0,1,4,23471.45,0.9939,low,0.2
CUST018314,771,excellent,95.67,89.12,38.05,31.93,93.81,78.5018,2.1,1,0,0,0,0,0,0,0,28428.91,0.1614,low,0.0
CUST018315,801,excellent,90.36,96.09,74.99,43.94,73.32,83.4289,0.26,8,2,0,0,0,0,0,6,433703.43,0.088,low,0.0
CUST018316,833,excellent,93.85,88.84,68.09,93.16,97.82,88.8096,4.6,8,0,0,0,0,0,2,7,32486.48,0.5296,low,0.2222
CUST018317,760,excellent,91.19,89.05,48.36,36.09,72.36,76.7308,6.93,2,2,0,0,0,0,0,2,194074.79,0.0736,low,0.0
CUST018318,588,high_risk,1.11,93.37,88.04,37.5,27.05,48.0617,4.17,10,6,2,0,1,1,0,6,545974.63,0.456,low,0.0
CUST018319,820,excellent,94.83,93.83,74.03,67.61,73.85,86.5887,9.87,6,2,0,0,0,0,1,0,144557.88,0.9785,low,0.5
CUST018320,834,excellent,99.2,90.54,79.76,67.77,84.24,89.0492,9.49,5,1,0,0,0,0,1,6,66664.46,0.8416,low,0.1429
CUST018321,802,excellent,88.15,88.37,82.21,42.91,97.49,83.7363,12.17,8,0,0,0,0,0,0,6,149991.26,0.0557,low,0.0
CUST018322,779,excellent,88.47,83.94,67.41,43.7,92.13,79.8402,13.26,8,0,0,0,0,0,0,7,73359.03,0.0102,low,0.0
CUST018323,822,excellent,99.07,85.61,87.56,44.91,90.03,86.9874,14.08,13,1,0,0,0,0,0,0,307577.78,0.0808,low,0.0
CUST018324,782,excellent,96.86,94.35,41.07,39.21,80.4,80.3285,5.94,1,1,0,0,0,0,0,3,260440.69,0.054,low,0.0
CUST018325,794,excellent,90.29,90.44,56.64,60.25,90.2,82.2731,6.56,4,0,0,0,0,0,1,3,133235.34,0.41,low,0.25
CUST018326,790,excellent,85.14,79.5,95.96,52.75,84.02,81.7192,14.51,12,1,0,0,0,0,1,1,210875.5,0.7252,low,0.5
CUST018327,723,good,60.48,95.84,74.81,32.12,61.39,70.4948,5.7,9,4,2,0,0,0,0,0,62663.47,0.0867,low,0.0
CUST018328,690,risky,37.07,97.88,73.78,39.74,75.81,64.9607,7.45,9,2,4,0,0,0,0,1,28831.97,0.1471,low,0.0
CUST018329,720,good,64.52,98.09,57.33,30.25,63.46,69.9808,6.61,4,3,3,0,0,0,0,1,137623.78,0.1611,low,0.0
CUST018330,787,excellent,87.06,90.03,56.15,61.16,91.8,81.199,8.2,3,0,0,0,0,0,1,6,30535.94,0.4868,low,0.1429
CUST018331,803,excellent,89.43,91.39,75.1,43.7,94.44,83.7968,3.86,7,0,0,0,0,0,0,5,43211.54,0.1183,low,0.0
CUST018332,844,excellent,95.78,89.98,73.81,93.19,97.44,90.6545,13.68,5,0,0,0,0,0,2,0,60718.04,0.8263,low,0.6667
CUST018333,798,excellent,93.93,88.67,72.03,31.71,94.94,82.9473,13.43,9,0,0,0,0,0,0,6,78337.24,0.0177,low,0.0
CUST018334,794,excellent,86.87,90.4,69.05,59.92,84.93,82.3674,4.08,9,1,0,0,0,0,1,7,135056.73,0.9748,low,0.125
CUST018335,829,excellent,98.15,78.25,99.41,58.36,95.4,88.1168,28.32,12,0,0,0,0,0,0,6,18019.9,0.0951,low,0.0
CUST018336,647,high_risk,18.7,82.85,84.93,49.7,86.88,57.7991,11.32,7,1,3,0,0,1,0,7,113754.58,0.472,low,0.0
CUST018337,758,excellent,79.56,83.86,87.82,34.86,65.99,76.2622,10.42,17,2,1,0,0,0,0,6,147745.48,0.0464,low,0.0
CUST018338,813,excellent,90.52,93.51,86.43,35.11,93.09,85.5198,4.3,13,0,0,0,0,0,0,6,54255.6,0.1363,low,0.0
CUST018339,756,excellent,92.72,85.06,39.61,32.51,88.95,76.0575,12.02,1,1,0,0,0,0,0,5,152776.53,0.1633,low,0.0
CUST018340,839,excellent,99.46,93.96,69.95,65.2,98.24,89.8377,6.85,5,0,0,0,0,0,1,2,93519.41,0.6331,low,0.3333
CUST018341,806,excellent,89.26,88.48,79.71,49.92,95.41,84.2732,2.07,6,0,0,0,0,0,1,4,18365.64,0.5889,low,0.2
CUST018342,827,excellent,99.1,96.19,72.35,34.71,99.07,87.7746,3.57,8,0,0,0,0,0,0,4,55872.65,0.067,low,0.0
CUST018343,779,excellent,93.36,93.74,52.08,31.43,81.58,79.9132,5.12,2,1,0,0,0,0,0,6,76433.87,0.0099,low,0.0
CUST018344,731,good,60.24,96.01,66.2,34.52,86.08,71.8776,3.85,6,1,3,0,0,0,0,0,23706.63,0.0456,low,0.0
CUST018345,807,excellent,99.54,86.89,67.22,38.62,96.45,84.4959,13.36,7,0,0,0,0,0,0,1,385628.46,0.0343,low,0.0
CUST018346,613,high_risk,14.45,85.24,88.2,67.94,25.05,52.1609,14.4,11,5,4,0,0,0,1,0,260944.6,1.9586,moderate,0.5
CUST018347,736,good,85.88,83.69,27.95,40.69,92.15,72.6414,11.28,0,0,0,0,0,0,0,3,42584.15,0.0084,low,0.0
CUST018348,699,risky,62.65,91.87,24.31,67.77,76.43,66.5554,3.46,0,2,2,0,0,0,1,1,30630.31,1.0431,low,0.5
CUST018349,820,excellent,93.58,96.46,50.51,88.11,85.53,86.6305,8.77,3,1,0,0,0,0,2,2,246422.84,0.58,low,0.5
CUST018350,774,excellent,88.18,77.8,49.28,82.86,91.81,79.0616,12.69,3,0,0,0,0,0,2,6,41452.54,0.6764,low,0.25
CUST018351,803,excellent,99.92,83.4,65.44,47.57,93.47,83.9113,25.32,8,0,0,0,0,0,1,6,20418.35,0.9418,low,0.1429
CUST018352,791,excellent,94.26,80.41,80.91,45.24,80.09,81.783,15.95,6,1,0,0,0,0,0,2,161455.77,0.062,low,0.0
CUST018353,828,excellent,97.99,90.39,84.68,38.53,99.69,87.9364,8.5,6,0,0,0,0,0,0,7,222094.36,0.0182,low,0.0
CUST018354,773,excellent,86.58,90.4,48.49,60.54,81.58,78.9084,5.28,2,1,0,0,0,0,1,1,91877.57,0.8855,low,0.5
CUST018355,667,risky,56.79,92.43,15.66,39.27,73.17,61.2011,6.21,0,2,2,0,0,0,0,5,107724.14,0.0321,low,0.0
CUST018356,705,good,64.55,90.86,53.55,45.13,50.94,67.4899,7.16,3,3,4,0,0,0,0,6,93851.24,0.2037,low,0.0
CUST018357,750,excellent,93.49,76.81,42.7,30.27,97.51,74.9472,14.1,1,0,0,0,0,0,0,3,26952.43,0.0183,low,0.0
CUST018358,693,risky,58.02,97.12,29.38,42.32,74.53,65.5352,3.67,0,2,1,0,0,0,0,3,183584.81,0.2376,low,0.0
CUST018359,780,excellent,99.68,79.95,52.74,32.84,98.53,79.9209,13.5,2,0,0,0,0,0,0,0,29589.2,0.1583,low,0.0
CUST018360,824,excellent,89.29,99.88,79.43,45.08,97.35,87.3733,8.21,5,0,0,0,0,0,1,6,159068.58,0.5659,low,0.1429
CUST018361,645,high_risk,20.63,93.16,76.9,63.06,55.68,57.5783,9.15,5,4,4,0,0,0,1,2,80888.59,1.8376,moderate,0.3333
CUST018362,791,excellent,85.9,89.9,69.13,56.35,87.49,81.7879,2.0,7,1,0,0,0,0,1,6,245802.06,0.6698,low,0.1429
CUST018363,785,excellent,67.41,94.45,91.23,54.03,98.28,80.8448,7.67,14,0,1,0,0,0,1,5,51063.63,0.372,low,0.1667
CUST018364,789,excellent,94.19,79.81,73.04,46.81,90.15,81.5615,12.02,9,1,0,0,0,0,1,2,55077.44,0.7117,low,0.3333
CUST018365,686,risky,26.79,96.8,96.02,41.82,73.6,64.3596,7.41,19,2,3,0,0,0,0,1,195142.13,0.0559,low,0.0
CUST018366,762,excellent,73.98,98.09,53.63,50.77,85.33,76.9722,3.74,2,1,1,0,0,0,1,6,130491.44,0.4885,low,0.1429
CUST018367,821,excellent,99.52,83.55,90.2,46.42,87.1,86.7802,12.08,13,1,0,0,0,0,1,0,264698.08,0.3758,low,0.5
CUST018368,717,good,40.5,99.9,81.81,47.93,83.58,69.5666,0.49,8,1,2,0,0,0,0,6,134452.53,0.233,low,0.0
CUST018369,830,excellent,93.11,89.85,94.25,62.43,83.34,88.259,13.61,12,1,0,0,0,0,1,1,96828.2,0.7525,low,0.5
CUST018370,682,risky,38.56,83.72,70.41,63.7,81.62,63.7026,12.08,7,1,3,0,0,0,1,7,312796.38,0.9061,low,0.125
CUST018371,730,good,49.23,96.63,89.58,44.38,75.7,71.6655,2.84,17,2,1,0,0,0,0,7,123657.62,0.0085,low,0.0
CUST018372,793,excellent,97.96,95.24,37.18,38.23,98.9,82.1471,9.18,1,0,0,0,0,0,0,4,89800.36,0.1182,low,0.0
CUST018373,805,excellent,92.53,82.06,90.98,44.34,90.94,84.1801,10.09,13,0,0,0,0,0,0,6,456133.12,0.1305,low,0.0
CUST018374,798,excellent,72.8,92.98,99.82,47.88,99.37,83.0717,8.19,16,0,1,0,0,0,1,7,276535.97,0.6897,low,0.125
CUST018375,735,good,58.77,94.94,70.36,72.83,65.63,72.4493,9.85,8,2,2,0,0,0,1,2,149994.89,1.4674,low,0.3333
CUST018376,746,good,94.92,86.6,17.97,33.76,90.63,74.3386,14.18,0,0,0,0,0,0,0,4,66022.17,0.0247,low,0.0
CUST018377,829,excellent,93.98,88.9,90.19,63.76,86.57,88.1231,13.74,15,1,0,0,0,0,1,1,130022.8,0.7408,low,0.5
CUST018378,745,good,71.0,98.58,45.01,33.67,96.2,74.1622,3.82,4,0,1,0,0,0,0,0,271915.44,0.1478,low,0.0
CUST018379,788,excellent,88.62,90.87,47.68,68.66,90.96,81.394,7.23,1,0,0,0,0,0,1,3,14421.34,0.6074,low,0.25
CUST018380,679,risky,40.22,94.55,58.44,31.91,88.4,63.2403,5.56,2,1,3,0,0,0,0,6,325827.38,0.133,low,0.0
CUST018381,841,excellent,98.45,90.76,73.12,85.21,90.22,90.1953,1.63,6,0,0,0,0,0,2,6,255233.48,0.5941,low,0.25
CUST018382,799,excellent,89.62,89.78,85.31,30.3,90.16,83.1431,3.93,15,0,0,0,0,0,0,2,153822.66,0.0608,low,0.0
CUST018383,687,risky,41.6,92.88,65.14,44.63,78.48,64.5041,9.17,5,2,3,0,0,0,0,6,183711.41,0.0868,low,0.0
CUST018384,759,excellent,93.46,76.73,67.61,41.18,65.36,76.5256,13.23,5,2,0,0,0,0,0,4,60855.47,0.1367,low,0.0
CUST018385,807,excellent,86.92,89.93,92.96,32.32,98.55,84.4296,0.56,18,0,0,0,0,0,0,1,59866.68,0.1139,low,0.0
CUST018386,844,excellent,94.73,94.67,90.94,64.8,90.64,90.7415,2.39,12,1,0,0,0,0,1,0,23208.16,0.548,low,0.5
CUST018387,741,good,50.4,93.02,95.79,40.4,95.57,73.5104,9.09,14,0,3,0,0,0,0,0,1310449.81,0.0221,low,0.0
CUST018388,795,excellent,68.63,95.96,89.99,75.9,86.8,82.5771,2.18,11,1,1,0,0,0,1,5,134565.41,0.9277,low,0.1667
CUST018389,836,excellent,97.48,93.17,89.55,45.14,93.27,89.346,8.45,20,0,0,0,0,0,0,0,71298.49,0.1226,low,0.0
CUST018390,752,excellent,89.53,88.97,30.47,44.76,82.87,75.3624,3.63,0,1,0,0,0,0,0,5,88389.47,0.0389,low,0.0
CUST018391,786,excellent,87.45,95.34,45.62,68.62,80.47,80.9618,6.45,4,1,0,0,0,0,1,2,190635.91,0.8298,low,0.3333
CUST018392,547,high_risk,7.63,84.39,33.08,41.85,40.51,41.1861,13.63,0,3,8,1,0,1,0,1,79576.04,0.1737,low,0.0
CUST018393,820,excellent,95.28,86.6,85.16,55.5,90.13,86.6624,12.47,15,1,0,0,0,0,1,0,85767.1,0.9187,low,0.5
CUST018394,760,excellent,62.34,97.64,92.34,34.18,82.97,76.6793,4.4,15,1,1,0,0,0,0,7,92641.25,0.0229,low,0.0
CUST018395,807,excellent,98.86,86.9,70.77,41.08,91.68,84.5619,11.9,6,1,0,0,0,0,0,6,23226.95,0.0349,low,0.0
CUST018396,790,excellent,92.08,84.26,86.38,34.75,76.63,81.6037,12.49,17,2,0,0,0,0,0,6,175444.61,0.0276,low,0.0
CUST018397,816,excellent,85.18,98.83,76.31,60.33,91.42,86.0826,5.59,5,0,0,0,0,0,1,6,29862.21,0.985,low,0.1429
CUST018398,747,good,76.58,87.96,58.08,32.72,92.46,74.4218,10.96,2,0,0,0,0,0,0,5,43429.83,0.0106,low,0.0
CUST018399,761,excellent,90.92,94.96,21.9,39.49,93.46,76.8901,2.83,0,0,0,0,0,0,0,7,42170.76,0.1262,low,0.0
CUST018400,770,excellent,87.9,95.61,40.41,36.45,92.09,78.3649,3.38,1,0,0,0,0,0,0,2,49162.14,0.0222,low,0.0
CUST018401,740,good,65.98,70.28,75.97,94.17,83.17,73.3084,47.12,7,1,0,0,0,0,2,5,180573.17,0.386,low,0.2857
CUST018402,717,good,90.52,33.09,77.76,72.24,90.57,69.5559,54.0,8,0,0,0,0,0,1,6,105283.68,0.9461,low,0.1429
CUST018403,834,excellent,99.18,88.25,84.05,64.01,87.29,88.9265,9.91,5,1,0,0,0,0,1,2,66245.17,0.89,low,0.3333
CUST018404,779,excellent,97.14,96.42,31.55,30.5,92.06,79.9126,6.91,1,0,0,0,0,0,0,6,107760.7,0.0543,low,0.0
CUST018405,671,risky,27.11,91.61,86.07,66.95,63.0,61.8745,2.6,18,3,1,0,0,0,1,0,37329.84,1.1001,low,0.5
CUST018406,767,excellent,92.35,91.05,28.65,48.34,91.38,77.9057,5.74,0,0,0,0,0,0,0,6,127320.66,0.1129,low,0.0
CUST018407,803,excellent,99.05,90.54,34.65,78.09,89.98,83.8343,2.05,1,1,0,0,0,0,1,0,31058.19,0.811,low,0.5
CUST018408,785,excellent,98.17,84.74,58.15,48.37,74.3,80.771,12.88,3,2,0,0,0,0,1,3,33954.4,0.6881,low,0.25
CUST018409,740,good,69.35,98.84,38.24,42.41,94.68,73.3709,7.43,1,0,1,0,0,0,0,0,41897.79,0.0631,low,0.0
CUST018410,814,excellent,96.71,89.49,84.21,38.3,85.53,85.7101,0.72,5,1,0,0,0,0,0,0,166274.07,0.0861,low,0.0
CUST018411,824,excellent,91.73,98.71,65.23,70.95,88.06,87.4062,4.5,8,1,0,0,0,0,1,4,225965.12,0.4683,low,0.2
CUST018412,743,good,94.7,79.19,34.87,31.52,86.23,73.9085,10.53,1,1,0,0,0,0,0,7,276387.38,0.1006,low,0.0
CUST018413,764,excellent,54.86,99.43,98.08,48.0,88.45,77.3856,9.0,11,1,1,0,0,0,0,2,31430.92,0.1752,low,0.0
CUST018414,727,good,49.14,93.29,83.43,44.08,91.27,71.2365,9.08,5,0,1,0,0,0,0,4,44277.89,0.1681,low,0.0
CUST018415,815,excellent,95.62,92.73,67.63,52.27,91.4,85.7963,9.07,7,0,0,0,0,0,1,6,41461.47,0.5268,low,0.1429
CUST018416,676,risky,44.69,93.21,47.32,34.41,85.28,62.6701,1.87,2,1,3,0,0,0,0,4,13542.78,0.2113,low,0.0
CUST018417,643,high_risk,19.34,90.99,99.39,70.87,21.83,57.2457,1.36,13,5,6,0,0,0,1,0,226687.67,2.1497,moderate,0.5
CUST018418,803,excellent,94.52,83.81,61.9,70.54,91.97,83.761,10.16,3,0,0,0,0,0,2,4,367867.19,0.5129,low,0.3333
CUST018419,818,excellent,91.34,82.22,92.95,61.51,95.89,86.3163,11.75,13,0,0,0,0,0,1,2,185186.98,0.8576,low,0.3333
CUST018420,734,good,56.76,89.66,90.99,36.67,81.86,72.2637,5.34,11,1,3,0,0,0,0,4,86302.3,0.2252,low,0.0
CUST018421,822,excellent,89.62,98.25,91.08,42.31,82.64,86.9981,1.82,15,1,0,0,0,0,0,7,146481.74,0.1652,low,0.0
CUST018422,787,excellent,98.25,93.01,33.52,48.78,90.37,81.2362,2.87,0,0,0,0,0,0,0,2,710318.87,0.1106,low,0.0
CUST018423,749,good,60.37,92.31,96.94,40.73,73.33,74.77,3.58,13,2,1,0,0,0,0,4,32048.61,0.041,low,0.0
CUST018424,783,excellent,95.49,78.91,59.78,44.91,99.13,80.4643,14.62,2,0,0,0,0,0,0,1,1067078.58,0.0912,low,0.0
CUST018425,615,high_risk,12.58,88.31,81.85,49.29,43.49,52.4525,8.74,8,3,8,0,1,1,0,6,113423.02,0.2112,low,0.0
CUST018426,651,risky,16.87,93.89,81.95,69.31,61.75,58.4685,7.3,5,3,3,0,0,0,1,1,188684.84,1.2335,low,0.5
CUST018427,619,high_risk,19.29,91.0,61.23,33.03,66.46,53.1858,3.4,2,2,6,0,0,1,0,1,117846.66,0.2812,low,0.0
CUST018428,836,excellent,95.36,94.65,81.79,59.31,94.06,89.3776,1.35,6,0,0,0,0,0,1,5,8663.58,0.6138,low,0.1667
CUST018429,590,high_risk,16.91,90.12,34.43,48.87,53.96,48.4046,0.69,1,4,6,0,0,1,0,1,69445.23,0.5983,low,0.0
CUST018430,822,excellent,89.87,89.75,93.92,47.69,97.49,86.9847,9.46,17,0,0,0,0,0,0,3,40275.02,0.0419,low,0.0
CUST018431,843,excellent,93.67,96.14,98.69,58.79,82.57,90.5627,7.65,11,1,0,0,0,0,1,7,73709.61,0.6801,low,0.125
CUST018432,809,excellent,89.24,81.09,84.08,67.3,99.66,84.8683,12.47,7,0,0,0,0,0,1,0,216496.47,0.9558,low,0.5
CUST018433,688,risky,73.41,52.16,58.48,54.36,91.57,64.7074,58.84,2,1,1,0,0,0,0,2,11388.62,0.101,low,0.0
CUST018434,756,excellent,68.66,76.68,88.11,75.45,82.41,76.0366,11.18,10,1,0,0,0,0,1,4,216627.97,0.9127,low,0.2
CUST018435,838,excellent,98.56,91.74,88.66,46.06,97.78,89.7006,2.16,13,0,0,0,0,0,0,4,232563.7,0.0876,low,0.0
CUST018436,736,good,67.17,93.5,57.17,41.17,84.42,72.6931,0.9,2,1,1,0,0,0,0,3,238162.94,0.0562,low,0.0
CUST018437,843,excellent,79.78,99.97,92.5,92.76,94.2,90.4843,0.12,12,0,1,0,0,0,3,2,55089.13,0.4753,low,0.6
CUST018438,833,excellent,87.02,99.15,66.19,93.0,94.34,88.8657,8.73,7,0,0,0,0,0,2,7,147280.67,0.3744,low,0.2222
CUST018439,805,excellent,91.65,75.96,87.1,75.51,87.35,84.2187,11.04,10,1,0,0,0,0,1,6,97175.61,0.6692,low,0.1429
CUST018440,837,excellent,86.09,94.78,92.08,78.88,92.19,89.482,8.04,12,0,0,0,0,0,1,7,232013.49,0.4426,low,0.125
CUST018441,630,high_risk,15.54,98.02,76.7,75.95,20.84,55.0277,8.19,8,5,6,0,0,0,1,2,37617.19,1.8484,moderate,0.3333
CUST018442,811,excellent,88.68,90.03,70.33,73.28,92.0,85.1248,7.11,5,0,0,0,0,0,1,2,89455.52,0.3729,low,0.3333
CUST018443,838,excellent,99.47,93.48,74.29,62.18,94.15,89.6368,5.18,8,0,0,0,0,0,1,0,80203.8,0.6287,low,0.5
CUST018444,798,excellent,94.98,77.9,86.58,67.03,66.86,82.9899,13.06,19,2,0,0,0,0,1,6,399597.17,0.5294,low,0.1429
CUST018445,759,excellent,92.95,87.82,34.06,38.28,86.19,76.4345,13.6,0,1,0,0,0,0,0,4,125702.65,0.1273,low,0.0
CUST018446,805,excellent,88.32,90.91,90.1,32.76,92.25,84.201,0.43,11,0,0,0,0,0,0,5,281076.1,0.1247,low,0.0
CUST018447,802,excellent,95.59,86.01,71.19,38.29,99.55,83.7221,10.95,5,0,0,0,0,0,0,6,124235.98,0.1358,low,0.0
CUST018448,820,excellent,98.54,96.66,51.67,71.95,82.03,86.6374,2.99,4,1,0,0,0,0,1,2,73454.63,0.7091,low,0.3333
CUST018449,849,excellent,98.9,90.58,99.3,55.64,91.95,91.4422,9.66,12,0,0,0,0,0,1,5,97648.99,0.6656,low,0.1667
CUST018450,805,excellent,90.69,80.05,93.78,46.08,98.12,84.2432,14.21,16,0,0,0,0,0,0,1,63282.79,0.1186,low,0.0
CUST018451,713,good,58.3,78.92,82.75,38.79,85.23,68.8957,11.33,8,1,3,0,0,0,0,4,23062.8,0.1984,low,0.0
CUST018452,784,excellent,73.76,95.72,88.65,37.12,91.27,80.6656,6.9,17,0,0,0,0,0,0,5,177607.08,0.0338,low,0.0
CUST018453,802,excellent,91.4,88.73,82.88,37.4,89.15,83.6969,4.7,7,1,0,0,0,0,0,3,129652.73,0.0592,low,0.0
CUST018454,707,good,55.43,99.19,71.13,34.5,45.29,67.8065,1.53,6,4,3,0,0,0,0,4,142459.56,0.043,low,0.0
CUST018455,767,excellent,94.87,71.97,68.7,45.8,81.03,77.7845,35.87,6,1,0,0,0,0,0,6,17502.27,0.0282,low,0.0
CUST018456,708,good,57.61,88.73,79.24,49.94,42.65,67.9303,13.53,9,3,1,0,0,0,0,4,61261.93,0.1408,low,0.0
CUST018457,802,excellent,95.92,89.41,65.88,38.27,96.35,83.7397,6.38,6,0,0,0,0,0,0,2,229914.95,0.1549,low,0.0
CUST018458,769,excellent,77.26,95.53,56.75,43.39,96.05,78.1537,9.88,2,0,1,0,0,0,0,1,102192.3,0.105,low,0.0
CUST018459,784,excellent,93.91,89.99,46.3,47.13,91.67,80.692,14.71,1,0,0,0,0,0,0,4,41195.1,0.0399,low,0.0
CUST018460,798,excellent,92.23,73.58,86.14,57.46,99.06,82.9271,38.77,10,0,0,0,0,0,0,3,495692.79,0.0823,low,0.0
CUST018461,825,excellent,98.23,85.08,94.91,48.12,86.1,87.5609,11.74,15,1,0,0,0,0,0,6,73967.77,0.0402,low,0.0
CUST018462,779,excellent,85.74,76.53,90.46,36.14,97.47,79.8961,13.5,20,0,0,0,0,0,0,7,101167.05,0.0639,low,0.0
CUST018463,813,excellent,86.31,92.01,91.43,47.63,91.39,85.4265,8.2,20,0,0,0,0,0,0,2,107830.67,0.1061,low,0.0
CUST018464,808,excellent,86.82,88.43,99.62,36.66,90.74,84.6004,6.49,19,0,0,0,0,0,0,5,153888.11,0.1023,low,0.0
CUST018465,734,good,51.79,88.68,89.4,69.68,72.83,72.3904,0.72,10,2,3,0,0,0,1,2,148076.34,0.8092,low,0.3333
CUST018466,848,excellent,97.99,92.15,89.38,72.44,87.49,91.3384,6.59,17,1,0,0,0,0,1,1,1393818.29,0.7786,low,0.5
CUST018467,829,excellent,93.71,93.22,95.05,41.75,90.12,88.2079,6.35,10,0,0,0,0,0,0,5,117916.93,0.0444,low,0.0
CUST018468,840,excellent,86.18,92.93,99.86,76.33,93.5,90.0046,6.29,15,0,0,0,0,0,1,1,93481.68,0.6442,low,0.5
CUST018469,814,excellent,93.95,92.92,98.63,46.22,54.09,85.5838,9.5,20,3,0,0,0,0,0,7,121251.46,0.0196,low,0.0
CUST018470,797,excellent,97.25,94.98,48.57,49.69,80.34,82.8176,3.83,3,1,0,0,0,0,0,2,23275.64,0.1365,low,0.0
CUST018471,625,high_risk,13.46,96.17,72.72,77.76,28.79,54.1238,6.89,9,5,3,1,0,0,1,1,259880.97,2.074,moderate,0.5
CUST018472,631,high_risk,15.03,94.33,65.71,75.34,52.5,55.1992,4.82,9,3,5,1,0,0,1,3,86815.16,1.8071,moderate,0.25
CUST018473,601,high_risk,11.94,86.18,78.22,37.05,47.74,50.2442,13.96,5,4,8,0,1,1,0,7,18522.02,0.4735,low,0.0
CUST018474,807,excellent,86.55,80.88,83.37,89.34,85.37,84.5322,13.75,8,1,0,0,0,0,2,3,45086.25,0.9713,low,0.4
CUST018475,697,risky,58.18,94.69,46.23,41.46,62.8,66.1303,3.79,3,3,3,0,0,0,0,3,197726.55,0.2201,low,0.0
CUST018476,827,excellent,94.93,92.88,95.37,36.88,87.6,87.8426,9.52,13,1,0,0,0,0,0,5,32866.94,0.0973,low,0.0
CUST018477,671,risky,48.91,89.17,53.09,45.13,54.91,61.8359,0.35,2,3,1,0,0,0,0,0,647492.94,0.1763,low,0.0
CUST018478,822,excellent,90.22,93.31,86.18,48.48,96.92,87.0368,7.97,12,0,0,0,0,0,0,0,180317.75,0.0777,low,0.0
CUST018479,662,risky,40.64,92.87,51.89,67.25,47.62,60.3572,2.45,4,3,4,0,0,0,1,0,142927.78,1.0286,low,0.5
CUST018480,805,excellent,96.39,89.07,70.36,37.45,94.33,84.1883,3.89,9,0,0,0,0,0,0,5,72676.57,0.0133,low,0.0
CUST018481,831,excellent,89.33,90.41,80.58,89.55,90.8,88.509,6.18,7,0,0,0,0,0,2,1,82662.65,0.604,low,0.6667
CUST018482,746,good,63.48,92.02,87.04,46.18,68.6,74.3582,9.0,15,2,3,0,0,0,0,5,35687.57,0.0784,low,0.0
CUST018483,827,excellent,93.17,98.85,98.04,36.46,72.84,87.8989,1.45,16,2,0,0,0,0,0,0,218402.37,0.1195,low,0.0
CUST018484,807,excellent,78.61,99.36,90.36,37.47,98.16,84.4363,5.16,12,0,1,0,0,0,0,6,98782.01,0.1525,low,0.0
CUST018485,737,good,69.0,91.86,73.01,33.59,68.48,72.8673,5.18,6,2,1,0,0,0,0,3,242131.72,0.1423,low,0.0
CUST018486,717,good,58.95,93.91,47.91,65.93,78.98,69.4827,3.34,3,2,3,0,0,0,1,6,59469.94,1.3223,low,0.1429
CUST018487,577,high_risk,16.37,91.81,15.81,31.28,74.01,46.1734,8.32,0,2,5,1,0,1,0,7,113915.42,0.48,low,0.0
CUST018488,718,good,99.75,30.63,76.57,49.96,91.05,69.6899,57.34,7,0,0,0,0,0,1,2,32158.27,0.5198,low,0.3333
CUST018489,798,excellent,88.06,92.94,51.63,66.37,98.91,82.9741,4.41,3,0,0,0,0,0,1,0,128037.56,0.6938,low,0.5
CUST018490,826,excellent,95.58,94.42,60.58,78.64,90.18,87.7498,4.68,3,1,0,0,0,0,1,7,328312.03,0.4828,low,0.125
CUST018491,768,excellent,89.34,97.95,29.12,36.52,93.1,77.9837,1.67,0,0,0,0,0,0,0,0,30404.87,0.0193,low,0.0
CUST018492,796,excellent,92.45,79.84,96.47,38.61,80.28,82.6682,14.26,10,1,0,0,0,0,0,6,18031.16,0.0345,low,0.0
CUST018493,636,high_risk,14.88,94.44,91.12,49.62,38.74,56.0444,8.42,18,6,7,0,0,1,0,2,287440.59,0.6481,low,0.0
CUST018494,786,excellent,85.8,81.47,88.3,49.19,83.88,81.0215,10.94,13,1,0,0,0,0,0,5,138584.7,0.102,low,0.0
CUST018495,844,excellent,94.81,98.8,92.93,50.32,87.94,90.5909,1.35,16,1,0,0,0,0,1,3,83305.02,0.8351,low,0.25
CUST018496,754,excellent,94.22,92.57,16.5,32.45,91.56,75.6231,9.75,0,1,0,0,0,0,0,0,88332.43,0.0591,low,0.0
CUST018497,679,risky,48.78,87.73,60.0,46.09,61.0,63.1004,14.1,2,3,4,0,0,0,0,6,97338.78,0.0362,low,0.0
CUST018498,746,good,87.76,72.9,32.65,81.0,87.28,74.312,30.66,1,1,0,0,0,0,2,1,43020.54,0.749,low,0.6667
CUST018499,867,excellent,95.51,97.02,99.96,75.79,94.52,94.559,1.31,10,0,0,0,0,0,1,2,63350.64,0.8013,low,0.3333
CUST018500,818,excellent,99.24,95.47,70.03,43.87,80.02,86.2688,8.37,6,1,0,0,0,0,0,7,32583.17,0.0591,low,0.0
CUST018501,769,excellent,91.62,89.93,33.53,42.57,98.59,78.1919,4.14,1,0,0,0,0,0,0,5,44920.98,0.115,low,0.0
CUST018502,793,excellent,88.26,81.88,90.63,56.81,74.19,82.1487,10.16,19,2,0,0,0,0,1,0,110131.89,0.6863,low,0.5
CUST018503,754,excellent,94.63,88.45,21.1,38.42,90.86,75.7497,12.03,0,0,0,0,0,0,0,3,52348.22,0.0701,low,0.0
CUST018504,833,excellent,98.51,80.88,93.15,78.22,83.77,88.9132,12.32,11,1,0,0,0,0,1,5,151976.04,0.4696,low,0.1667
CUST018505,805,excellent,87.81,93.62,66.97,71.27,81.17,84.1096,7.07,7,1,0,0,0,0,1,1,444668.1,0.364,low,0.5
CUST018506,820,excellent,95.52,98.87,57.21,59.39,90.33,86.6456,3.63,3,0,0,0,0,0,1,7,28390.13,0.7454,low,0.125
CUST018507,793,excellent,69.5,91.97,91.76,74.7,90.93,82.2415,2.61,11,1,0,0,0,0,1,3,57102.1,0.7495,low,0.25
CUST018508,832,excellent,96.65,98.19,89.82,37.24,82.08,88.6873,7.92,15,1,0,0,0,0,0,1,78862.52,0.1645,low,0.0
CUST018509,794,excellent,90.65,97.8,50.21,38.46,98.24,82.2703,6.73,2,0,0,0,0,0,0,1,136108.73,0.0504,low,0.0
CUST018510,762,excellent,87.28,94.99,25.56,44.52,96.52,76.9816,4.82,0,0,0,0,0,0,0,5,36299.57,0.1581,low,0.0
CUST018511,812,excellent,97.69,83.03,79.97,46.69,95.33,85.3003,14.13,9,0,0,0,0,0,1,0,202359.02,0.3868,low,0.5
CUST018512,825,excellent,99.79,89.44,85.28,32.2,97.65,87.5345,0.42,19,0,0,0,0,0,0,6,32048.61,0.057,low,0.0
CUST018513,782,excellent,78.67,82.09,95.76,39.11,98.46,80.2823,11.78,11,0,0,0,0,0,0,7,485143.41,0.0558,low,0.0
CUST018514,804,excellent,88.53,91.6,86.44,33.23,92.02,83.9543,0.76,16,0,0,0,0,0,0,3,36822.52,0.0778,low,0.0
CUST018515,763,excellent,98.69,91.4,22.96,34.72,82.76,77.1516,6.63,0,1,0,0,0,0,0,5,16695.18,0.1552,low,0.0
CUST018516,787,excellent,86.27,93.09,69.08,35.76,90.53,81.1104,9.19,9,0,0,0,0,0,0,5,347037.74,0.1257,low,0.0
CUST018517,796,excellent,86.39,90.88,84.27,33.12,92.62,82.7161,8.2,8,0,0,0,0,0,0,2,47974.9,0.0006,low,0.0
CUST018518,823,excellent,90.91,82.1,87.83,78.38,97.83,87.243,14.67,16,0,0,0,0,0,1,3,50808.16,0.8646,low,0.25
CUST018519,843,excellent,98.87,89.0,95.53,48.34,99.76,90.4443,4.42,12,0,0,0,0,0,0,2,33007.75,0.0377,low,0.0
CUST018520,747,good,60.91,98.1,67.06,75.33,71.85,74.5271,1.86,7,2,1,0,0,0,1,5,393383.49,1.1803,low,0.1667
CUST018521,758,excellent,72.33,98.71,59.67,34.54,89.88,76.3203,9.99,4,1,1,0,0,0,0,2,271750.72,0.1175,low,0.0
CUST018522,696,risky,51.08,92.72,72.0,42.71,53.04,66.0701,9.38,8,4,1,0,0,0,0,2,36016.08,0.2358,low,0.0
CUST018523,746,good,54.4,96.43,90.6,62.39,66.0,74.3989,5.49,14,2,4,0,0,0,1,3,29395.45,0.7393,low,0.25
CUST018524,844,excellent,97.25,90.16,91.19,67.18,91.11,90.5944,0.48,11,0,0,0,0,0,1,7,22677.18,0.5481,low,0.125
CUST018525,786,excellent,86.19,96.54,47.35,60.64,87.67,81.0636,6.64,2,1,0,0,0,0,1,0,102157.37,0.845,low,0.5
CUST018526,820,excellent,90.5,95.22,89.38,48.24,81.62,86.6333,4.62,18,1,0,0,0,0,0,1,293068.6,0.0203,low,0.0
CUST018527,771,excellent,89.07,93.62,46.4,32.73,90.0,78.4921,0.78,1,1,0,0,0,0,0,5,64028.22,0.0356,low,0.0
CUST018528,617,high_risk,41.43,75.42,49.24,38.09,45.35,52.8547,10.25,3,3,3,0,0,0,0,1,24549.45,0.1572,low,0.0
CUST018529,758,excellent,55.67,98.58,85.29,68.72,86.75,76.401,0.71,12,1,2,0,0,0,1,4,49060.68,1.0688,low,0.2
CUST018530,828,excellent,94.06,93.56,95.93,38.85,87.33,87.9955,6.32,20,1,0,0,0,0,0,4,96912.92,0.0844,low,0.0
CUST018531,754,excellent,95.57,88.13,22.95,37.11,86.08,75.6505,7.39,0,1,0,0,0,0,0,1,90058.92,0.0023,low,0.0
CUST018532,799,excellent,86.01,87.91,94.7,36.34,87.91,83.1051,10.22,11,1,0,0,0,0,0,3,349141.22,0.0511,low,0.0
CUST018533,822,excellent,86.54,99.93,96.96,48.87,72.48,86.944,7.0,12,2,0,0,0,0,0,1,84216.64,0.0014,low,0.0
CUST018534,804,excellent,95.88,99.72,48.88,36.07,95.31,83.9408,5.77,1,0,0,0,0,0,0,6,120660.6,0.1632,low,0.0
CUST018535,810,excellent,87.62,95.46,76.91,47.89,93.96,85.0233,5.44,8,0,0,0,0,0,0,3,49184.94,0.0617,low,0.0
CUST018536,812,excellent,93.92,92.34,82.97,38.23,85.47,85.3912,0.31,7,1,0,0,0,0,0,1,95880.83,0.1129,low,0.0
CUST018537,758,excellent,98.14,79.9,31.4,46.39,87.16,76.3828,14.79,0,1,0,0,0,0,0,6,412725.25,0.04,low,0.0
CUST018538,798,excellent,86.1,89.17,92.3,41.72,81.15,83.0171,3.79,15,1,0,0,0,0,0,2,203584.14,0.0912,low,0.0
CUST018539,748,good,61.23,91.56,75.79,49.46,95.29,74.7428,4.62,7,0,3,0,0,0,0,3,59177.02,0.0767,low,0.0
CUST018540,811,excellent,87.1,96.27,84.1,33.13,98.82,85.1767,3.87,8,0,0,0,0,0,0,1,371434.62,0.0626,low,0.0
CUST018541,778,excellent,96.37,62.83,75.27,62.84,95.86,79.7393,34.44,5,0,0,0,0,0,1,5,111947.88,0.9767,low,0.1667
CUST018542,774,excellent,85.47,99.32,47.08,46.37,75.39,78.9504,6.79,4,2,0,0,0,0,0,0,131051.57,0.0175,low,0.0
CUST018543,756,excellent,78.07,90.7,33.07,82.55,83.23,76.0707,1.35,0,1,0,0,0,0,2,3,19730.81,0.8773,low,0.4
CUST018544,773,excellent,98.18,94.72,30.72,44.72,69.55,78.8141,2.97,0,2,0,0,0,0,0,6,102866.8,0.0045,low,0.0
CUST018545,851,excellent,97.14,95.46,83.86,67.86,98.05,91.807,1.97,6,0,0,0,0,0,1,2,163967.1,0.7286,low,0.3333
CUST018546,745,good,86.26,79.65,42.51,45.88,90.91,74.1391,14.17,1,0,0,0,0,0,0,6,64146.34,0.0441,low,0.0
CUST018547,726,good,64.29,75.92,75.58,45.45,98.64,71.0224,12.5,8,0,3,0,0,0,0,0,57975.31,0.1607,low,0.0
CUST018548,811,excellent,98.94,89.44,57.04,55.01,97.09,85.2292,9.15,3,0,0,0,0,0,1,6,124667.39,0.5117,low,0.1429
CUST018549,813,excellent,92.04,85.27,68.8,74.39,99.72,85.5292,23.21,5,0,0,0,0,0,1,0,42637.3,0.6956,low,0.5
CUST018550,689,risky,27.32,99.24,79.3,44.21,91.65,64.8148,2.36,9,1,2,0,0,0,0,1,69660.84,0.0555,low,0.0
CUST018551,793,excellent,95.48,90.45,54.51,34.49,99.74,82.1531,8.07,4,0,0,0,0,0,0,6,71573.38,0.0283,low,0.0
CUST018552,810,excellent,96.13,77.06,96.9,47.16,90.15,85.0292,11.04,15,0,0,0,0,0,0,3,36007.43,0.0689,low,0.0
CUST018553,742,good,88.21,75.7,39.61,41.66,99.47,73.6363,11.23,1,0,0,0,0,0,0,7,27010.15,0.1451,low,0.0
CUST018554,803,excellent,93.94,84.74,76.89,42.31,96.95,83.7599,12.78,9,0,0,0,0,0,0,2,9576.84,0.091,low,0.0
CUST018555,826,excellent,85.71,93.23,87.41,66.31,99.66,87.6767,5.6,13,0,0,0,0,0,1,6,81167.25,0.5266,low,0.1429
CUST018556,816,excellent,94.85,76.19,97.74,60.55,91.68,85.9395,28.98,13,0,0,0,0,0,1,3,342227.61,0.968,low,0.25
CUST018557,798,excellent,90.85,94.03,73.91,31.9,87.11,82.9945,4.96,6,1,0,0,0,0,0,0,62012.27,0.0007,low,0.0
CUST018558,646,high_risk,11.53,98.38,93.91,71.47,38.42,57.6267,7.49,14,5,6,1,0,0,1,1,134049.55,1.5277,moderate,0.5
CUST018559,754,excellent,58.3,89.78,99.26,72.1,71.73,75.6123,7.63,13,2,3,0,0,0,1,2,85413.99,1.345,low,0.3333
CUST018560,639,high_risk,26.42,91.16,77.91,62.86,28.78,56.4474,4.63,6,6,5,0,0,0,1,6,141071.61,1.6806,moderate,0.1429
CUST018561,825,excellent,90.49,90.68,99.04,43.39,95.1,87.5801,6.88,13,0,0,0,0,0,0,3,100972.22,0.1654,low,0.0
CUST018562,795,excellent,87.28,96.05,64.2,35.06,99.42,82.4414,0.47,2,0,0,0,0,0,0,6,18870.07,0.0097,low,0.0
CUST018563,738,good,88.93,84.26,27.93,41.88,82.78,73.0566,14.22,0,1,0,0,0,0,0,5,91627.61,0.0153,low,0.0
CUST018564,711,good,39.8,92.52,96.33,40.73,83.05,68.5151,8.31,10,1,3,0,0,0,0,6,140116.08,0.0031,low,0.0
CUST018565,715,good,46.25,96.84,75.15,49.87,76.75,69.1723,1.37,7,2,1,0,0,0,0,1,768960.21,0.2446,low,0.0
CUST018566,811,excellent,87.74,89.96,91.61,49.01,88.33,85.1725,9.81,10,1,0,0,0,0,1,6,202423.49,0.9483,low,0.1429
CUST018567,834,excellent,92.35,99.11,93.85,41.85,86.28,88.9444,7.1,15,1,0,0,0,0,0,2,179371.77,0.0423,low,0.0
CUST018568,806,excellent,86.23,84.85,95.16,46.17,98.48,84.3757,13.8,19,0,0,0,0,0,0,4,107863.93,0.0794,low,0.0
CUST018569,766,excellent,90.46,76.29,56.09,49.59,97.3,77.6524,27.15,3,0,0,0,0,0,1,5,72252.09,0.9878,low,0.1667
CUST018570,810,excellent,89.57,88.77,70.14,74.43,90.17,84.9623,9.91,6,0,0,0,0,0,1,2,152013.53,0.7517,low,0.3333
CUST018571,762,excellent,63.85,99.61,95.17,45.44,59.9,77.0393,9.61,19,3,1,0,0,0,0,4,106822.68,0.055,low,0.0
CUST018572,716,good,86.96,41.17,81.74,53.27,90.03,69.3791,51.64,5,1,0,0,0,0,1,7,34468.95,0.8904,low,0.125
CUST018573,630,high_risk,14.19,97.52,96.03,40.45,22.55,54.9276,1.32,14,5,8,0,0,1,0,7,267201.11,0.2832,low,0.0
CUST018574,781,excellent,94.73,96.34,31.56,38.52,95.06,80.1483,7.61,1,0,0,0,0,0,0,7,105119.19,0.1403,low,0.0
CUST018575,787,excellent,97.5,88.99,47.65,43.56,87.97,81.1244,9.95,1,1,0,0,0,0,0,1,13046.75,0.0473,low,0.0
CUST018576,807,excellent,99.79,96.21,54.91,46.92,78.49,84.5679,9.74,3,2,0,0,0,0,0,6,150452.04,0.0079,low,0.0
CUST018577,757,excellent,68.11,84.77,85.85,44.74,95.23,76.1444,14.53,20,0,1,0,0,0,0,2,81840.66,0.0294,low,0.0
CUST018578,640,high_risk,8.07,95.63,89.22,66.67,61.44,56.7073,2.78,18,3,3,1,0,0,1,0,1111549.63,1.7662,moderate,0.5
CUST018579,739,good,88.31,90.03,21.38,46.5,74.61,73.2341,7.16,0,2,0,0,0,0,0,0,47180.92,0.0127,low,0.0
CUST018580,777,excellent,90.48,90.66,53.77,44.88,80.21,79.4412,0.96,4,1,0,0,0,0,0,0,90808.37,0.0633,low,0.0
CUST018581,757,excellent,99.12,89.01,22.93,36.04,76.75,76.115,7.17,0,2,0,0,0,0,0,1,52200.87,0.1152,low,0.0
CUST018582,747,good,94.24,73.29,45.66,45.74,81.43,74.5391,43.5,4,1,0,0,0,0,0,0,237372.25,0.0546,low,0.0
CUST018583,745,good,85.24,92.62,39.28,31.37,74.98,74.1448,5.47,1,2,0,0,0,0,0,7,157651.13,0.1596,low,0.0
CUST018584,799,excellent,86.38,81.35,99.52,47.73,87.66,83.1031,11.19,10,1,0,0,0,0,0,3,139858.54,0.0336,low,0.0
CUST018585,852,excellent,99.63,89.86,98.32,79.61,73.81,91.9171,1.53,10,2,0,0,0,0,1,1,69818.16,0.8856,low,0.5
CUST018586,835,excellent,86.07,92.06,85.45,93.86,92.16,89.1628,5.71,12,0,0,0,0,0,2,2,60946.01,0.6648,low,0.5
CUST018587,833,excellent,93.02,96.5,95.27,48.1,81.6,88.7669,2.67,15,1,0,0,0,0,0,6,108730.4,0.1438,low,0.0
CUST018588,627,high_risk,10.32,93.63,97.52,40.72,40.56,54.458,7.57,19,4,1,0,1,1,0,6,220758.24,0.2991,low,0.0
CUST018589,731,good,44.8,99.33,81.92,69.14,81.58,71.839,9.93,6,1,2,0,0,0,1,4,272197.43,1.1843,low,0.2
CUST018590,765,excellent,94.47,97.59,10.95,49.59,85.02,77.4446,1.08,0,1,0,0,0,0,0,1,41883.15,0.1167,low,0.0
CUST018591,769,excellent,97.55,78.28,47.35,49.13,85.21,78.1645,12.28,2,1,0,0,0,0,0,4,58041.07,0.0221,low,0.0
CUST018592,855,excellent,98.47,99.91,97.83,45.88,88.01,92.5002,1.18,11,1,0,0,0,0,1,0,116066.5,0.3818,low,0.5
CUST018593,818,excellent,88.82,96.65,66.83,68.39,94.42,86.3866,6.73,9,0,0,0,0,0,1,0,369795.69,0.3556,low,0.5
CUST018594,817,excellent,93.37,85.89,93.78,49.5,87.18,86.1837,10.07,13,1,0,0,0,0,1,1,8827.88,0.5485,low,0.5
CUST018595,778,excellent,96.7,80.83,52.06,44.36,93.13,79.6526,11.65,3,0,0,0,0,0,0,3,48833.19,0.0508,low,0.0
CUST018596,678,risky,30.2,89.67,84.53,36.61,91.78,62.9887,11.82,5,0,2,0,0,0,0,2,170018.67,0.0002,low,0.0
CUST018597,723,good,85.66,81.36,34.39,42.66,66.88,70.5028,12.96,1,2,0,0,0,0,0,4,183039.58,0.1168,low,0.0
CUST018598,730,good,49.57,99.07,89.49,37.1,75.12,71.7153,1.57,15,2,2,0,0,0,0,5,17387.71,0.1002,low,0.0
CUST018599,755,excellent,91.0,75.74,51.26,40.23,94.91,75.7757,11.14,2,0,0,0,0,0,0,0,133526.69,0.022,low,0.0
CUST018600,828,excellent,96.44,91.84,69.6,67.2,95.6,88.0254,1.95,8,0,0,0,0,0,1,7,108689.26,0.7831,low,0.125
CUST018601,786,excellent,67.01,92.11,96.34,74.82,80.47,81.0647,8.04,12,1,1,0,0,0,1,5,82581.54,0.4426,low,0.1667
CUST018602,641,high_risk,32.08,81.78,67.6,46.45,62.22,56.7708,10.25,6,4,3,0,0,0,0,3,76503.84,0.0542,low,0.0
CUST018603,842,excellent,98.99,92.23,93.1,48.89,91.92,90.3589,0.29,20,1,0,0,0,0,0,4,93130.77,0.0051,low,0.0
CUST018604,628,high_risk,23.12,97.91,45.43,63.92,50.1,54.683,0.66,2,4,8,0,0,0,1,2,23881.87,2.0121,moderate,0.3333
CUST018605,771,excellent,65.68,90.38,88.83,60.86,90.42,78.5558,9.49,20,0,1,0,0,0,1,1,96213.22,0.6897,low,0.5
CUST018606,752,excellent,89.84,89.36,17.88,49.23,94.21,75.2751,6.13,0,0,0,0,0,0,0,1,48944.36,0.0296,low,0.0
CUST018607,767,excellent,85.56,99.6,26.42,47.88,92.42,77.8178,4.43,0,0,0,0,0,0,0,5,203995.21,0.0598,low,0.0
CUST018608,671,risky,48.35,97.06,19.5,44.71,84.32,61.8696,3.09,0,1,4,0,0,0,0,4,142935.1,0.1864,low,0.0
CUST018609,798,excellent,78.36,94.54,86.32,44.91,98.41,83.0686,1.81,12,0,0,0,0,0,0,4,11910.23,0.1151,low,0.0
CUST018610,696,risky,58.07,89.67,88.14,33.16,22.93,66.056,6.49,18,5,4,0,0,0,0,0,211688.85,0.0294,low,0.0
CUST018611,802,excellent,96.51,76.06,94.8,32.19,97.09,83.7453,14.84,20,0,0,0,0,0,0,6,331526.39,0.0815,low,0.0
CUST018612,599,high_risk,2.96,92.84,74.51,45.07,52.71,49.8437,5.23,7,4,6,1,1,1,0,5,541805.0,0.628,low,0.0
CUST018613,811,excellent,85.27,93.87,67.26,71.04,98.96,85.0956,0.75,7,0,0,0,0,0,1,4,65978.94,0.4103,low,0.2
CUST018614,822,excellent,94.22,86.64,88.37,48.57,99.26,87.0083,13.07,19,0,0,0,0,0,0,6,73344.07,0.1235,low,0.0
CUST018615,703,good,58.64,75.59,81.91,33.12,82.89,67.0862,14.6,8,1,2,0,0,0,0,4,194963.69,0.0437,low,0.0
CUST018616,780,excellent,90.05,79.81,68.57,61.18,82.04,80.0662,11.25,8,1,0,0,0,0,1,5,26664.56,0.9792,low,0.1667
CUST018617,806,excellent,88.51,92.36,78.47,41.51,97.89,84.3963,6.83,7,0,0,0,0,0,0,5,145147.82,0.1137,low,0.0
CUST018618,800,excellent,99.19,77.16,94.97,42.34,69.33,83.2781,10.93,15,2,0,0,0,0,0,7,1507059.25,0.0681,low,0.0
CUST018619,818,excellent,96.98,98.72,58.42,48.94,91.22,86.3372,7.47,2,0,0,0,0,0,0,0,239190.45,0.0334,low,0.0
CUST018620,793,excellent,89.45,86.85,83.3,38.25,84.96,82.1802,10.03,8,1,0,0,0,0,0,6,135218.2,0.0397,low,0.0
CUST018621,773,excellent,86.56,78.47,64.68,64.05,89.62,78.9083,12.31,4,1,0,0,0,0,1,7,42916.57,0.9401,low,0.125
CUST018622,824,excellent,86.07,88.26,84.64,85.76,93.84,87.2581,4.45,5,0,0,0,0,0,2,5,129063.69,0.47,low,0.2857
CUST018623,764,excellent,91.42,83.51,47.18,36.59,95.59,77.3462,13.1,2,0,0,0,0,0,0,6,77338.97,0.0009,low,0.0
CUST018624,779,excellent,86.39,86.39,50.75,68.74,92.77,79.9164,14.2,3,0,0,0,0,0,1,5,233138.61,0.8679,low,0.1667
CUST018625,801,excellent,96.15,84.39,74.32,37.54,96.94,83.5643,13.0,9,0,0,0,0,0,0,0,220290.9,0.0585,low,0.0
CUST018626,693,risky,44.47,95.6,87.45,37.83,43.57,65.5027,6.85,10,3,3,0,0,0,0,5,97561.77,0.2336,low,0.0
CUST018627,763,excellent,90.82,87.11,49.53,30.5,88.25,77.2256,11.49,2,1,0,0,0,0,0,7,93781.8,0.0852,low,0.0
CUST018628,794,excellent,86.99,90.98,67.28,48.67,96.36,82.3349,6.63,8,0,0,0,0,0,1,5,1361835.08,0.6995,low,0.1667
CUST018629,642,high_risk,15.16,95.2,86.52,71.85,39.02,56.9295,9.66,13,5,4,0,0,0,1,5,30968.91,2.1685,moderate,0.1667
CUST018630,803,excellent,93.91,85.28,85.82,34.02,90.68,83.7974,13.55,12,0,0,0,0,0,0,2,91666.84,0.0448,low,0.0
CUST018631,810,excellent,86.81,96.41,84.65,40.85,88.58,84.9452,3.14,5,1,0,0,0,0,0,5,63393.49,0.0793,low,0.0
CUST018632,840,excellent,93.44,90.77,95.2,65.51,92.88,90.0557,9.98,12,0,0,0,0,0,1,1,139106.49,0.3968,low,0.5
CUST018633,825,excellent,94.35,89.01,61.87,92.88,91.62,87.4541,4.65,3,1,0,0,0,0,2,5,37182.05,0.3551,low,0.2857
CUST018634,797,excellent,94.57,89.57,48.36,64.06,91.31,82.7638,9.82,2,0,0,0,0,0,1,2,109061.94,0.9549,low,0.3333
CUST018635,788,excellent,87.47,86.57,70.47,49.67,91.92,81.314,11.02,7,0,0,0,0,0,1,1,103848.16,0.6609,low,0.5
CUST018636,784,excellent,93.05,91.0,46.11,48.55,90.43,80.684,2.27,2,0,0,0,0,0,1,5,45048.7,0.9207,low,0.1667
CUST018637,799,excellent,85.17,92.98,99.07,34.13,71.44,83.1216,6.69,20,2,0,0,0,0,0,2,107233.99,0.1068,low,0.0
CUST018638,715,good,85.13,82.14,15.96,31.37,91.8,69.1484,13.66,0,1,0,0,0,0,0,5,116552.71,0.0819,low,0.0
CUST018639,654,risky,48.71,79.54,65.21,32.76,50.31,58.9981,14.51,5,3,3,0,0,0,0,7,68981.03,0.2185,low,0.0
CUST018640,721,good,42.7,95.62,86.4,64.53,81.17,70.1623,3.92,10,1,1,0,0,0,1,3,133841.0,1.4989,low,0.25
CUST018641,786,excellent,89.6,76.01,99.69,36.18,81.89,80.9231,14.79,19,1,0,0,0,0,0,1,16432.26,0.1107,low,0.0
CUST018642,814,excellent,94.37,89.48,94.37,30.93,84.85,85.6061,10.48,18,1,0,0,0,0,0,4,31943.46,0.1576,low,0.0
CUST018643,695,risky,59.9,75.09,45.62,69.1,85.17,65.7604,11.47,4,1,4,0,0,0,1,0,220971.29,0.9844,low,0.5
CUST018644,828,excellent,89.95,98.7,91.89,38.26,93.4,88.0421,3.3,15,0,0,0,0,0,0,5,46581.8,0.0766,low,0.0
CUST018645,732,good,99.15,81.58,20.87,32.91,64.05,72.0039,13.52,0,3,0,0,0,0,0,2,40600.95,0.1023,low,0.0
CUST018646,848,excellent,99.38,86.15,92.4,78.25,90.02,91.3155,14.19,12,1,0,0,0,0,1,6,170681.06,0.5524,low,0.1429
CUST018647,758,excellent,66.85,99.89,79.66,42.82,67.93,76.388,3.44,6,2,0,0,0,0,0,4,60034.64,0.0287,low,0.0
CUST018648,779,excellent,95.85,89.75,26.75,61.19,92.3,79.8339,5.25,0,0,0,0,0,0,2,2,555859.49,0.694,low,0.5
CUST018649,791,excellent,89.13,85.64,78.4,62.8,69.23,81.8521,12.81,6,2,0,0,0,0,1,1,173745.03,0.7081,low,0.5
CUST018650,727,good,55.22,88.85,93.42,50.0,61.4,71.1337,2.75,10,3,3,0,0,0,0,1,13563.77,0.0685,low,0.0
CUST018651,672,risky,44.79,89.73,49.94,45.21,74.42,62.0515,7.24,4,2,1,0,0,0,0,5,73203.82,0.2438,low,0.0
CUST018652,861,excellent,96.33,93.63,98.01,78.06,92.43,93.5542,8.58,14,0,0,0,0,0,1,0,110460.76,0.6523,low,0.5
CUST018653,761,excellent,92.29,89.58,29.17,33.14,99.12,76.7784,13.85,0,0,0,0,0,0,0,4,53327.53,0.0824,low,0.0
CUST018654,820,excellent,87.54,96.56,83.09,56.22,90.41,86.7318,3.87,7,0,0,0,0,0,1,2,258724.58,0.7321,low,0.3333
CUST018655,797,excellent,94.39,78.02,56.55,84.73,94.13,82.8113,13.91,2,0,0,0,0,0,2,2,146696.85,0.5143,low,0.5
CUST018656,687,risky,45.46,92.18,72.88,46.88,53.43,64.5277,5.03,9,4,4,0,0,0,0,1,59074.02,0.2236,low,0.0
CUST018657,-1,no_history,89.84,88.94,21.16,39.91,99.07,75.1986,4.58,0,0,0,0,0,0,0,7,66850.17,0.0394,low,0.0
CUST018658,623,high_risk,19.97,89.02,52.43,49.1,72.92,53.7621,6.47,2,2,5,0,0,1,0,3,848019.86,0.4704,low,0.0
CUST018659,795,excellent,93.66,88.82,64.49,48.69,86.03,82.57,10.07,2,1,0,0,0,0,0,4,67499.28,0.0015,low,0.0
CUST018660,762,excellent,78.75,89.83,57.87,47.52,91.33,77.0764,10.39,4,0,1,0,0,0,0,4,417240.33,0.0366,low,0.0
CUST018661,830,excellent,93.69,97.18,93.98,33.34,90.34,88.4103,5.46,11,0,0,0,0,0,0,6,168095.08,0.0801,low,0.0
CUST018662,699,risky,32.72,94.01,89.88,42.29,90.91,66.4558,6.45,13,1,1,0,0,0,0,7,91967.29,0.051,low,0.0
CUST018663,801,excellent,86.28,77.68,88.0,77.28,90.94,83.5223,13.03,13,0,0,0,0,0,1,4,241807.2,0.8365,low,0.2
CUST018664,805,excellent,94.1,93.24,53.87,62.14,89.13,84.1176,3.12,4,1,0,0,0,0,1,2,131841.29,0.345,low,0.3333
CUST018665,839,excellent,92.35,97.61,92.64,49.17,94.96,89.9158,6.51,14,0,0,0,0,0,0,3,36648.11,0.07,low,0.0
CUST018666,715,good,43.26,98.46,90.86,41.74,66.5,69.1312,5.34,20,2,3,0,0,0,0,6,57614.23,0.2301,low,0.0
CUST018667,855,excellent,96.67,98.18,79.1,75.22,99.08,92.582,2.33,6,0,0,0,0,0,1,5,142223.75,0.3522,low,0.1667
CUST018668,727,good,44.01,94.57,95.9,47.15,83.49,71.2234,3.23,10,1,4,0,0,0,0,3,56702.47,0.0186,low,0.0
CUST018669,826,excellent,96.12,93.51,68.0,64.43,93.7,87.7105,5.39,5,0,0,0,0,0,1,4,102432.38,0.99,low,0.2
CUST018670,843,excellent,98.51,95.08,86.99,49.6,94.68,90.48,2.62,18,0,0,0,0,0,0,4,261242.16,0.1414,low,0.0
CUST018671,766,excellent,66.23,94.7,91.37,40.07,83.57,77.6617,0.23,10,1,0,0,0,0,0,0,303589.18,0.0921,low,0.0
CUST018672,792,excellent,90.69,76.06,87.48,61.42,81.45,81.9697,28.73,17,1,0,0,0,0,0,3,7643.37,0.0919,low,0.0
CUST018673,636,high_risk,10.61,95.75,97.05,61.94,37.9,55.9801,5.91,17,6,8,0,0,0,1,2,67864.9,2.0642,moderate,0.3333
CUST018674,762,excellent,90.47,89.96,44.42,30.31,86.19,76.9651,7.06,1,1,0,0,0,0,0,2,339856.48,0.0206,low,0.0
CUST018675,834,excellent,94.75,89.01,95.55,50.12,97.73,88.9815,9.77,14,0,0,0,0,0,0,7,141225.46,0.1613,low,0.0
CUST018676,747,good,93.43,82.68,29.74,30.95,94.54,74.518,12.44,0,0,0,0,0,0,0,1,73911.8,0.0968,low,0.0
CUST018677,624,high_risk,16.87,88.09,80.28,45.61,50.55,53.9884,12.07,6,4,3,0,0,1,0,2,70976.86,0.5909,low,0.0
CUST018678,844,excellent,90.34,98.15,91.11,68.07,91.5,90.6847,2.89,12,0,0,0,0,0,1,6,456993.7,0.4355,low,0.1429
CUST018679,851,excellent,95.91,97.65,99.42,45.79,94.82,91.8376,7.84,17,0,0,0,0,0,0,6,28177.51,0.0919,low,0.0
CUST018680,610,high_risk,17.55,85.31,60.27,78.74,40.63,51.7123,11.82,4,5,8,0,0,0,1,4,219924.95,1.788,moderate,0.2
CUST018681,836,excellent,94.73,96.62,88.43,50.94,88.66,89.3676,1.26,17,1,0,0,0,0,1,4,213831.18,0.4225,low,0.2
CUST018682,840,excellent,98.82,90.64,97.77,35.29,99.83,89.957,1.06,14,0,0,0,0,0,0,2,74064.79,0.0063,low,0.0
CUST018683,718,good,43.24,96.51,94.37,68.45,56.37,69.7261,5.55,16,3,1,0,0,0,1,6,101306.03,1.0507,low,0.1429
CUST018684,794,excellent,96.52,89.05,49.36,53.31,91.19,82.3483,14.41,3,1,0,0,0,0,1,3,166970.38,0.4729,low,0.25
CUST018685,776,excellent,85.07,95.83,45.14,49.77,91.27,79.3962,1.41,1,0,0,0,0,0,0,4,32131.25,0.048,low,0.0
CUST018686,699,risky,41.24,99.35,68.09,32.74,87.82,66.506,5.16,6,1,2,0,0,0,0,3,194281.92,0.0324,low,0.0
CUST018687,790,excellent,96.04,96.13,48.48,37.95,81.38,81.6561,4.52,1,1,0,0,0,0,0,2,105407.01,0.1648,low,0.0
CUST018688,660,risky,16.96,95.54,96.21,30.12,79.43,59.9818,3.96,11,2,8,0,0,1,0,6,23416.94,0.6545,low,0.0
CUST018689,776,excellent,86.36,87.34,55.59,46.47,99.09,79.3232,13.33,2,0,0,0,0,0,2,0,192292.81,0.3473,low,0.6667
CUST018690,803,excellent,97.24,91.72,58.5,37.55,97.19,83.7991,6.84,2,0,0,0,0,0,0,7,133850.11,0.0227,low,0.0
CUST018691,737,good,88.17,78.06,43.92,30.94,89.25,72.8861,10.39,1,1,0,0,0,0,0,5,26643.26,0.0387,low,0.0
CUST018692,832,excellent,97.92,96.92,98.49,36.87,68.53,88.6641,3.63,13,2,0,0,0,0,0,4,41907.1,0.1145,low,0.0
CUST018693,717,good,39.85,91.1,99.45,61.94,71.7,69.5577,2.99,10,2,4,0,0,0,1,0,58655.09,0.7927,low,0.5
CUST018694,817,excellent,87.92,96.66,80.4,46.41,97.1,86.18,7.43,7,0,0,0,0,0,1,3,135552.13,0.3699,low,0.25
CUST018695,828,excellent,91.27,98.16,67.03,66.38,99.07,87.9904,2.9,5,0,0,0,0,0,1,6,262887.06,0.6065,low,0.1429
CUST018696,797,excellent,85.29,89.61,73.67,69.68,80.54,82.8083,4.86,5,1,0,0,0,0,1,6,74473.82,0.6816,low,0.1429
CUST018697,825,excellent,87.18,92.19,92.34,65.03,90.5,87.5712,2.4,13,0,0,0,0,0,1,5,162242.74,0.9084,low,0.1667
CUST018698,646,high_risk,40.42,94.56,20.73,34.47,85.29,57.5994,4.84,0,1,4,0,0,0,0,6,88948.59,0.08,low,0.0
CUST018699,796,excellent,87.61,92.53,87.8,44.33,67.07,82.7324,3.58,12,2,0,0,0,0,0,5,66851.97,0.0682,low,0.0
CUST018700,785,excellent,90.89,95.77,54.88,43.87,75.95,80.7576,8.32,2,2,0,0,0,0,0,5,128002.02,0.1069,low,0.0
CUST018701,755,excellent,72.89,92.72,42.71,77.8,83.6,75.8727,1.05,1,1,1,0,0,0,1,0,77842.33,0.4338,low,0.5
CUST018702,774,excellent,69.7,96.09,81.25,46.05,90.63,79.0768,4.99,7,0,1,0,0,0,0,3,41071.77,0.0895,low,0.0
CUST018703,826,excellent,94.03,90.07,69.95,75.36,96.69,87.6295,9.85,9,0,0,0,0,0,1,1,146499.36,0.9968,low,0.5
CUST018704,864,excellent,94.48,98.7,92.99,80.92,93.57,94.076,4.74,10,0,0,0,0,0,2,3,53660.36,0.8579,low,0.4
CUST018705,809,excellent,87.64,96.65,84.19,35.1,90.49,84.8565,9.86,7,0,0,0,0,0,0,1,93363.24,0.151,low,0.0
CUST018706,843,excellent,99.8,92.63,99.14,35.9,92.77,90.4593,8.32,14,0,0,0,0,0,0,2,133735.43,0.146,low,0.0
CUST018707,568,high_risk,11.66,89.13,58.04,31.37,20.64,44.7281,14.8,4,6,3,0,1,1,0,0,446139.08,0.5245,low,0.0
CUST018708,840,excellent,95.09,93.66,72.6,92.53,83.96,89.9197,2.7,9,1,0,0,0,0,2,1,82584.18,0.7976,low,0.6667
CUST018709,824,excellent,85.67,99.88,94.83,49.75,82.6,87.4073,9.78,14,1,0,0,0,0,0,2,34395.18,0.121,low,0.0
CUST018710,763,excellent,88.95,98.79,27.58,39.85,82.53,77.1458,2.89,0,1,0,0,0,0,0,5,282079.43,0.0484,low,0.0
CUST018711,773,excellent,92.7,80.44,63.61,36.52,90.8,78.8495,13.59,2,0,0,0,0,0,0,2,148727.33,0.0869,low,0.0
CUST018712,815,excellent,91.3,85.31,89.21,51.68,96.78,85.7768,14.52,12,0,0,0,0,0,1,1,110575.67,0.9561,low,0.5
CUST018713,816,excellent,90.42,93.38,88.72,35.83,94.57,86.0111,1.93,15,0,0,0,0,0,0,6,30423.9,0.057,low,0.0
CUST018714,823,excellent,95.86,96.63,88.8,31.45,81.16,87.121,0.76,11,1,0,0,0,0,0,5,78004.04,0.0695,low,0.0
CUST018715,812,excellent,86.89,88.73,95.44,48.6,90.45,85.2511,6.89,11,0,0,0,0,0,0,1,210874.38,0.1162,low,0.0
CUST018716,798,excellent,86.27,90.35,88.17,32.18,91.73,82.9183,5.94,15,1,0,0,0,0,0,1,43763.62,0.048,low,0.0
CUST018717,730,good,76.49,78.22,63.74,33.97,84.84,71.6794,13.88,3,1,0,0,0,0,0,3,23928.64,0.1049,low,0.0
CUST018718,794,excellent,91.76,94.29,45.74,55.44,95.65,82.3747,0.72,1,0,0,0,0,0,1,4,220855.58,0.8549,low,0.2
CUST018719,754,excellent,95.86,97.9,15.52,30.51,73.7,75.669,0.83,0,2,0,0,0,0,0,3,153906.56,0.0388,low,0.0
CUST018720,804,excellent,90.83,97.28,66.95,43.24,86.53,83.9967,6.87,9,1,0,0,0,0,0,3,144787.95,0.0806,low,0.0
CUST018721,844,excellent,90.37,94.66,90.13,70.63,99.94,90.6038,1.5,11,0,0,0,0,0,1,7,356588.94,0.4387,low,0.125
CUST018722,567,high_risk,9.42,80.67,36.95,49.95,64.7,44.5039,11.82,1,4,4,1,1,1,0,5,458533.38,0.5867,low,0.0
CUST018723,834,excellent,97.55,88.92,96.87,41.54,95.34,89.0351,1.76,11,0,0,0,0,0,0,1,49837.2,0.0798,low,0.0
CUST018724,809,excellent,92.44,75.53,95.2,71.61,83.77,84.8325,10.06,11,1,0,0,0,0,1,0,102093.24,0.708,low,0.5
CUST018725,777,excellent,98.07,77.05,71.39,33.9,80.41,79.5779,13.98,7,1,0,0,0,0,0,3,503697.66,0.1083,low,0.0
CUST018726,863,excellent,97.73,94.05,93.96,75.33,98.37,93.8822,0.42,13,0,0,0,0,0,1,3,308908.75,0.5784,low,0.25
CUST018727,724,good,58.5,94.0,93.19,36.99,42.34,70.5848,9.14,11,4,2,0,0,0,0,6,44937.36,0.2256,low,0.0
CUST018728,739,good,53.39,99.93,83.06,61.31,59.47,73.2012,4.57,8,4,4,0,0,0,1,3,46377.38,0.9682,low,0.25
CUST018729,812,excellent,92.71,99.34,66.77,40.26,90.64,85.3529,3.27,9,0,0,0,0,0,0,7,450101.32,0.133,low,0.0
CUST018730,774,excellent,95.31,91.17,31.98,49.34,86.18,79.0593,0.18,1,1,0,0,0,0,0,0,368427.2,0.0301,low,0.0
CUST018731,797,excellent,87.42,90.0,87.07,38.89,83.41,82.8886,2.14,17,1,0,0,0,0,0,6,77725.62,0.1054,low,0.0
CUST018732,805,excellent,95.49,82.44,90.65,35.51,89.43,84.2445,14.54,10,1,0,0,0,0,0,6,20634.53,0.1578,low,0.0
CUST018733,807,excellent,98.93,92.43,54.98,45.24,93.9,84.5156,8.65,2,0,0,0,0,0,0,2,85874.15,0.0512,low,0.0
CUST018734,700,good,52.03,89.38,80.8,40.26,54.7,66.6431,2.38,5,3,4,0,0,0,0,2,61910.42,0.1632,low,0.0
CUST018735,847,excellent,94.94,91.37,97.75,61.28,97.42,91.1727,1.93,10,0,0,0,0,0,1,3,125379.28,0.627,low,0.25
CUST018736,647,high_risk,37.56,93.19,41.53,68.61,46.99,57.8907,9.62,1,4,4,0,0,0,1,4,157226.33,1.2109,low,0.2
CUST018737,738,good,67.96,79.02,66.83,71.01,84.25,73.0443,13.01,5,1,0,0,0,0,1,7,41843.92,0.5766,low,0.125
CUST018738,786,excellent,89.78,96.09,36.31,64.77,88.01,80.9754,9.1,1,1,0,0,0,0,1,7,101408.3,0.3844,low,0.125
CUST018739,839,excellent,94.72,86.61,84.26,89.29,91.71,89.872,11.11,8,1,0,0,0,0,2,3,158669.28,0.5464,low,0.4
CUST018740,570,high_risk,0.64,93.84,33.2,49.87,67.06,45.0479,4.16,1,2,8,0,1,1,0,6,50677.91,0.586,low,0.0
CUST018741,765,excellent,93.11,93.52,26.15,43.92,84.63,77.4228,4.89,0,1,0,0,0,0,0,4,111855.15,0.0653,low,0.0
CUST018742,756,excellent,72.85,91.31,67.7,38.51,90.55,75.9524,5.53,9,0,1,0,0,0,0,4,219344.56,0.1181,low,0.0
CUST018743,680,risky,35.44,91.15,62.81,72.42,79.99,63.4117,2.7,2,2,3,0,0,0,1,0,269613.77,1.3843,low,0.5
CUST018744,590,high_risk,13.91,89.28,26.16,63.58,73.49,48.2858,6.21,0,2,5,1,0,0,1,5,79384.7,1.9963,moderate,0.1667
CUST018745,783,excellent,91.41,98.92,50.16,33.39,80.21,80.5542,8.97,2,1,0,0,0,0,0,2,273321.4,0.1401,low,0.0
CUST018746,835,excellent,98.37,90.42,89.34,49.42,92.05,89.1058,4.11,15,0,0,0,0,0,0,5,176184.6,0.1236,low,0.0
CUST018747,773,excellent,86.51,90.36,48.85,43.7,97.3,78.813,6.79,4,0,0,0,0,0,0,7,369590.77,0.0097,low,0.0
CUST018748,841,excellent,85.81,98.16,96.05,63.05,99.67,90.1609,3.32,18,0,0,0,0,0,1,4,72001.0,0.548,low,0.2
CUST018749,729,good,54.07,92.72,88.08,37.29,78.46,71.5261,3.5,14,2,4,0,0,0,0,6,247615.6,0.1395,low,0.0
CUST018750,614,high_risk,14.82,81.88,86.84,37.45,58.6,52.3816,11.85,12,4,3,0,1,1,0,0,597992.44,0.4597,low,0.0
CUST018751,693,risky,61.74,92.51,43.34,45.24,51.05,65.4904,8.28,1,4,4,0,0,0,0,7,196820.04,0.1401,low,0.0
CUST018752,738,good,75.73,75.17,63.7,46.84,97.21,73.0186,12.82,3,0,1,0,0,0,0,1,48351.85,0.1367,low,0.0
CUST018753,593,high_risk,6.32,97.29,69.46,31.93,38.07,48.8186,2.1,8,6,8,0,1,1,0,0,173533.87,0.5423,low,0.0
CUST018754,817,excellent,89.32,99.21,76.57,48.55,88.44,86.2083,3.22,5,1,0,0,0,0,1,6,38945.17,0.6835,low,0.1429
CUST018755,819,excellent,97.5,82.02,97.01,46.58,85.46,86.4877,14.82,12,1,0,0,0,0,1,3,120989.3,0.6721,low,0.25
CUST018756,785,excellent,90.05,92.29,61.41,30.52,93.76,80.8447,1.96,2,0,0,0,0,0,0,1,48002.55,0.0454,low,0.0
CUST018757,842,excellent,96.74,90.03,94.18,64.77,89.28,90.4007,0.28,10,1,0,0,0,0,1,5,84912.78,0.4408,low,0.1667
CUST018758,799,excellent,86.27,85.49,76.48,68.34,90.32,83.1806,11.65,9,0,0,0,0,0,1,0,96652.91,0.8267,low,0.5
CUST018759,647,high_risk,50.21,93.24,13.53,40.56,62.06,57.8357,7.63,0,3,1,0,0,0,0,1,147532.77,0.0129,low,0.0
CUST018760,757,excellent,86.06,79.31,55.85,44.32,94.82,76.2034,11.2,3,0,0,0,0,0,0,7,67889.07,0.0639,low,0.0
CUST018761,847,excellent,98.61,89.95,91.59,78.6,81.49,91.2464,14.69,12,1,0,0,0,0,1,6,74560.84,0.9193,low,0.1429
CUST018762,833,excellent,95.98,89.61,83.4,65.58,92.73,88.8148,3.81,8,0,0,0,0,0,1,0,41447.81,0.6888,low,0.5
CUST018763,840,excellent,99.55,91.95,89.81,41.85,99.01,89.9878,1.35,10,0,0,0,0,0,0,0,10894.11,0.046,low,0.0
CUST018764,781,excellent,87.12,75.87,87.47,55.23,83.17,80.2105,13.31,13,1,0,0,0,0,1,4,59130.14,0.4246,low,0.2
CUST018765,679,risky,25.62,84.31,97.31,68.4,84.5,63.1473,12.7,16,1,4,0,0,0,1,4,208793.52,1.2944,low,0.2
CUST018766,810,excellent,90.25,89.56,74.69,75.97,76.86,84.9426,1.02,7,2,0,0,0,0,1,3,33178.78,0.4027,low,0.25
CUST018767,710,good,70.74,83.53,31.03,47.34,91.03,68.3082,11.99,1,1,0,0,0,0,0,3,42165.57,0.157,low,0.0
CUST018768,721,good,56.93,89.89,96.76,47.25,41.07,70.2391,10.65,14,3,3,0,0,0,0,3,95186.97,0.1505,low,0.0
CUST018769,719,good,51.48,98.78,83.41,33.2,62.89,69.7735,4.17,8,3,1,0,0,0,0,5,60986.85,0.0608,low,0.0
CUST018770,701,good,46.02,96.97,75.35,40.39,62.18,66.7586,4.53,5,3,1,0,0,0,0,2,52985.57,0.1601,low,0.0
CUST018771,628,high_risk,17.24,86.78,87.98,42.22,52.14,54.702,11.41,16,4,7,0,0,0,0,6,347951.39,0.2015,low,0.0
CUST018772,814,excellent,97.88,91.21,71.13,45.29,89.15,85.734,2.96,6,1,0,0,0,0,0,3,289383.67,0.0359,low,0.0
CUST018773,853,excellent,98.28,95.6,99.24,58.67,82.85,92.1157,1.71,10,1,0,0,0,0,1,7,52100.22,0.9716,low,0.125
CUST018774,771,excellent,69.53,93.57,82.9,40.29,96.0,78.4701,7.54,8,0,1,0,0,0,0,3,205450.97,0.089,low,0.0
CUST018775,684,risky,52.47,96.88,49.95,34.88,55.7,63.9791,8.83,4,3,2,0,0,0,0,4,251938.83,0.0428,low,0.0
CUST018776,749,good,55.12,97.39,98.28,38.06,78.1,74.8682,8.33,14,2,2,0,0,0,0,1,89890.08,0.1798,low,0.0
CUST018777,781,excellent,77.3,84.77,86.97,64.77,81.37,80.1447,14.05,18,1,1,0,0,0,1,6,144654.47,0.3364,low,0.1429
CUST018778,782,excellent,96.94,88.43,38.11,50.58,90.76,80.309,7.49,1,1,0,0,0,0,1,0,21637.5,0.7431,low,0.5
CUST018779,788,excellent,92.28,96.59,48.36,37.39,91.02,81.3698,3.74,1,0,0,0,0,0,0,0,94343.54,0.139,low,0.0
CUST018780,704,good,45.14,90.23,92.24,42.69,63.79,67.3517,4.06,11,3,3,0,0,0,0,0,10786.07,0.1954,low,0.0
CUST018781,721,good,51.14,90.84,74.28,39.77,99.37,70.2067,2.66,8,0,4,0,0,0,0,1,137526.23,0.1965,low,0.0
CUST018782,770,excellent,92.64,92.61,10.04,74.41,91.05,78.2573,0.8,0,1,0,0,0,0,1,5,47975.35,0.5046,low,0.1667
CUST018783,696,risky,41.31,93.69,95.71,48.72,41.28,65.92,8.4,15,5,1,0,0,0,0,2,41668.25,0.1598,low,0.0
CUST018784,807,excellent,97.95,96.64,46.48,43.18,99.13,84.4762,4.72,3,0,0,0,0,0,0,5,152440.01,0.0608,low,0.0
CUST018785,728,good,53.42,84.6,99.66,47.67,76.21,71.4142,13.0,12,2,3,0,0,0,0,6,47380.69,0.0889,low,0.0
CUST018786,795,excellent,92.92,92.17,57.15,44.59,92.73,82.4792,1.41,2,0,0,0,0,0,0,4,40780.14,0.1238,low,0.0
CUST018787,792,excellent,86.11,76.35,99.91,48.05,91.58,81.9941,11.0,18,0,0,0,0,0,1,5,59667.17,0.7828,low,0.1667
CUST018788,748,good,62.21,89.88,70.55,69.11,84.95,74.7252,4.68,8,1,2,0,0,0,1,5,169431.97,0.9818,low,0.1667
CUST018789,818,excellent,93.19,88.74,89.59,43.07,93.7,86.3515,5.99,12,0,0,0,0,0,0,6,215692.62,0.0432,low,0.0
CUST018790,818,excellent,88.73,92.17,74.36,70.96,94.14,86.3709,7.4,8,0,0,0,0,0,1,2,114125.62,0.3854,low,0.3333
CUST018791,781,excellent,88.85,98.54,34.98,48.77,93.32,80.1143,9.67,1,0,0,0,0,0,0,4,67836.52,0.0822,low,0.0
CUST018792,807,excellent,87.18,91.64,82.85,41.65,99.69,84.5675,3.06,8,0,0,0,0,0,0,1,170060.22,0.0937,low,0.0
CUST018793,768,excellent,93.92,84.92,30.86,64.08,85.66,77.9525,10.1,1,1,0,0,0,0,1,7,122912.48,0.9281,low,0.125
CUST018794,807,excellent,95.89,84.13,79.22,50.9,86.98,84.4718,23.96,7,1,0,0,0,0,0,6,33859.16,0.0424,low,0.0
CUST018795,747,good,56.96,92.22,85.5,43.86,96.45,74.4581,8.59,10,0,4,0,0,0,0,4,683160.06,0.0082,low,0.0
CUST018796,608,high_risk,13.62,80.75,80.67,37.35,64.83,51.3108,10.73,5,3,3,1,1,1,0,0,84025.99,0.4681,low,0.0
CUST018797,600,high_risk,27.77,87.59,33.8,75.7,24.45,50.0819,10.32,1,7,7,0,0,0,1,4,92765.91,1.6274,moderate,0.2
CUST018798,820,excellent,88.89,98.78,58.12,80.26,91.11,86.6003,7.28,2,0,0,0,0,0,2,5,86052.93,0.5569,low,0.2857
CUST018799,797,excellent,97.73,84.57,73.08,38.62,83.52,82.7532,14.88,9,1,0,0,0,0,0,3,41953.35,0.1082,low,0.0
CUST018800,690,risky,37.32,90.84,70.63,78.0,72.14,64.9219,2.1,6,2,2,0,0,0,1,7,107512.37,1.2796,low,0.125
CUST018801,734,good,54.76,94.71,96.47,41.24,62.41,72.4154,9.37,12,3,1,0,0,0,0,7,311419.81,0.1715,low,0.0
CUST018802,837,excellent,94.78,93.29,98.77,44.05,91.68,89.5502,3.86,14,1,0,0,0,0,0,1,64213.78,0.1188,low,0.0
CUST018803,801,excellent,86.51,89.34,88.08,40.94,91.97,83.5823,3.74,17,1,0,0,0,0,0,0,97874.14,0.1126,low,0.0
CUST018804,736,good,92.17,42.07,88.25,45.15,99.78,72.6082,59.29,16,0,0,0,0,0,1,7,64256.16,0.8834,low,0.125
CUST018805,799,excellent,78.4,98.08,92.43,33.87,90.33,83.1499,7.08,11,0,0,0,0,0,0,3,234804.35,0.1182,low,0.0
CUST018806,785,excellent,97.9,96.93,31.76,35.6,90.97,80.765,6.9,1,0,0,0,0,0,0,4,64030.15,0.0524,low,0.0
CUST018807,854,excellent,99.61,94.83,85.66,66.36,95.51,92.351,2.51,13,0,0,0,0,0,1,3,137712.85,0.5604,low,0.25
CUST018808,784,excellent,79.59,88.67,86.42,33.53,99.69,80.7432,8.99,11,0,0,0,0,0,0,6,135763.12,0.1509,low,0.0
CUST018809,826,excellent,93.21,96.9,77.81,43.85,99.79,87.7322,6.18,6,0,0,0,0,0,0,0,150831.0,0.0953,low,0.0
CUST018810,757,excellent,90.83,85.98,29.85,45.79,95.61,76.2019,12.39,0,0,0,0,0,0,0,1,35066.56,0.1305,low,0.0
CUST018811,762,excellent,85.71,98.68,20.82,43.35,99.79,77.0375,9.24,0,0,0,0,0,0,0,1,495337.95,0.0249,low,0.0
CUST018812,799,excellent,74.55,96.14,98.16,45.0,90.15,83.1741,7.83,13,1,0,0,0,0,1,5,113256.84,0.5341,low,0.1667
CUST018813,679,risky,44.0,93.3,81.52,34.5,40.55,63.1202,5.78,8,3,2,0,0,0,0,2,160814.75,0.1807,low,0.0
CUST018814,828,excellent,88.08,96.53,92.34,52.21,91.5,88.0099,7.79,11,0,0,0,0,0,1,5,129459.84,0.6447,low,0.1667
CUST018815,760,excellent,74.73,99.93,47.85,63.74,69.92,76.6788,0.1,1,2,1,0,0,0,2,2,55544.84,0.5327,low,0.5
CUST018816,781,excellent,85.52,83.71,72.86,55.51,86.76,80.2004,13.54,6,1,0,0,0,0,1,4,265427.64,0.9561,low,0.2
CUST018817,799,excellent,91.03,75.36,79.15,76.22,91.21,83.0841,13.24,8,1,0,0,0,0,1,1,89351.47,0.6633,low,0.5
CUST018818,832,excellent,93.84,93.33,87.64,50.88,96.13,88.6894,7.56,20,0,0,0,0,0,1,6,177499.88,0.5197,low,0.1429
CUST018819,764,excellent,95.13,78.34,46.25,48.29,87.52,77.3141,10.76,3,1,0,0,0,0,1,7,60031.34,0.9283,low,0.125
CUST018820,805,excellent,88.93,88.26,90.73,38.31,90.68,84.1131,5.64,11,1,0,0,0,0,0,3,38719.33,0.1446,low,0.0
CUST018821,773,excellent,65.71,98.1,82.08,46.17,94.88,78.8448,6.62,7,0,1,0,0,0,0,4,28528.66,0.1011,low,0.0
CUST018822,808,excellent,88.96,83.88,98.15,49.91,86.36,84.6494,29.44,11,1,0,0,0,0,0,1,69069.85,0.0808,low,0.0
CUST018823,748,good,62.26,93.62,89.92,32.31,80.32,74.6304,8.69,16,1,2,0,0,0,0,1,129430.3,0.0347,low,0.0
CUST018824,806,excellent,89.58,90.19,89.27,32.95,92.23,84.3189,1.07,13,0,0,0,0,0,0,5,96151.29,0.0984,low,0.0
CUST018825,773,excellent,92.35,95.96,22.39,47.9,96.55,78.9157,8.92,0,0,0,0,0,0,0,3,38993.45,0.0705,low,0.0
CUST018826,783,excellent,77.35,82.53,98.34,55.84,82.93,80.457,13.35,18,1,1,0,0,0,1,2,56190.38,0.7178,low,0.3333
CUST018827,771,excellent,88.8,95.35,27.76,49.44,97.91,78.5824,1.65,0,0,0,0,0,0,0,7,51970.81,0.1267,low,0.0
CUST018828,664,risky,20.57,86.53,91.28,64.99,83.78,60.7292,10.65,15,1,4,0,0,0,1,0,46731.41,2.2599,moderate,0.5
CUST018829,586,high_risk,13.53,89.59,60.83,44.94,24.51,47.6822,6.87,4,6,8,0,0,0,0,6,91618.56,0.4704,low,0.0
CUST018830,827,excellent,93.16,97.99,86.74,32.96,94.68,87.7773,2.86,17,0,0,0,0,0,0,6,206666.93,0.1407,low,0.0
CUST018831,785,excellent,91.94,93.13,52.42,31.9,95.9,80.7627,8.73,3,0,0,0,0,0,0,3,54240.86,0.0487,low,0.0
CUST018832,812,excellent,86.64,91.12,96.97,40.01,91.79,85.3856,2.4,14,0,0,0,0,0,0,5,84784.69,0.1218,low,0.0
CUST018833,824,excellent,88.41,97.71,95.5,30.59,97.47,87.385,3.84,14,0,0,0,0,0,0,0,25565.95,0.1286,low,0.0
CUST018834,626,high_risk,17.32,93.49,83.57,46.87,30.11,54.3422,3.28,7,5,4,0,0,1,0,5,19903.37,0.3309,low,0.0
CUST018835,828,excellent,99.05,89.77,99.48,32.68,82.67,88.0556,14.84,13,1,0,0,0,0,0,6,149539.32,0.1062,low,0.0
CUST018836,842,excellent,96.8,94.03,88.46,67.82,82.34,90.3735,2.76,16,1,0,0,0,0,1,6,53974.29,0.4904,low,0.1429
CUST018837,815,excellent,89.69,89.63,90.58,57.19,82.72,85.8606,9.77,13,1,0,0,0,0,1,0,34591.97,0.5977,low,0.5
CUST018838,810,excellent,85.74,94.14,96.23,32.32,90.38,84.954,0.11,11,1,0,0,0,0,0,3,69211.45,0.0902,low,0.0
CUST018839,833,excellent,95.19,98.68,82.43,45.28,89.46,88.7607,6.74,6,1,0,0,0,0,0,1,323868.33,0.1006,low,0.0
CUST018840,818,excellent,87.3,96.34,86.55,48.73,90.84,86.3966,6.59,11,1,0,0,0,0,0,1,154726.48,0.0468,low,0.0
CUST018841,819,excellent,88.06,92.83,94.07,37.56,99.81,86.5179,4.26,18,0,0,0,0,0,0,7,139964.84,0.0673,low,0.0
CUST018842,752,excellent,88.62,61.89,78.09,49.43,90.61,75.304,48.66,6,0,0,0,0,0,1,3,91106.47,0.3968,low,0.25
CUST018843,745,good,75.77,94.46,48.51,38.6,81.07,74.0983,9.48,2,1,1,0,0,0,0,2,102459.29,0.0222,low,0.0
CUST018844,811,excellent,99.17,76.95,84.74,52.93,93.89,85.188,13.27,9,0,0,0,0,0,1,2,170754.95,0.9481,low,0.3333
CUST018845,719,good,48.2,97.79,73.87,42.17,83.69,69.8745,9.27,8,1,1,0,0,0,0,2,50748.32,0.1797,low,0.0
CUST018846,845,excellent,95.09,97.38,91.03,53.55,94.0,90.9035,6.37,14,0,0,0,0,0,1,5,130930.38,0.9219,low,0.1667
CUST018847,714,good,55.42,90.08,81.31,30.45,73.75,69.0358,5.92,8,2,2,0,0,0,0,7,79686.22,0.0257,low,0.0
CUST018848,753,excellent,70.57,91.14,74.02,37.8,85.78,75.5009,2.87,7,1,1,0,0,0,0,1,14690.96,0.1151,low,0.0
CUST018849,799,excellent,91.99,79.85,75.01,61.27,96.87,83.219,10.68,5,0,0,0,0,0,1,2,75942.53,0.878,low,0.3333
CUST018850,838,excellent,95.49,98.67,66.16,70.8,95.88,89.615,7.99,8,0,0,0,0,0,1,4,101705.71,0.8257,low,0.2
CUST018851,829,excellent,93.05,89.67,84.62,67.23,92.78,88.1633,4.08,9,0,0,0,0,0,1,1,18589.11,0.5091,low,0.5
CUST018852,717,good,39.75,99.2,73.84,68.34,89.72,69.5526,9.12,7,1,4,0,0,0,1,6,53680.31,1.17,low,0.1429
CUST018853,843,excellent,95.7,97.46,96.86,38.81,92.91,90.435,9.37,13,0,0,0,0,0,0,7,25008.43,0.0696,low,0.0
CUST018854,828,excellent,94.32,94.3,70.99,62.79,97.21,87.951,9.75,6,0,0,0,0,0,1,6,97828.39,0.3437,low,0.1429
CUST018855,792,excellent,97.33,91.94,42.16,48.87,91.96,82.0529,8.64,1,0,0,0,0,0,0,4,59821.82,0.1502,low,0.0
CUST018856,826,excellent,98.05,96.63,65.65,72.43,72.87,87.6828,0.46,7,2,0,0,0,0,1,4,48929.95,0.5401,low,0.2
CUST018857,837,excellent,97.91,88.99,87.32,55.62,98.1,89.4337,12.8,17,0,0,0,0,0,1,1,420861.84,0.706,low,0.5
CUST018858,648,high_risk,44.14,97.42,16.96,36.31,71.99,58.0489,1.38,0,2,4,0,0,0,0,2,69131.56,0.0553,low,0.0
CUST018859,738,good,62.96,92.76,88.21,49.0,50.24,73.0201,7.8,12,4,2,0,0,0,0,0,492070.37,0.0453,low,0.0
CUST018860,724,good,86.53,82.73,21.99,43.34,80.02,70.7387,11.58,0,1,0,0,0,0,0,1,231037.94,0.0136,low,0.0
CUST018861,838,excellent,98.25,88.91,78.65,71.06,96.47,89.6129,1.98,7,0,0,0,0,0,1,0,332025.92,0.8099,low,0.5
CUST018862,651,risky,41.62,58.71,84.93,60.77,74.3,58.4265,46.48,5,2,1,0,0,0,0,5,151372.3,0.0646,low,0.0
CUST018863,846,excellent,90.95,87.21,98.47,88.05,93.88,90.9612,13.01,19,0,0,0,0,0,2,4,42790.08,0.8941,low,0.3333
CUST018864,819,excellent,89.11,98.89,85.69,41.45,86.05,86.4575,3.91,10,1,0,0,0,0,0,3,404317.42,0.0014,low,0.0
CUST018865,755,excellent,88.97,87.1,37.09,30.68,99.52,75.8541,11.45,1,0,0,0,0,0,0,1,89552.25,0.0658,low,0.0
CUST018866,837,excellent,97.09,98.65,79.94,42.42,97.29,89.5413,3.32,6,0,0,0,0,0,0,0,89591.53,0.0671,low,0.0
CUST018867,808,excellent,98.15,93.46,73.16,43.84,68.45,84.5923,3.48,6,2,0,0,0,0,0,3,146042.35,0.1236,low,0.0
CUST018868,804,excellent,87.89,82.52,82.83,64.2,96.7,84.0338,12.96,9,0,0,0,0,0,1,7,100732.9,0.662,low,0.125
CUST018869,804,excellent,95.77,99.35,60.9,34.33,81.09,84.0002,4.72,2,1,0,0,0,0,0,2,87387.94,0.127,low,0.0
CUST018870,707,good,61.99,60.83,97.82,60.88,71.58,67.862,37.89,17,2,4,0,0,0,0,2,196515.21,0.1137,low,0.0
CUST018871,788,excellent,89.79,97.94,51.31,45.15,82.3,81.2511,2.65,3,1,0,0,0,0,0,1,65401.99,0.1393,low,0.0
CUST018872,795,excellent,99.0,95.91,47.79,30.75,89.16,82.5814,7.1,2,1,0,0,0,0,0,4,158936.41,0.1465,low,0.0
CUST018873,800,excellent,90.4,79.65,88.45,47.71,97.25,83.2989,11.33,18,0,0,0,0,0,0,6,70757.98,0.0462,low,0.0
CUST018874,799,excellent,87.79,89.36,85.22,37.14,91.22,83.1541,1.36,11,0,0,0,0,0,0,0,242382.23,0.0726,low,0.0
CUST018875,779,excellent,88.8,94.83,70.55,31.89,65.23,79.826,8.86,6,2,0,0,0,0,0,5,228376.19,0.1008,low,0.0
CUST018876,841,excellent,96.88,93.89,96.66,37.94,98.44,90.21,0.74,10,0,0,0,0,0,0,1,83322.14,0.1447,low,0.0
CUST018877,723,good,68.5,87.36,48.95,35.47,94.42,70.5149,12.4,1,0,1,0,0,0,0,7,351238.27,0.0366,low,0.0
CUST018878,786,excellent,93.05,86.18,46.73,84.59,70.86,80.9759,14.12,4,2,0,0,0,0,2,1,129434.99,0.9062,low,0.6667
CUST018879,625,high_risk,17.8,89.73,78.49,47.63,44.49,54.1332,2.8,9,4,6,0,0,1,0,6,26515.14,0.2249,low,0.0
CUST018880,767,excellent,71.02,88.65,93.97,31.75,90.72,77.7936,5.1,17,0,1,0,0,0,0,2,69765.63,0.1223,low,0.0
CUST018881,684,risky,40.56,93.52,75.92,60.54,53.33,64.03,9.7,9,3,1,0,0,0,1,6,27537.99,1.219,low,0.1429
CUST018882,816,excellent,90.67,86.98,87.26,56.43,94.17,85.9755,14.84,14,0,0,0,0,0,1,1,268970.13,0.8748,low,0.5
CUST018883,734,good,87.22,66.46,51.08,61.28,81.28,72.3831,32.84,3,1,0,0,0,0,0,1,127449.05,0.1451,low,0.0
CUST018884,793,excellent,78.88,89.9,95.02,34.25,99.7,82.223,6.72,17,0,0,0,0,0,0,7,188625.33,0.1657,low,0.0
CUST018885,809,excellent,93.23,90.57,90.24,46.78,68.46,84.8628,7.83,11,2,0,0,0,0,0,0,102918.83,0.0047,low,0.0
CUST018886,815,excellent,91.89,92.09,87.1,38.46,91.62,85.8604,9.08,12,0,0,0,0,0,0,7,124729.09,0.0959,low,0.0
CUST018887,566,high_risk,10.81,99.07,38.6,39.31,11.0,44.3275,1.07,1,7,8,0,0,0,0,0,170738.77,0.5146,low,0.0
CUST018888,770,excellent,97.62,82.85,45.42,30.92,93.25,78.2523,13.05,3,0,0,0,0,0,0,5,169115.81,0.0391,low,0.0
CUST018889,779,excellent,93.9,86.55,46.62,48.25,91.95,79.8439,24.45,3,0,0,0,0,0,1,7,307591.7,0.7133,low,0.125
CUST018890,751,excellent,98.69,77.59,10.28,64.93,92.91,75.1459,12.86,0,0,0,0,0,0,1,0,645900.25,0.8768,low,0.5
CUST018891,706,good,60.99,80.99,77.24,37.14,66.95,67.6371,12.88,8,2,2,0,0,0,0,0,86436.19,0.0263,low,0.0
CUST018892,742,good,94.59,38.36,94.32,50.44,98.84,73.6884,50.01,20,0,0,0,0,0,0,0,75119.28,0.0184,low,0.0
CUST018893,823,excellent,95.16,90.4,78.67,60.39,88.53,87.1197,1.23,5,1,0,0,0,0,1,4,53610.93,0.4972,low,0.2
CUST018894,819,excellent,95.88,76.09,95.89,64.08,93.9,86.5644,20.44,12,0,0,0,0,0,0,4,84719.89,0.0475,low,0.0
CUST018895,652,risky,34.77,89.6,66.23,37.4,59.9,58.713,10.79,6,3,3,0,0,0,0,1,503452.73,0.0955,low,0.0
CUST018896,770,excellent,88.72,98.62,28.84,46.24,88.2,78.4069,5.94,0,1,0,0,0,0,0,1,93213.6,0.1636,low,0.0
CUST018897,847,excellent,97.04,89.18,93.99,67.6,95.75,91.1526,12.75,11,0,0,0,0,0,1,4,222411.43,0.3624,low,0.2
CUST018898,798,excellent,99.95,96.06,46.77,40.47,81.89,83.0526,6.31,1,1,0,0,0,0,0,2,113764.96,0.0587,low,0.0
CUST018899,784,excellent,90.3,85.58,66.23,49.58,84.75,80.6487,10.4,9,1,0,0,0,0,1,4,155397.57,0.9366,low,0.2
CUST018900,669,risky,52.81,77.96,73.14,39.01,48.16,61.5605,11.35,8,4,3,0,0,0,0,1,131841.39,0.2316,low,0.0
CUST018901,629,high_risk,4.93,82.13,99.77,44.24,90.66,54.8191,14.85,19,0,3,1,1,1,0,0,33214.93,0.4135,low,0.0
CUST018902,772,excellent,89.57,69.41,87.56,49.37,84.02,78.6423,39.85,13,1,0,0,0,0,1,5,81889.42,0.9527,low,0.1667
CUST018903,723,good,49.47,92.51,95.62,38.26,71.85,70.4218,1.78,18,2,1,0,0,0,0,6,565732.25,0.145,low,0.0
CUST018904,825,excellent,96.0,89.25,76.14,64.31,92.95,87.5212,13.83,7,0,0,0,0,0,1,1,38614.93,0.5737,low,0.5
CUST018905,826,excellent,87.27,85.34,96.48,75.14,95.16,87.6501,12.52,14,0,0,0,0,0,1,2,125062.17,0.9183,low,0.3333
CUST018906,844,excellent,89.73,92.5,96.06,76.72,94.61,90.6969,7.06,11,0,0,0,0,0,1,4,266378.94,0.4385,low,0.2
CUST018907,525,high_risk,6.2,76.47,28.62,39.38,41.18,37.4619,12.76,0,4,3,1,1,1,0,0,75730.67,0.5711,low,0.0
CUST018908,804,excellent,88.28,91.64,63.94,63.41,97.09,84.0307,8.98,2,0,0,0,0,0,1,4,204226.29,0.631,low,0.2
CUST018909,822,excellent,94.41,78.48,96.97,60.34,97.96,86.9609,14.2,10,0,0,0,0,0,1,4,147816.43,0.9716,low,0.2
CUST018910,860,excellent,95.37,96.86,97.25,64.62,98.42,93.3282,2.3,15,0,0,0,0,0,1,7,505578.51,0.5943,low,0.125
CUST018911,790,excellent,86.13,80.26,71.21,70.0,98.2,81.7278,12.9,7,0,0,0,0,0,1,1,184060.0,0.3882,low,0.5
CUST018912,777,excellent,86.31,93.66,53.41,49.65,82.3,79.5122,9.32,3,1,0,0,0,0,0,0,8144.64,0.1613,low,0.0
CUST018913,794,excellent,87.03,78.91,91.19,48.36,97.67,82.415,12.05,16,0,0,0,0,0,1,0,481954.03,0.513,low,0.5
CUST018914,785,excellent,71.0,91.33,92.76,49.93,96.53,80.8115,1.2,17,0,0,0,0,0,0,2,54013.0,0.1353,low,0.0
CUST018915,606,high_risk,18.44,97.92,30.34,71.31,45.29,51.0417,6.47,1,4,8,0,0,0,1,5,15470.3,1.2464,low,0.1667
CUST018916,640,high_risk,10.0,99.41,94.62,44.0,47.83,56.6995,9.85,11,3,4,0,1,1,0,1,267866.69,0.6377,low,0.0
CUST018917,780,excellent,91.7,88.66,62.71,31.11,88.1,80.02,0.75,3,1,0,0,0,0,0,5,62307.71,0.0614,low,0.0
CUST018918,763,excellent,92.98,90.24,27.63,41.79,91.67,77.1064,6.92,0,0,0,0,0,0,0,6,100400.07,0.0112,low,0.0
CUST018919,816,excellent,93.47,90.17,88.69,32.02,96.56,85.9297,5.81,10,0,0,0,0,0,0,5,150212.01,0.1482,low,0.0
CUST018920,816,excellent,89.7,93.02,87.62,38.26,97.17,85.9874,8.08,12,0,0,0,0,0,0,1,610915.92,0.0427,low,0.0
CUST018921,729,good,96.29,84.9,22.17,47.66,42.82,71.5434,12.64,0,3,0,0,0,0,0,3,60737.08,0.1393,low,0.0
CUST018922,838,excellent,90.99,98.43,99.37,49.57,83.49,89.5837,5.1,20,1,0,0,0,0,0,6,35616.43,0.1041,low,0.0
CUST018923,825,excellent,95.57,79.24,97.06,72.01,84.52,87.4331,10.03,17,1,0,0,0,0,1,1,787202.46,0.3871,low,0.5
CUST018924,750,excellent,95.6,63.72,51.76,47.55,99.8,75.0759,32.49,3,0,0,0,0,0,1,6,31944.34,0.3942,low,0.1429
CUST018925,826,excellent,95.59,91.0,84.33,42.66,99.36,87.6054,5.97,5,0,0,0,0,0,0,4,52578.27,0.0466,low,0.0
CUST018926,817,excellent,94.7,96.78,72.96,31.74,99.01,86.198,2.22,7,0,0,0,0,0,0,5,176579.04,0.1251,low,0.0
CUST018927,820,excellent,92.04,90.63,53.3,93.9,98.67,86.6561,9.08,4,0,0,0,0,0,2,6,146444.02,0.4637,low,0.25
CUST018928,739,good,79.53,82.79,39.87,53.76,91.25,73.1535,13.62,1,0,0,0,0,0,1,1,43990.03,0.7885,low,0.5
CUST018929,845,excellent,99.1,97.53,85.02,51.47,90.06,90.8494,1.0,13,0,0,0,0,0,1,4,45643.85,0.8731,low,0.2
CUST018930,761,excellent,96.15,90.84,20.34,37.86,91.04,76.8459,1.42,0,0,0,0,0,0,0,6,56556.52,0.1377,low,0.0
CUST018931,701,good,43.97,83.13,76.82,67.72,91.72,66.7966,14.68,8,0,1,0,0,0,1,5,68969.08,1.332,low,0.1667
CUST018932,806,excellent,89.05,93.2,77.47,41.08,94.28,84.2843,8.23,6,0,0,0,0,0,0,3,154414.78,0.0127,low,0.0
CUST018933,804,excellent,86.17,83.38,93.73,47.74,99.9,83.9987,11.65,15,0,0,0,0,0,0,2,178222.23,0.0068,low,0.0
CUST018934,755,excellent,72.17,99.02,50.48,41.26,91.99,75.8614,2.65,3,0,1,0,0,0,0,0,430107.86,0.1663,low,0.0
CUST018935,796,excellent,90.85,80.33,81.42,48.89,96.46,82.6445,12.4,8,0,0,0,0,0,0,1,252828.97,0.0563,low,0.0
CUST018936,808,excellent,98.92,97.74,33.51,63.04,93.89,84.665,2.15,1,0,0,0,0,0,1,6,33121.02,0.9152,low,0.1429
CUST018937,866,excellent,95.81,98.78,91.43,75.52,98.47,94.2794,3.28,20,0,0,0,0,0,2,4,45297.6,0.3864,low,0.3333
CUST018938,785,excellent,85.29,82.54,89.81,43.36,84.22,80.8416,13.68,15,1,0,0,0,0,0,6,129841.83,0.0983,low,0.0
CUST018939,807,excellent,99.15,91.23,63.58,37.43,91.58,84.5084,3.41,4,0,0,0,0,0,0,7,133078.65,0.035,low,0.0
CUST018940,803,excellent,85.89,94.1,85.86,32.56,94.43,83.8692,8.84,19,0,0,0,0,0,0,7,126572.06,0.0626,low,0.0
CUST018941,814,excellent,91.08,96.11,80.05,39.34,90.72,85.7252,1.28,6,1,0,0,0,0,0,4,85065.42,0.118,low,0.0
CUST018942,704,good,55.25,89.76,55.73,33.46,93.26,67.2986,8.86,2,0,1,0,0,0,0,2,35529.73,0.084,low,0.0
CUST018943,788,excellent,90.76,84.77,85.38,30.59,82.96,81.3595,12.96,12,1,0,0,0,0,0,2,649137.93,0.0261,low,0.0
CUST018944,750,excellent,60.65,94.68,89.17,42.01,78.16,75.0236,7.87,15,2,2,0,0,0,0,5,105507.6,0.2385,low,0.0
CUST018945,648,high_risk,38.51,83.68,33.58,45.37,99.05,58.0598,10.06,1,0,4,0,0,0,0,1,75615.14,0.1602,low,0.0
CUST018946,651,risky,30.24,97.9,47.68,64.09,59.13,58.4311,7.12,3,3,1,0,0,0,1,5,36131.46,1.2273,low,0.1667
CUST018947,739,good,88.11,88.8,12.42,41.35,96.43,73.1183,6.77,0,0,0,0,0,0,0,3,98963.91,0.0694,low,0.0
CUST018948,793,excellent,85.17,89.2,78.9,62.88,74.68,82.1615,4.85,7,2,0,0,0,0,1,0,350230.28,0.4353,low,0.5
CUST018949,755,excellent,90.65,87.8,31.15,32.38,98.06,75.7833,14.18,1,0,0,0,0,0,0,2,50510.04,0.1404,low,0.0
CUST018950,579,high_risk,13.53,91.91,48.63,35.86,33.25,46.5127,8.67,3,5,5,0,1,1,0,3,182056.44,0.6046,low,0.0
CUST018951,862,excellent,98.47,94.11,79.11,91.35,99.12,93.612,9.78,7,0,0,0,0,0,2,6,51567.22,0.401,low,0.25
CUST018952,820,excellent,92.97,78.25,99.33,59.47,97.96,86.6564,13.06,11,0,0,0,0,0,1,5,416307.91,0.5776,low,0.1667
CUST018953,806,excellent,95.04,88.1,81.24,32.45,91.62,84.2841,3.42,9,0,0,0,0,0,0,6,84768.33,0.0583,low,0.0
CUST018954,832,excellent,88.46,99.37,94.42,45.91,90.6,88.5882,8.49,19,0,0,0,0,0,1,6,87904.51,0.6041,low,0.1429
CUST018955,612,high_risk,13.89,89.33,45.49,78.24,66.65,51.9714,10.09,2,2,5,1,0,0,1,0,182145.84,2.0971,moderate,0.5
CUST018956,742,good,70.92,84.73,69.01,47.79,82.33,73.6034,14.75,8,1,1,0,0,0,0,6,75499.7,0.0889,low,0.0
CUST018957,816,excellent,91.07,87.7,89.07,62.3,82.59,86.036,14.07,13,1,0,0,0,0,1,2,45335.86,0.6811,low,0.3333
CUST018958,746,good,51.46,98.43,89.65,49.81,82.91,74.2581,3.37,18,1,2,0,0,0,0,2,199116.31,0.0561,low,0.0
CUST018959,866,excellent,96.37,97.54,93.71,76.13,97.49,94.4119,3.54,17,0,0,0,0,0,1,4,159852.48,0.3906,low,0.2
CUST018960,751,excellent,91.13,48.29,96.49,62.18,81.08,75.1799,56.24,20,1,0,0,0,0,1,4,76478.79,0.5386,low,0.2
CUST018961,787,excellent,91.23,76.44,66.04,68.49,95.68,81.1837,10.79,9,0,0,0,0,0,1,4,933426.05,0.3762,low,0.2
CUST018962,792,excellent,89.72,95.9,59.77,32.55,96.47,82.0367,2.84,3,0,0,0,0,0,0,1,267739.13,0.1661,low,0.0
CUST018963,790,excellent,93.58,94.11,55.96,30.38,92.41,81.6615,5.38,4,0,0,0,0,0,0,7,115160.85,0.15,low,0.0
CUST018964,845,excellent,98.49,98.91,95.21,31.89,92.03,90.8176,2.59,14,0,0,0,0,0,0,2,75206.36,0.1475,low,0.0
CUST018965,774,excellent,85.28,91.46,50.75,47.13,93.35,78.9467,9.55,4,0,0,0,0,0,1,3,72798.15,0.4833,low,0.25
CUST018966,841,excellent,89.2,91.99,99.85,63.18,99.88,90.0981,1.55,17,0,0,0,0,0,1,5,41959.56,0.8339,low,0.1667
CUST018967,828,excellent,88.98,92.28,93.08,61.62,90.22,87.9747,0.92,14,0,0,0,0,0,1,6,125179.4,0.4707,low,0.1429
CUST018968,785,excellent,96.29,83.19,53.66,49.39,91.97,80.8461,13.72,2,1,0,0,0,0,0,5,128412.11,0.0653,low,0.0
CUST018969,692,risky,48.36,92.31,86.39,36.91,41.05,65.3726,1.22,20,4,4,0,0,0,0,0,140631.1,0.1062,low,0.0
CUST018970,813,excellent,93.17,77.16,99.67,57.94,90.78,85.579,10.4,20,0,0,0,0,0,1,5,78483.89,0.3763,low,0.1667
CUST018971,832,excellent,90.17,86.83,93.39,79.46,90.77,88.6387,14.97,14,0,0,0,0,0,2,5,155698.64,0.4244,low,0.2857
CUST018972,832,excellent,89.82,95.75,99.13,41.0,96.16,88.7451,7.04,11,0,0,0,0,0,0,2,246380.77,0.0848,low,0.0
CUST018973,691,risky,54.65,86.94,65.42,31.17,69.87,65.1244,12.96,7,2,4,0,0,0,0,7,31436.17,0.0798,low,0.0
CUST018974,788,excellent,96.16,80.93,71.69,37.32,88.51,81.2722,10.05,5,1,0,0,0,0,0,5,32435.17,0.0471,low,0.0
CUST018975,778,excellent,97.63,75.13,72.49,52.16,68.15,79.6116,28.3,5,2,0,0,0,0,0,1,68778.35,0.1363,low,0.0
CUST018976,704,good,43.12,96.9,88.69,34.69,63.71,67.3051,7.33,17,3,1,0,0,0,0,6,230581.22,0.0561,low,0.0
CUST018977,805,excellent,97.12,88.43,66.55,46.4,90.46,84.1884,10.48,8,0,0,0,0,0,1,4,204691.85,0.3936,low,0.2
CUST018978,835,excellent,98.27,84.02,94.01,67.39,87.19,89.1576,10.73,10,1,0,0,0,0,1,2,230855.08,0.5704,low,0.3333
CUST018979,817,excellent,91.56,87.54,79.54,68.38,91.43,86.2184,10.29,9,0,0,0,0,0,1,7,66559.21,0.563,low,0.125
CUST018980,718,good,49.91,89.68,71.51,77.32,78.82,69.7159,13.13,6,2,3,0,0,0,1,5,91178.95,1.2955,low,0.1667
CUST018981,814,excellent,88.92,86.49,73.39,77.16,99.51,85.7452,11.04,9,0,0,0,0,0,1,5,203752.39,0.7961,low,0.1667
CUST018982,830,excellent,97.81,91.68,91.44,38.99,89.71,88.3254,0.11,13,1,0,0,0,0,0,7,22979.45,0.1103,low,0.0
CUST018983,813,excellent,88.63,89.67,95.26,34.58,98.22,85.4924,7.79,12,0,0,0,0,0,0,7,69659.18,0.0744,low,0.0
CUST018984,797,excellent,87.65,94.39,72.41,47.58,81.4,82.7515,7.4,8,1,0,0,0,0,0,4,322449.88,0.0455,low,0.0
CUST018985,811,excellent,91.79,78.3,79.49,78.06,97.72,85.1179,12.63,9,0,0,0,0,0,1,3,326029.0,0.4989,low,0.25
CUST018986,782,excellent,97.34,88.47,45.58,42.22,85.99,80.2688,11.85,1,1,0,0,0,0,0,3,36726.13,0.039,low,0.0
CUST018987,758,excellent,68.85,97.99,73.54,34.27,84.56,76.41,0.94,9,1,0,0,0,0,0,6,89444.22,0.1233,low,0.0
CUST018988,764,excellent,88.61,75.63,65.75,58.01,79.53,77.3188,14.0,5,2,0,0,0,0,1,4,266930.86,0.5894,low,0.2
CUST018989,673,risky,17.52,99.37,93.79,66.01,64.77,62.0886,7.45,10,3,3,0,0,0,1,6,105774.59,1.8942,moderate,0.1429
CUST018990,597,high_risk,13.24,90.69,54.83,61.33,43.77,49.5773,7.62,2,4,5,0,0,0,1,0,20557.57,1.9272,moderate,0.5
CUST018991,820,excellent,92.85,88.68,98.52,34.51,93.14,86.6456,9.51,12,0,0,0,0,0,0,7,68336.6,0.1215,low,0.0
CUST018992,677,risky,27.07,87.82,95.41,74.34,62.06,62.7752,10.4,17,3,3,0,0,0,1,5,111264.87,1.2334,low,0.1667
CUST018993,687,risky,23.46,99.78,80.11,64.7,89.03,64.5366,9.87,7,1,4,0,0,0,1,2,34312.44,1.2669,low,0.3333
CUST018994,749,good,66.28,76.13,89.81,62.42,91.52,74.9041,10.58,18,0,1,0,0,0,1,6,512949.17,0.6725,low,0.1429
CUST018995,845,excellent,92.15,97.38,99.47,49.97,95.13,90.8954,8.82,18,0,0,0,0,0,0,3,89930.18,0.0845,low,0.0
CUST018996,817,excellent,98.49,90.35,54.19,73.13,91.4,86.1571,0.93,3,0,0,0,0,0,1,7,96038.12,0.4354,low,0.125
CUST018997,815,excellent,94.88,89.18,78.02,74.52,67.74,85.8885,13.06,5,2,0,0,0,0,1,4,348753.77,0.4196,low,0.2
CUST018998,673,risky,47.35,89.3,54.43,73.45,43.26,62.1956,14.94,2,3,4,0,0,0,1,6,76388.03,1.3446,low,0.1429
CUST018999,665,risky,27.29,89.97,89.95,72.83,45.7,60.8879,13.3,20,4,3,0,0,0,1,1,1044823.23,1.4815,low,0.5
CUST019000,795,excellent,85.97,85.55,68.15,71.82,93.01,82.4591,14.42,5,0,0,0,0,0,1,6,61922.76,0.6379,low,0.1429
CUST019001,776,excellent,90.25,94.12,46.98,31.33,92.82,79.2881,9.49,2,0,0,0,0,0,0,0,203897.02,0.0093,low,0.0
CUST019002,763,excellent,86.73,76.36,60.68,53.98,93.24,77.0889,13.63,2,0,0,0,0,0,1,4,127129.93,0.3601,low,0.2
CUST019003,682,risky,40.65,92.67,69.71,34.01,77.45,63.6307,2.79,6,2,4,0,0,0,0,4,86150.9,0.2353,low,0.0
CUST019004,792,excellent,92.79,89.75,64.84,35.65,93.75,82.0688,9.17,2,0,0,0,0,0,0,6,94419.67,0.0119,low,0.0
CUST019005,707,good,50.64,92.13,74.99,33.36,79.1,67.8572,2.64,6,2,1,0,0,0,0,1,42451.77,0.0224,low,0.0
CUST019006,753,excellent,90.98,95.84,17.91,35.26,87.44,75.5527,1.91,0,1,0,0,0,0,0,6,349343.93,0.1198,low,0.0
CUST019007,772,excellent,92.36,87.3,46.12,49.94,82.7,78.6992,11.52,2,1,0,0,0,0,0,7,101690.37,0.001,low,0.0
CUST019008,802,excellent,92.29,97.92,52.62,54.26,87.35,83.7307,1.63,4,1,0,0,0,0,2,0,335705.09,0.9929,low,0.6667
CUST019009,671,risky,54.53,76.0,70.08,53.14,40.61,61.7734,29.7,5,3,1,0,0,0,0,7,168380.9,0.0657,low,0.0
CUST019010,618,high_risk,14.04,93.59,61.77,75.26,41.79,52.9624,0.65,2,5,8,0,0,0,1,7,88862.82,1.6951,moderate,0.125
CUST019011,794,excellent,85.44,88.9,84.1,39.56,91.89,82.3313,1.09,5,0,0,0,0,0,0,4,49644.04,0.1126,low,0.0
CUST019012,760,excellent,94.87,55.41,79.51,62.75,85.82,76.6098,38.31,8,1,0,0,0,0,0,3,76904.59,0.0756,low,0.0
CUST019013,820,excellent,86.28,95.5,93.33,42.18,96.49,86.7136,0.39,12,0,0,0,0,0,0,6,217048.68,0.0461,low,0.0
CUST019014,835,excellent,91.5,95.04,90.56,58.94,92.36,89.249,6.11,11,0,0,0,0,0,1,3,58897.24,0.5743,low,0.25
CUST019015,842,excellent,97.42,85.88,98.08,60.75,97.13,90.3571,11.09,10,0,0,0,0,0,1,1,39348.89,0.9229,low,0.5
CUST019016,851,excellent,93.43,90.18,98.46,74.14,98.75,91.8121,8.99,13,0,0,0,0,0,1,1,337584.09,0.3343,low,0.5
CUST019017,544,high_risk,7.55,98.18,13.08,43.1,23.64,40.7317,0.79,0,5,8,0,1,1,0,1,333170.03,0.6148,low,0.0
CUST019018,790,excellent,93.45,66.75,95.59,55.68,90.16,81.6549,46.04,15,1,0,0,0,0,1,5,257725.78,0.6053,low,0.1667
CUST019019,838,excellent,96.22,87.6,93.72,63.3,93.76,89.7215,23.85,18,0,0,0,0,0,0,1,79713.15,0.048,low,0.0
CUST019020,766,excellent,93.83,79.28,51.35,47.35,85.48,77.6104,24.14,3,1,0,0,0,0,1,7,35746.06,0.9083,low,0.125
CUST019021,787,excellent,93.49,82.05,80.53,33.6,83.25,81.101,13.66,7,1,0,0,0,0,0,4,49713.88,0.0673,low,0.0
CUST019022,840,excellent,99.23,97.04,88.06,46.65,83.48,90.0636,8.1,14,1,0,0,0,0,0,0,549931.89,0.0078,low,0.0
CUST019023,804,excellent,89.52,82.26,91.51,48.09,94.18,83.9625,26.21,18,0,0,0,0,0,1,1,51889.41,0.887,low,0.5
CUST019024,769,excellent,95.29,81.86,50.6,30.39,97.06,78.2478,12.84,2,0,0,0,0,0,0,5,175258.83,0.0805,low,0.0
CUST019025,798,excellent,92.13,78.33,93.9,33.83,98.22,83.0334,11.76,10,0,0,0,0,0,0,5,351633.78,0.0377,low,0.0
CUST019026,666,risky,30.29,81.0,80.48,42.14,97.54,60.942,13.62,6,0,3,0,0,0,0,7,59385.73,0.0846,low,0.0
CUST019027,706,good,63.24,90.07,30.66,47.49,90.95,67.5979,9.84,0,1,3,0,0,0,0,2,113960.07,0.0425,low,0.0
CUST019028,833,excellent,87.56,97.68,97.46,49.01,92.95,88.7629,1.13,15,0,0,0,0,0,0,6,29819.38,0.0458,low,0.0
CUST019029,779,excellent,92.46,83.37,59.78,49.42,86.28,79.911,13.2,4,1,0,0,0,0,1,1,117452.35,0.9189,low,0.5
CUST019030,776,excellent,89.28,76.47,73.18,43.1,98.94,79.3678,14.83,9,0,0,0,0,0,0,1,134882.43,0.0427,low,0.0
CUST019031,790,excellent,93.0,74.83,87.2,62.75,72.92,81.6488,49.08,18,2,0,0,0,0,0,0,17798.17,0.146,low,0.0
CUST019032,825,excellent,92.82,95.12,82.63,48.4,92.72,87.5302,5.42,7,0,0,0,0,0,0,4,54032.95,0.1282,low,0.0
CUST019033,794,excellent,95.06,89.5,58.65,34.75,98.88,82.283,0.56,2,0,0,0,0,0,0,7,171712.38,0.0951,low,0.0
CUST019034,736,good,69.16,96.28,50.0,31.65,88.52,72.6079,4.69,4,1,0,0,0,0,0,1,59301.27,0.1422,low,0.0
CUST019035,676,risky,49.44,76.44,84.56,37.78,58.85,62.5848,14.83,9,3,4,0,0,0,0,7,77359.9,0.1921,low,0.0
CUST019036,745,good,66.44,88.95,75.0,46.35,83.13,74.1369,4.87,8,1,0,0,0,0,0,7,146142.86,0.0603,low,0.0
CUST019037,792,excellent,90.04,88.73,80.93,32.87,83.59,81.9183,11.27,7,1,0,0,0,0,0,4,153863.63,0.0446,low,0.0
CUST019038,826,excellent,96.62,88.78,90.74,45.47,90.42,87.6505,1.35,10,0,0,0,0,0,0,1,184879.27,0.0195,low,0.0
CUST019039,717,good,44.21,99.37,87.74,48.45,61.8,69.4699,6.8,15,3,3,0,0,0,0,6,211711.45,0.2056,low,0.0
CUST019040,680,risky,31.03,89.29,89.36,47.72,75.85,63.4093,4.75,10,2,1,0,0,0,0,5,107117.01,0.0608,low,0.0
CUST019041,785,excellent,87.75,91.93,69.74,44.63,75.73,80.7873,7.64,6,2,0,0,0,0,0,2,83120.97,0.0182,low,0.0
CUST019042,781,excellent,85.48,90.79,61.81,47.34,90.27,80.1878,4.36,3,0,0,0,0,0,0,4,48421.25,0.0731,low,0.0
CUST019043,827,excellent,91.42,98.15,92.17,31.5,93.49,87.7692,9.06,14,0,0,0,0,0,0,5,88899.02,0.1471,low,0.0
CUST019044,754,excellent,96.78,85.46,13.58,49.35,91.78,75.6616,11.43,0,0,0,0,0,0,0,5,183029.23,0.0739,low,0.0
CUST019045,762,excellent,97.18,92.87,14.57,30.07,99.84,77.0496,8.84,0,0,0,0,0,0,0,2,27835.32,0.0503,low,0.0
CUST019046,770,excellent,87.8,92.18,41.26,39.89,98.23,78.3847,6.74,1,0,0,0,0,0,0,3,22142.23,0.0212,low,0.0
CUST019047,643,high_risk,24.42,87.34,98.62,35.02,41.19,57.1628,13.54,10,4,8,0,0,1,0,7,165261.79,0.5899,low,0.0
CUST019048,824,excellent,91.9,98.87,55.18,75.58,96.06,87.2672,3.29,3,0,0,0,0,0,1,1,76353.32,0.6178,low,0.5
CUST019049,677,risky,40.37,75.57,93.35,42.72,78.05,62.8803,10.93,10,2,3,0,0,0,0,4,274268.61,0.0011,low,0.0
CUST019050,784,excellent,99.15,94.11,23.34,52.45,89.99,80.6803,7.66,0,1,0,0,0,0,1,1,169315.07,0.8397,low,0.5
CUST019051,827,excellent,96.61,88.81,96.3,36.53,92.31,87.7868,2.52,10,0,0,0,0,0,0,5,208276.1,0.0551,low,0.0
CUST019052,772,excellent,62.53,99.98,83.42,48.04,95.08,78.7055,7.63,6,0,3,0,0,0,0,1,172346.95,0.0656,low,0.0
CUST019053,813,excellent,92.51,82.55,95.14,65.28,76.22,85.5656,12.49,13,2,0,0,0,0,1,0,51567.94,0.7924,low,0.5
CUST019054,756,excellent,69.8,80.15,77.32,76.63,81.95,75.9311,12.99,8,1,1,0,0,0,1,1,67806.96,0.983,low,0.5
CUST019055,729,good,50.09,99.3,74.11,42.16,88.34,71.4894,7.55,6,1,3,0,0,0,0,1,97925.83,0.1239,low,0.0
CUST019056,716,good,67.52,89.29,44.27,32.49,90.69,69.3792,6.88,1,0,0,0,0,0,0,4,182225.35,0.0394,low,0.0
CUST019057,800,excellent,96.91,98.16,51.25,32.94,90.02,83.3512,5.74,2,1,0,0,0,0,0,1,150014.86,0.1015,low,0.0
CUST019058,815,excellent,92.77,84.27,90.71,63.99,80.68,85.8222,11.57,10,1,0,0,0,0,1,2,34459.21,0.7994,low,0.3333
CUST019059,804,excellent,91.59,97.01,70.94,30.28,92.32,84.0595,9.97,5,0,0,0,0,0,0,4,65467.78,0.1207,low,0.0
CUST019060,799,excellent,93.26,89.23,61.64,49.07,96.49,83.2112,10.63,2,0,0,0,0,0,1,6,151986.24,0.5413,low,0.1429
CUST019061,822,excellent,96.39,89.77,69.88,60.57,97.4,86.945,14.96,8,0,0,0,0,0,1,3,428711.57,0.9264,low,0.25
CUST019062,796,excellent,86.36,89.91,95.48,37.97,72.81,82.5999,7.45,12,2,0,0,0,0,0,1,30743.11,0.1402,low,0.0
CUST019063,743,good,77.49,57.35,98.81,59.86,87.46,73.8801,49.34,13,1,0,0,0,0,0,3,50762.94,0.1264,low,0.0
CUST019064,730,good,50.53,95.6,90.09,39.88,78.44,71.7126,8.52,12,2,4,0,0,0,0,1,91761.39,0.1065,low,0.0
CUST019065,686,risky,36.22,91.7,92.01,46.58,56.07,64.2553,0.1,13,3,2,0,0,0,0,6,95950.98,0.1351,low,0.0
CUST019066,723,good,73.91,91.3,30.39,41.38,85.73,70.529,6.5,0,1,0,0,0,0,0,0,172751.84,0.0504,low,0.0
CUST019067,735,good,74.83,89.18,51.65,49.81,69.05,72.5775,7.26,3,2,0,0,0,0,0,1,168511.26,0.0459,low,0.0
CUST019068,779,excellent,67.57,88.4,94.17,74.03,81.03,79.7998,3.97,15,1,0,0,0,0,1,6,333559.55,0.9307,low,0.1429
CUST019069,799,excellent,92.56,83.22,89.57,41.19,82.84,83.2024,11.83,17,1,0,0,0,0,0,7,21751.62,0.1574,low,0.0
CUST019070,742,good,66.81,75.16,79.91,65.5,91.66,73.6346,14.05,7,0,0,0,0,0,1,1,112296.92,0.8918,low,0.5
CUST019071,791,excellent,97.67,80.75,80.99,31.42,81.74,81.8742,14.81,5,1,0,0,0,0,0,0,118280.56,0.13,low,0.0
CUST019072,787,excellent,99.57,77.87,64.87,37.1,95.47,81.1984,12.49,2,0,0,0,0,0,0,4,37390.87,0.0964,low,0.0
CUST019073,719,good,88.82,32.47,86.88,61.29,98.11,69.8003,50.89,11,0,0,0,0,0,0,0,39863.74,0.0289,low,0.0
CUST019074,837,excellent,94.58,94.85,86.15,63.84,87.05,89.5683,6.21,19,1,0,0,0,0,2,1,271620.21,0.8105,low,0.6667
CUST019075,849,excellent,97.15,92.61,98.8,58.76,90.84,91.5671,1.37,19,1,0,0,0,0,1,0,92279.23,0.6958,low,0.5
CUST019076,804,excellent,89.39,99.22,46.37,59.9,99.9,83.9875,1.05,1,0,0,0,0,0,1,4,68941.82,0.3723,low,0.2
CUST019077,724,good,67.47,79.13,77.2,34.4,83.29,70.6997,14.34,8,1,0,0,0,0,0,5,40989.9,0.1568,low,0.0
CUST019078,801,excellent,91.17,82.95,89.46,37.1,96.25,83.5466,11.53,12,0,0,0,0,0,0,5,141191.08,0.0179,low,0.0
CUST019079,606,high_risk,11.72,97.06,67.89,34.93,41.8,51.078,3.22,5,5,3,0,1,1,0,1,59143.32,0.6415,low,0.0
CUST019080,800,excellent,92.87,90.19,89.81,30.33,72.27,83.2926,9.17,18,2,0,0,0,0,0,4,232580.13,0.0542,low,0.0
CUST019081,854,excellent,94.71,97.57,96.78,71.81,82.81,92.4004,4.1,17,1,0,0,0,0,1,0,47227.31,0.4937,low,0.5
CUST019082,813,excellent,90.72,99.8,66.07,44.84,93.72,85.4604,5.9,9,0,0,0,0,0,0,4,212191.29,0.0026,low,0.0
CUST019083,660,risky,26.89,98.42,75.91,46.27,51.11,60.0627,5.62,8,4,5,0,0,1,0,5,161638.55,0.454,low,0.0
CUST019084,765,excellent,88.1,75.74,64.43,48.97,94.48,77.567,10.04,2,0,0,0,0,0,0,4,301676.64,0.1233,low,0.0
CUST019085,770,excellent,65.28,97.89,80.2,41.63,99.65,78.3744,5.36,6,0,1,0,0,0,0,0,182090.38,0.0294,low,0.0
CUST019086,752,excellent,88.59,76.09,47.88,48.24,95.16,75.356,14.3,4,0,0,0,0,0,0,6,90186.87,0.0322,low,0.0
CUST019087,806,excellent,85.77,84.45,90.65,54.98,98.72,84.3254,12.64,18,0,0,0,0,0,1,2,207014.95,0.3591,low,0.3333
CUST019088,730,good,63.34,89.93,89.98,48.08,41.53,71.6094,14.19,17,4,4,0,0,0,0,0,241676.85,0.228,low,0.0
CUST019089,820,excellent,99.31,79.64,80.56,65.52,93.1,86.5982,13.31,8,0,0,0,0,0,1,0,140692.56,0.4884,low,0.5
CUST019090,725,good,48.33,97.32,69.4,79.94,63.36,70.8508,7.16,8,3,2,0,0,0,1,4,294458.78,0.8621,low,0.2
CUST019091,818,excellent,97.47,92.87,69.65,47.19,91.77,86.3194,4.89,5,0,0,0,0,0,0,0,158331.54,0.0872,low,0.0
CUST019092,763,excellent,95.16,86.2,40.94,36.61,81.15,77.0834,10.12,1,1,0,0,0,0,0,7,532828.84,0.0563,low,0.0
CUST019093,800,excellent,94.52,78.83,89.12,36.15,96.37,83.3514,13.27,17,0,0,0,0,0,0,3,189091.28,0.1392,low,0.0
CUST019094,803,excellent,90.22,90.04,75.02,40.42,98.86,83.7713,7.8,9,0,0,0,0,0,0,0,197428.57,0.0185,low,0.0
CUST019095,696,risky,43.46,94.38,81.95,47.28,55.34,66.0783,7.48,9,3,4,0,0,0,0,3,695716.61,0.0095,low,0.0
CUST019096,704,good,44.47,99.41,67.84,41.21,76.85,67.3693,7.25,5,2,4,0,0,0,0,0,44690.57,0.0514,low,0.0
CUST019097,651,risky,53.46,78.0,20.22,41.33,91.77,58.456,12.84,0,1,1,0,0,0,0,3,75456.5,0.1115,low,0.0
CUST019098,792,excellent,99.84,98.23,33.33,35.66,90.3,82.0063,2.84,0,0,0,0,0,0,0,5,304106.38,0.0751,low,0.0
CUST019099,812,excellent,89.78,84.63,95.72,48.91,92.91,85.3531,12.31,19,0,0,0,0,0,0,1,46668.96,0.0703,low,0.0
CUST019100,798,excellent,99.92,89.13,53.41,43.58,89.85,83.0665,3.95,2,1,0,0,0,0,0,2,45693.03,0.1162,low,0.0
CUST019101,800,excellent,89.88,92.07,59.68,68.57,84.51,83.3377,5.35,4,1,0,0,0,0,1,4,56561.79,0.9281,low,0.2
CUST019102,786,excellent,87.89,99.0,48.26,36.68,96.73,81.0444,4.54,4,0,0,0,0,0,0,4,91027.73,0.0446,low,0.0
CUST019103,699,risky,44.87,91.4,82.67,37.46,72.46,66.5184,7.38,6,2,2,0,0,0,0,4,102592.21,0.2224,low,0.0
CUST019104,739,good,90.12,80.34,19.96,48.83,95.92,73.114,12.12,0,0,0,0,0,0,0,6,278607.95,0.0972,low,0.0
CUST019105,785,excellent,86.12,90.26,67.25,42.48,91.94,80.7522,3.58,9,1,0,0,0,0,0,3,208015.83,0.0969,low,0.0
CUST019106,746,good,96.43,79.19,34.75,32.39,83.58,74.3151,10.29,1,1,0,0,0,0,0,3,49660.68,0.1264,low,0.0
CUST019107,797,excellent,78.13,95.1,95.01,34.4,93.03,82.87,9.04,16,0,1,0,0,0,0,3,1393719.98,0.0905,low,0.0
CUST019108,565,high_risk,14.37,86.98,32.35,63.25,29.03,44.2055,14.68,0,6,5,0,0,0,1,2,108820.72,1.2272,low,0.3333
CUST019109,815,excellent,86.55,94.27,85.13,45.14,99.55,85.8135,4.82,11,0,0,0,0,0,0,6,263063.61,0.0693,low,0.0
CUST019110,787,excellent,92.67,82.71,48.55,70.06,96.63,81.1974,10.03,3,0,0,0,0,0,1,3,71970.22,0.4811,low,0.25
CUST019111,825,excellent,94.56,95.1,83.07,46.75,87.71,87.5304,2.75,9,1,0,0,0,0,0,1,200066.67,0.046,low,0.0
CUST019112,832,excellent,94.71,89.79,98.51,46.24,91.79,88.6657,6.03,10,0,0,0,0,0,0,1,54843.09,0.0992,low,0.0
CUST019113,680,risky,43.19,72.1,97.98,51.78,66.78,63.3009,30.53,10,2,3,0,0,0,0,4,22940.37,0.1568,low,0.0
CUST019114,815,excellent,92.71,88.99,88.72,35.63,98.32,85.8501,3.46,12,0,0,0,0,0,0,1,152197.32,0.0453,low,0.0
CUST019115,787,excellent,87.92,92.8,62.22,36.62,96.1,81.2166,3.79,2,0,0,0,0,0,0,0,168749.45,0.1117,low,0.0
CUST019116,795,excellent,97.7,79.07,65.72,48.59,99.46,82.5801,13.7,6,0,0,0,0,0,0,5,36166.82,0.0396,low,0.0
CUST019117,837,excellent,88.7,92.07,95.38,66.59,98.57,89.4868,7.39,14,0,0,0,0,0,1,1,79550.63,0.5768,low,0.5
CUST019118,818,excellent,92.3,82.52,81.39,78.15,92.17,86.3026,10.2,7,0,0,0,0,0,1,4,112883.4,0.6381,low,0.2
CUST019119,781,excellent,98.29,88.97,37.84,42.9,91.71,80.2271,14.08,1,0,0,0,0,0,0,7,229334.36,0.032,low,0.0
CUST019120,795,excellent,73.55,99.08,86.28,41.86,99.01,82.4972,9.68,15,0,1,0,0,0,0,2,249943.83,0.1213,low,0.0
CUST019121,796,excellent,75.8,90.47,85.5,65.48,95.91,82.6355,8.46,16,0,1,0,0,0,1,1,372200.33,0.82,low,0.5
CUST019122,695,risky,62.05,83.06,69.03,45.24,42.93,65.8057,11.43,9,3,3,0,0,0,0,5,46903.51,0.1447,low,0.0
CUST019123,838,excellent,97.14,88.5,85.74,68.74,94.33,89.7204,1.23,11,0,0,0,0,0,1,7,143738.69,0.7164,low,0.125
CUST019124,812,excellent,87.09,84.98,91.56,57.3,98.37,85.2766,12.24,13,0,0,0,0,0,1,7,725503.01,0.5755,low,0.125
CUST019125,826,excellent,97.49,95.05,75.34,38.93,99.0,87.7288,0.93,9,0,0,0,0,0,0,6,37070.02,0.0713,low,0.0
CUST019126,808,excellent,93.55,93.24,76.09,44.98,80.63,84.6892,1.62,8,1,0,0,0,0,0,0,71540.01,0.1355,low,0.0
CUST019127,810,excellent,87.49,89.97,91.95,40.12,95.98,85.0153,3.13,13,0,0,0,0,0,0,2,85778.7,0.086,low,0.0
CUST019128,834,excellent,99.77,88.34,89.51,45.49,96.43,89.0423,1.25,10,0,0,0,0,0,1,6,102356.42,0.4412,low,0.1429
CUST019129,813,excellent,88.52,89.44,91.06,69.46,70.12,85.4301,9.11,10,2,0,0,0,0,1,2,216748.38,0.5896,low,0.3333
CUST019130,792,excellent,86.68,79.98,99.74,32.16,95.62,82.0719,11.92,20,0,0,0,0,0,0,7,119073.02,0.0177,low,0.0
CUST019131,769,excellent,90.33,93.46,50.54,41.81,68.32,78.2499,0.36,4,2,0,0,0,0,0,0,175510.92,0.0482,low,0.0
CUST019132,815,excellent,86.36,83.66,85.72,77.53,98.83,85.8194,22.62,15,0,0,0,0,0,2,4,64066.99,0.7211,low,0.3333
CUST019133,821,excellent,90.8,92.74,95.89,31.71,97.31,86.8864,4.64,13,0,0,0,0,0,0,3,46959.23,0.088,low,0.0
CUST019134,808,excellent,93.69,79.46,88.88,54.27,92.05,84.5932,10.51,15,0,0,0,0,0,1,2,38668.35,0.5664,low,0.3333
CUST019135,731,good,60.73,88.05,65.48,66.45,86.93,71.8293,13.4,7,1,2,0,0,0,1,4,85149.07,1.125,low,0.2
CUST019136,698,risky,54.08,93.63,65.92,43.89,50.6,66.3548,1.09,7,3,4,0,0,0,0,7,150772.89,0.1956,low,0.0
CUST019137,825,excellent,89.47,97.74,98.27,30.88,90.88,87.5526,6.66,19,0,0,0,0,0,0,7,158890.34,0.1433,low,0.0
CUST019138,657,risky,17.04,94.3,76.24,69.02,79.02,59.4931,0.94,8,2,5,0,0,0,1,1,125717.89,1.9814,moderate,0.5
CUST019139,657,risky,53.37,77.18,30.0,41.32,90.3,59.4972,13.43,1,0,4,0,0,0,0,6,312459.08,0.2254,low,0.0
CUST019140,809,excellent,97.74,91.62,49.47,59.37,97.4,84.7927,1.95,1,0,0,0,0,0,1,4,109003.76,0.6987,low,0.2
CUST019141,812,excellent,97.47,96.43,59.4,40.26,93.68,85.3464,2.67,4,0,0,0,0,0,0,1,220267.09,0.0206,low,0.0
CUST019142,800,excellent,88.87,92.91,73.41,52.46,81.63,83.3971,1.99,5,1,0,0,0,0,1,4,78575.05,0.9999,low,0.2
CUST019143,798,excellent,77.37,88.23,94.14,72.24,80.25,82.9182,7.27,11,1,0,0,0,0,1,2,204561.18,0.5027,low,0.3333
CUST019144,768,excellent,96.85,85.82,33.57,45.91,88.02,78.0741,13.94,1,1,0,0,0,0,0,5,239697.62,0.105,low,0.0
CUST019145,814,excellent,96.93,83.42,81.76,47.42,97.47,85.7044,10.09,8,0,0,0,0,0,0,2,200234.06,0.1615,low,0.0
CUST019146,844,excellent,92.84,98.55,75.28,73.23,99.99,90.6739,8.69,7,0,0,0,0,0,1,0,72599.54,0.86,low,0.5
CUST019147,761,excellent,92.76,89.13,31.97,46.1,81.98,76.809,6.17,1,1,0,0,0,0,0,7,216781.14,0.1666,low,0.0
CUST019148,715,good,48.88,96.58,75.06,67.8,59.92,69.1116,1.88,6,3,1,0,0,0,1,7,85564.95,1.3595,low,0.125
CUST019149,572,high_risk,26.15,75.73,49.79,40.26,20.09,45.3769,14.24,2,7,5,0,0,1,0,1,55193.78,0.1822,low,0.0
CUST019150,794,excellent,95.4,94.9,45.98,42.58,93.67,82.3819,5.42,1,0,0,0,0,0,0,7,37414.36,0.1424,low,0.0
CUST019151,821,excellent,92.73,95.89,82.0,33.54,99.52,86.8288,3.45,9,0,0,0,0,0,0,4,441867.8,0.0647,low,0.0
CUST019152,765,excellent,92.3,96.28,31.15,46.98,69.54,77.5128,7.57,1,2,0,0,0,0,0,5,148654.16,0.1511,low,0.0
CUST019153,825,excellent,98.98,78.19,91.72,63.59,93.54,87.5738,11.05,18,0,0,0,0,0,1,3,68989.4,0.3598,low,0.25
CUST019154,784,excellent,87.12,89.34,72.47,31.53,92.7,80.5843,5.33,8,0,0,0,0,0,0,7,767792.61,0.0474,low,0.0
CUST019155,840,excellent,98.08,93.46,76.54,73.21,87.98,89.9682,0.66,7,1,0,0,0,0,1,4,3679.69,0.9273,low,0.2
CUST019156,779,excellent,87.16,78.46,76.8,48.94,93.07,79.7637,10.9,8,0,0,0,0,0,1,4,60004.8,0.7689,low,0.2
CUST019157,633,high_risk,46.87,38.81,98.56,46.71,80.04,55.5086,66.77,18,1,4,0,0,0,0,6,81503.73,0.2212,low,0.0
CUST019158,707,good,36.19,90.56,89.47,78.18,67.46,67.8212,1.98,14,2,2,0,0,0,1,4,111390.45,0.9601,low,0.2
CUST019159,706,good,66.29,86.74,32.21,49.22,86.29,67.6084,11.03,0,1,1,0,0,0,0,5,280084.86,0.007,low,0.0
CUST019160,781,excellent,99.26,89.06,55.56,33.28,70.91,80.2115,3.51,2,2,0,0,0,0,0,5,289347.11,0.0485,low,0.0
CUST019161,801,excellent,88.67,88.1,90.12,37.54,87.41,83.4785,12.27,11,1,0,0,0,0,0,5,21215.65,0.1391,low,0.0
CUST019162,636,high_risk,19.2,78.54,98.58,62.34,57.47,56.0503,14.8,10,4,5,0,0,0,1,2,152057.91,1.6209,moderate,0.3333
CUST019163,825,excellent,89.97,93.93,85.2,60.44,90.86,87.5785,7.24,11,1,0,0,0,0,1,4,66334.22,0.7531,low,0.2
CUST019164,807,excellent,86.15,91.89,92.1,45.59,84.1,84.5024,4.87,14,1,0,0,0,0,0,6,62027.22,0.0935,low,0.0
CUST019165,787,excellent,91.56,90.11,38.29,64.95,98.5,81.1674,8.4,1,0,0,0,0,0,1,2,86468.95,0.9904,low,0.3333
CUST019166,731,good,66.03,88.11,48.37,61.4,88.28,71.7653,1.21,2,1,0,0,0,0,1,4,119951.81,0.9111,low,0.2
CUST019167,768,excellent,96.9,86.31,51.38,30.97,73.69,77.9807,10.93,3,2,0,0,0,0,0,1,145060.2,0.1023,low,0.0
CUST019168,590,high_risk,19.52,85.01,47.51,63.41,34.5,48.2526,11.6,1,5,4,0,0,0,1,4,204654.77,2.0215,moderate,0.2
CUST019169,788,excellent,88.25,89.0,55.13,64.87,90.39,81.3821,2.51,4,0,0,0,0,0,1,3,302814.0,0.7807,low,0.25
CUST019170,690,risky,42.29,89.97,98.22,41.79,42.98,65.0004,12.59,17,3,1,0,0,0,0,2,75531.78,0.0306,low,0.0
CUST019171,684,risky,53.66,76.8,66.33,46.92,75.68,64.029,11.14,8,2,1,0,0,0,0,5,45669.61,0.208,low,0.0
CUST019172,747,good,70.61,88.41,68.71,35.69,94.34,74.5461,3.57,8,0,0,0,0,0,0,1,128943.75,0.0045,low,0.0
CUST019173,846,excellent,96.95,96.3,98.8,38.77,95.07,91.0274,7.14,19,0,0,0,0,0,0,7,4682.85,0.0867,low,0.0
CUST019174,587,high_risk,14.09,77.92,86.02,43.36,22.51,47.7961,10.94,12,5,6,1,1,1,0,2,55089.84,0.2481,low,0.0
CUST019175,817,excellent,87.08,98.52,63.56,65.79,99.47,86.0939,2.74,2,0,0,0,0,0,1,1,24633.75,0.7487,low,0.5
CUST019176,577,high_risk,13.96,94.35,38.82,66.54,14.97,46.1651,0.35,1,8,3,1,0,0,1,6,74695.09,1.4516,low,0.1429
CUST019177,840,excellent,93.09,97.97,86.22,57.93,93.44,90.0412,0.67,12,0,0,0,0,0,1,0,132834.35,0.4861,low,0.5
CUST019178,676,risky,53.35,75.73,75.56,42.19,56.91,62.6369,12.04,6,4,4,0,0,0,0,5,24511.24,0.1403,low,0.0
CUST019179,794,excellent,79.06,91.12,76.68,63.65,94.39,82.3112,1.16,6,0,0,0,0,0,1,7,161833.62,0.9084,low,0.125
CUST019180,832,excellent,87.59,95.62,86.6,66.47,97.43,88.7223,9.91,10,0,0,0,0,0,1,4,98276.77,0.4256,low,0.2
CUST019181,798,excellent,94.77,89.6,48.64,73.16,83.85,83.0463,6.39,3,1,0,0,0,0,1,2,131153.85,0.7708,low,0.3333
CUST019182,665,risky,30.58,94.05,54.83,47.7,89.87,60.8991,4.49,3,1,2,0,0,0,0,0,198325.64,0.0613,low,0.0
CUST019183,789,excellent,98.43,87.39,25.74,82.44,86.9,81.4627,10.97,0,1,0,0,0,0,2,3,171782.13,0.73,low,0.4
CUST019184,821,excellent,93.75,80.96,93.74,66.33,90.25,86.8187,13.17,11,0,0,0,0,0,1,7,275334.44,0.9581,low,0.125
CUST019185,824,excellent,87.9,87.96,95.1,68.63,90.64,87.3412,10.36,18,0,0,0,0,0,1,3,77484.25,0.4524,low,0.25
CUST019186,821,excellent,93.57,92.78,77.72,46.48,99.73,86.8614,0.15,8,0,0,0,0,0,0,1,566847.75,0.0365,low,0.0
CUST019187,780,excellent,91.69,80.23,82.43,33.18,81.61,80.0027,12.62,9,1,0,0,0,0,0,3,324648.48,0.1661,low,0.0
CUST019188,838,excellent,99.62,89.59,97.74,36.15,96.59,89.6804,10.2,13,0,0,0,0,0,0,2,141015.5,0.0622,low,0.0
CUST019189,647,high_risk,25.3,89.08,69.32,30.73,87.3,57.7796,12.13,8,1,3,0,0,0,0,4,131704.35,0.0633,low,0.0
CUST019190,777,excellent,97.11,78.26,31.1,86.89,87.13,79.5326,12.59,0,1,0,0,0,0,2,5,75284.87,0.9862,low,0.2857
CUST019191,767,excellent,86.69,75.42,64.11,60.45,92.78,77.9061,10.37,4,0,0,0,0,0,1,7,123769.85,0.8682,low,0.125
CUST019192,641,high_risk,29.28,82.94,89.59,38.7,43.16,56.756,10.24,15,5,8,0,0,1,0,3,188981.49,0.3922,low,0.0
CUST019193,847,excellent,99.46,97.2,95.78,30.9,97.09,91.1359,2.41,10,0,0,0,0,0,0,6,31234.17,0.1174,low,0.0
CUST019194,824,excellent,91.08,98.86,75.11,61.39,84.69,87.4106,2.71,6,1,0,0,0,0,1,7,157423.15,0.9946,low,0.125
CUST019195,835,excellent,95.22,90.89,97.72,43.49,94.93,89.0931,7.08,20,0,0,0,0,0,0,2,19913.41,0.0867,low,0.0
CUST019196,752,excellent,66.56,80.16,70.29,80.52,94.35,75.3722,12.92,9,0,1,0,0,0,2,4,175656.59,0.3381,low,0.3333
CUST019197,572,high_risk,12.27,90.8,44.39,42.23,28.53,45.2715,3.68,1,5,3,0,0,1,0,0,511392.31,0.6047,low,0.0
CUST019198,817,excellent,92.4,98.29,69.43,46.85,93.11,86.2389,1.68,6,0,0,0,0,0,0,3,860805.68,0.0199,low,0.0
CUST019199,806,excellent,88.26,98.55,80.96,31.98,86.05,84.4049,2.68,6,1,0,0,0,0,0,2,352303.87,0.0825,low,0.0
CUST019200,828,excellent,93.46,95.85,83.09,53.15,86.86,87.9308,1.12,7,1,0,0,0,0,1,7,126437.61,0.5151,low,0.125
CUST019201,840,excellent,99.87,97.91,75.88,56.2,86.34,89.9631,1.42,9,1,0,0,0,0,1,6,214663.97,0.7103,low,0.1429
CUST019202,616,high_risk,4.1,90.27,92.2,42.6,61.21,52.7261,7.24,14,4,4,1,1,1,0,4,92183.43,0.2922,low,0.0
CUST019203,804,excellent,91.82,84.28,85.27,39.1,99.52,84.0721,10.57,12,0,0,0,0,0,0,0,153216.94,0.0416,low,0.0
CUST019204,761,excellent,75.27,92.32,62.26,46.23,87.54,76.7577,4.03,3,1,1,0,0,0,1,1,49438.0,0.9742,low,0.5
CUST019205,620,high_risk,24.89,92.8,34.02,77.69,49.54,53.3779,7.99,0,4,3,0,0,0,1,2,631529.36,1.2428,low,0.3333
CUST019206,779,excellent,95.95,93.06,32.42,40.07,94.22,79.7915,7.58,1,0,0,0,0,0,0,2,132780.69,0.1614,low,0.0
CUST019207,829,excellent,87.85,93.77,95.56,50.75,97.98,88.0842,3.91,15,0,0,0,0,0,1,0,77450.27,0.9045,low,0.5
CUST019208,789,excellent,93.27,94.47,44.98,46.66,90.53,81.4534,9.26,1,1,0,0,0,0,0,0,62454.94,0.1271,low,0.0
CUST019209,856,excellent,93.47,97.21,94.93,75.54,89.35,92.6042,4.96,14,1,0,0,0,0,2,5,67997.91,0.3766,low,0.2857
CUST019210,747,good,58.78,93.8,91.17,43.8,76.49,74.4181,0.27,13,2,3,0,0,0,0,0,35672.4,0.1917,low,0.0
CUST019211,840,excellent,97.69,92.55,79.46,70.48,90.14,89.9395,7.67,7,1,0,0,0,0,1,2,66106.66,0.8519,low,0.3333
CUST019212,725,good,60.34,94.4,62.66,39.49,80.32,70.8192,7.35,4,1,1,0,0,0,0,5,71540.68,0.0403,low,0.0
CUST019213,805,excellent,95.21,93.79,53.05,48.42,98.57,84.1193,5.13,4,0,0,0,0,0,0,7,426232.88,0.0031,low,0.0
CUST019214,795,excellent,96.9,74.63,76.96,52.37,94.19,82.5029,31.08,6,0,0,0,0,0,0,7,597073.31,0.1155,low,0.0
CUST019215,829,excellent,97.88,97.01,78.18,39.27,91.8,88.1957,0.16,7,1,0,0,0,0,0,3,33784.64,0.0625,low,0.0
CUST019216,754,excellent,78.76,92.66,52.73,30.34,94.01,75.7116,5.61,2,0,0,0,0,0,0,1,88959.79,0.0714,low,0.0
CUST019217,701,good,37.45,89.43,97.48,32.04,91.51,66.9143,3.81,12,1,1,0,0,0,0,1,74142.57,0.0919,low,0.0
CUST019218,663,risky,41.74,68.6,85.68,52.92,72.14,60.5453,47.73,20,2,2,0,0,0,0,2,87463.9,0.2208,low,0.0
CUST019219,836,excellent,98.02,88.79,85.79,57.26,97.31,89.2691,4.06,12,0,0,0,0,0,1,5,111777.92,0.784,low,0.1667
CUST019220,585,high_risk,21.17,81.14,41.33,34.91,61.08,47.5485,11.58,1,3,6,0,0,1,0,7,14731.07,0.2799,low,0.0
CUST019221,777,excellent,59.82,97.45,99.94,43.25,99.65,79.4544,1.68,13,0,3,0,0,0,0,1,243125.03,0.0542,low,0.0
CUST019222,641,high_risk,20.14,90.05,94.59,41.48,44.41,56.8433,6.85,13,6,8,0,0,1,0,7,225398.34,0.5648,low,0.0
CUST019223,819,excellent,99.02,98.59,57.7,41.75,94.21,86.4832,5.09,3,0,0,0,0,0,0,6,91786.44,0.1103,low,0.0
CUST019224,838,excellent,99.57,91.67,97.27,31.0,96.26,89.6642,0.16,13,0,0,0,0,0,0,4,132145.95,0.1062,low,0.0
CUST019225,808,excellent,93.6,94.83,74.02,33.99,90.15,84.7255,9.86,7,0,0,0,0,0,0,0,239126.48,0.0696,low,0.0
CUST019226,695,risky,50.87,76.72,91.34,36.16,76.7,65.8085,12.14,19,2,2,0,0,0,0,2,79869.08,0.0106,low,0.0
CUST019227,791,excellent,96.17,77.22,67.02,56.72,92.13,81.7616,10.44,7,0,0,0,0,0,0,6,166504.28,0.1015,low,0.0
CUST019228,802,excellent,89.91,83.9,91.48,50.34,82.18,83.6119,12.52,10,1,0,0,0,0,1,0,140032.08,0.4163,low,0.5
CUST019229,703,good,86.35,36.14,73.36,60.29,91.07,67.2047,51.35,9,0,0,0,0,0,1,7,71047.51,0.7123,low,0.125
CUST019230,754,excellent,62.68,91.56,86.62,37.34,95.41,75.673,5.69,13,0,1,0,0,0,0,5,37462.97,0.1206,low,0.0
CUST019231,811,excellent,96.98,88.41,71.96,45.28,94.61,85.2492,0.74,9,0,0,0,0,0,0,1,101702.82,0.0344,low,0.0
CUST019232,675,risky,26.98,91.28,93.77,70.55,54.73,62.4206,5.59,15,4,4,0,0,0,1,0,308559.45,1.2175,low,0.5
CUST019233,839,excellent,90.55,95.7,98.5,57.32,90.03,89.9151,6.62,13,1,0,0,0,0,1,4,20203.98,0.4579,low,0.2
CUST019234,832,excellent,96.93,85.68,93.3,70.14,80.17,88.6574,13.52,11,1,0,0,0,0,1,5,126350.11,0.774,low,0.1667
CUST019235,821,excellent,93.37,93.89,85.37,46.91,84.8,86.8265,9.44,11,1,0,0,0,0,0,3,247385.8,0.0011,low,0.0
CUST019236,730,good,53.73,91.71,94.83,67.86,54.09,71.7386,2.03,15,3,1,0,0,0,1,4,64993.49,1.4266,low,0.2
CUST019237,779,excellent,96.66,93.63,26.17,45.84,94.03,79.8335,0.87,0,0,0,0,0,0,0,0,51070.66,0.1315,low,0.0
CUST019238,778,excellent,86.27,99.32,41.68,49.6,84.45,79.6477,0.49,1,1,0,0,0,0,0,3,71356.36,0.1605,low,0.0
CUST019239,808,excellent,86.37,94.29,81.35,48.66,90.78,84.6627,0.93,8,0,0,0,0,0,0,5,659086.43,0.0614,low,0.0
CUST019240,805,excellent,88.11,95.05,63.42,70.13,82.69,84.1492,5.76,3,1,0,0,0,0,1,6,130535.28,0.3678,low,0.1429
CUST019241,585,high_risk,2.61,98.61,51.59,35.01,57.12,47.4487,8.1,2,4,7,1,1,1,0,7,60312.03,0.2661,low,0.0
CUST019242,756,excellent,88.15,81.48,49.22,39.76,94.23,76.0772,13.33,4,0,0,0,0,0,0,1,231393.12,0.0871,low,0.0
CUST019243,809,excellent,94.11,95.51,63.12,47.48,90.99,84.9035,2.77,2,0,0,0,0,0,0,0,210724.52,0.1039,low,0.0
CUST019244,797,excellent,88.22,82.29,91.51,63.02,72.72,82.864,11.34,15,2,0,0,0,0,1,6,184886.03,0.8917,low,0.1429
CUST019245,762,excellent,78.79,95.85,51.72,32.54,96.26,76.9718,9.6,4,0,1,0,0,0,0,1,249972.8,0.1129,low,0.0
CUST019246,785,excellent,90.25,88.23,35.31,81.68,92.86,80.8033,5.82,1,0,0,0,0,0,2,5,45560.81,0.6915,low,0.2857
CUST019247,826,excellent,85.75,92.17,86.21,90.01,81.02,87.6958,4.35,13,1,0,0,0,0,2,0,56437.11,0.5982,low,0.6667
CUST019248,754,excellent,99.54,82.14,23.92,36.84,89.09,75.6603,12.8,0,1,0,0,0,0,0,0,107272.88,0.0511,low,0.0
CUST019249,808,excellent,98.66,79.63,91.38,36.64,88.59,84.6503,12.56,10,1,0,0,0,0,0,4,78596.09,0.1616,low,0.0
CUST019250,635,high_risk,23.81,94.4,85.39,39.33,23.64,55.7603,7.85,11,6,7,1,0,1,0,3,58505.6,0.5636,low,0.0
CUST019251,704,good,65.82,91.7,14.42,49.56,97.03,67.3682,6.37,0,0,1,0,0,0,0,5,94821.24,0.1131,low,0.0
CUST019252,719,good,55.07,91.62,77.14,41.27,73.77,69.8369,6.95,5,2,1,0,0,0,0,5,123087.37,0.2344,low,0.0
CUST019253,812,excellent,87.33,96.95,73.8,47.73,98.53,85.3485,5.48,5,0,0,0,0,0,0,0,38047.95,0.1596,low,0.0
CUST019254,815,excellent,93.69,88.36,95.82,35.24,86.32,85.8286,12.85,18,1,0,0,0,0,0,5,279309.42,0.1324,low,0.0
CUST019255,715,good,52.72,96.85,93.37,33.99,42.59,69.1718,1.44,17,4,1,0,0,0,0,6,100474.09,0.1425,low,0.0
CUST019256,731,good,95.18,32.43,89.01,58.29,95.84,71.8053,57.18,12,0,0,0,0,0,0,2,106054.89,0.1506,low,0.0
CUST019257,725,good,89.9,55.68,51.25,61.04,87.98,70.7592,45.52,3,1,0,0,0,0,1,7,147024.62,0.4667,low,0.125
CUST019258,848,excellent,94.19,97.78,97.48,45.83,97.56,91.2628,8.43,20,0,0,0,0,0,1,4,86854.62,0.3986,low,0.2
CUST019259,791,excellent,89.67,84.74,71.22,53.27,90.19,81.8339,13.38,6,0,0,0,0,0,1,6,69257.49,0.6889,low,0.1429
CUST019260,796,excellent,86.02,99.16,42.57,65.14,99.92,82.7441,7.83,1,0,0,0,0,0,1,5,231647.42,0.7168,low,0.1667
CUST019261,755,excellent,94.44,75.42,44.79,38.25,95.97,75.8199,13.36,1,0,0,0,0,0,0,0,75214.42,0.0608,low,0.0
CUST019262,795,excellent,91.01,77.67,88.58,45.78,95.06,82.5271,10.94,20,0,0,0,0,0,0,0,46637.36,0.1346,low,0.0
CUST019263,822,excellent,98.31,95.23,82.48,34.54,82.39,87.0414,3.52,8,1,0,0,0,0,0,3,26921.43,0.1038,low,0.0
CUST019264,650,risky,17.59,87.64,91.63,71.9,58.86,58.2712,12.02,16,4,8,0,0,0,1,0,132527.9,1.409,low,0.5
CUST019265,721,good,47.13,95.03,91.82,32.05,81.06,70.0885,5.7,12,1,4,0,0,0,0,1,287683.44,0.0977,low,0.0
CUST019266,836,excellent,95.29,98.07,99.18,32.94,83.2,89.266,7.98,15,1,0,0,0,0,0,7,140479.8,0.1067,low,0.0
CUST019267,796,excellent,91.35,77.4,94.07,40.33,93.74,82.7074,12.94,13,0,0,0,0,0,0,6,266013.06,0.0078,low,0.0
CUST019268,771,excellent,77.16,94.15,67.99,35.22,95.79,78.5496,5.81,8,0,1,0,0,0,0,7,75715.76,0.0092,low,0.0
CUST019269,799,excellent,88.13,79.92,86.0,60.04,94.33,83.1604,16.5,20,0,0,0,0,0,0,0,43465.82,0.1409,low,0.0
CUST019270,703,good,39.76,91.31,91.22,37.24,83.85,67.1025,1.79,19,1,3,0,0,0,0,5,27372.04,0.0243,low,0.0
CUST019271,634,high_risk,18.96,89.38,88.62,35.68,54.18,55.7299,2.61,18,3,6,0,0,1,0,6,234368.21,0.5615,low,0.0
CUST019272,793,excellent,90.98,91.55,85.17,32.06,68.62,82.1524,3.85,12,2,0,0,0,0,0,0,139546.92,0.0101,low,0.0
CUST019273,736,good,92.9,86.29,12.46,30.54,93.35,72.6591,12.81,0,0,0,0,0,0,0,0,8628.71,0.1028,low,0.0
CUST019274,605,high_risk,18.11,75.49,95.41,41.57,33.94,50.8476,14.86,12,6,3,0,0,1,0,1,185840.83,0.5342,low,0.0
CUST019275,833,excellent,95.53,98.37,89.15,46.19,78.37,88.7763,4.39,11,2,0,0,0,0,0,7,93695.46,0.094,low,0.0
CUST019276,-1,no_history,86.16,93.03,19.01,31.78,98.07,73.9018,6.9,0,0,0,0,0,0,0,4,14729.1,0.1609,low,0.0
CUST019277,792,excellent,93.33,89.48,59.21,46.7,88.86,81.9483,2.42,4,1,0,0,0,0,0,2,17079.39,0.1617,low,0.0
CUST019278,828,excellent,96.49,91.79,90.98,64.17,66.92,88.0649,0.85,14,2,0,0,0,0,1,4,20753.2,0.6837,low,0.2
CUST019279,820,excellent,99.55,89.49,59.28,65.03,95.4,86.6254,6.98,3,0,0,0,0,0,1,1,113018.72,0.6688,low,0.5
CUST019280,769,excellent,72.19,82.82,98.04,38.23,94.52,78.0945,13.8,19,0,1,0,0,0,0,5,20371.35,0.112,low,0.0
CUST019281,829,excellent,95.11,82.69,90.73,67.49,96.58,88.1107,10.92,13,0,0,0,0,0,1,6,298978.1,0.4373,low,0.1429
CUST019282,786,excellent,98.54,88.31,41.08,48.65,90.65,81.076,6.81,1,0,0,0,0,0,0,6,25630.51,0.1236,low,0.0
CUST019283,839,excellent,96.54,95.82,93.17,35.17,97.98,89.8292,3.52,13,0,0,0,0,0,0,4,124879.66,0.1322,low,0.0
CUST019284,754,excellent,93.41,89.24,12.33,43.62,99.15,75.5916,4.3,0,0,0,0,0,0,0,4,37743.57,0.1091,low,0.0
CUST019285,822,excellent,88.23,97.51,77.78,67.53,84.7,87.0236,6.42,9,1,0,0,0,0,1,4,360131.42,0.7884,low,0.2
CUST019286,823,excellent,97.41,87.51,65.59,78.45,91.67,87.1973,10.75,5,1,0,0,0,0,1,1,361653.33,0.4159,low,0.5
CUST019287,765,excellent,91.38,90.56,36.26,46.28,83.01,77.5182,4.19,1,1,0,0,0,0,0,2,417000.81,0.0166,low,0.0
CUST019288,748,good,67.44,98.45,54.12,35.81,97.56,74.5922,7.81,4,0,1,0,0,0,0,0,96980.76,0.0738,low,0.0
CUST019289,816,excellent,93.29,85.93,87.6,53.18,90.66,85.9558,14.11,19,0,0,0,0,0,1,6,103422.87,0.8035,low,0.1429
CUST019290,774,excellent,88.79,86.42,60.48,35.06,94.36,79.016,12.84,2,0,0,0,0,0,0,3,110740.76,0.101,low,0.0
CUST019291,598,high_risk,18.83,75.55,92.95,45.5,18.77,49.6217,12.95,11,7,5,1,0,1,0,7,165210.46,0.4449,low,0.0
CUST019292,795,excellent,90.38,81.54,96.13,38.85,81.48,82.5456,11.55,18,1,0,0,0,0,0,3,39648.59,0.1104,low,0.0
CUST019293,638,high_risk,45.6,77.49,33.13,47.46,74.8,56.4042,10.15,1,2,4,0,0,0,0,2,55467.79,0.043,low,0.0
CUST019294,803,excellent,99.71,92.91,48.95,38.32,98.22,83.7692,8.49,1,0,0,0,0,0,0,7,87794.94,0.0848,low,0.0
CUST019295,835,excellent,98.6,89.14,96.59,48.75,84.83,89.0985,10.6,16,1,0,0,0,0,1,1,338713.31,0.9178,low,0.5
CUST019296,653,risky,42.62,90.67,42.3,32.1,72.36,58.9095,4.18,1,2,2,0,0,0,0,7,193242.42,0.1747,low,0.0
CUST019297,717,good,43.82,99.85,86.21,45.59,67.8,69.5637,6.13,18,2,2,0,0,0,0,4,116244.22,0.0558,low,0.0
CUST019298,754,excellent,68.47,90.06,79.07,36.64,90.99,75.6051,8.26,9,0,1,0,0,0,0,6,38660.64,0.0461,low,0.0
CUST019299,703,good,59.86,98.45,29.45,43.37,79.89,67.2309,5.94,0,2,4,0,0,0,0,1,51063.39,0.2148,low,0.0
CUST019300,771,excellent,85.83,86.13,66.93,31.69,93.53,78.4403,14.0,5,0,0,0,0,0,0,5,89562.81,0.0728,low,0.0
CUST019301,809,excellent,99.52,86.16,52.31,64.01,98.84,84.811,12.0,3,0,0,0,0,0,1,4,69191.19,0.9678,low,0.2
CUST019302,797,excellent,95.5,76.22,94.47,49.24,74.78,82.864,11.67,20,2,0,0,0,0,0,2,215167.55,0.0212,low,0.0
CUST019303,738,good,85.66,93.94,17.48,32.51,90.32,73.0685,1.24,0,0,0,0,0,0,0,7,342209.73,0.1483,low,0.0
CUST019304,837,excellent,98.46,89.39,93.03,65.43,77.2,89.4977,11.51,14,2,0,0,0,0,1,0,79394.78,0.4889,low,0.5
CUST019305,732,good,99.73,30.71,82.85,68.49,86.59,72.0535,59.14,8,1,0,0,0,0,1,2,42480.86,0.6638,low,0.3333
CUST019306,779,excellent,88.9,86.79,68.81,35.64,87.67,79.8057,14.15,7,1,0,0,0,0,0,6,211176.02,0.0219,low,0.0
CUST019307,616,high_risk,24.13,91.68,50.52,41.1,50.9,52.7263,3.89,3,4,6,1,0,1,0,5,213926.55,0.654,low,0.0
CUST019308,848,excellent,90.44,99.23,98.3,61.59,90.73,91.4028,6.69,19,0,0,0,0,0,1,4,50134.6,0.5771,low,0.2
CUST019309,782,excellent,94.59,87.81,30.3,93.42,70.6,80.3964,10.09,1,2,0,0,0,0,2,4,209471.3,0.4488,low,0.3333
CUST019310,782,excellent,93.22,81.0,57.87,51.88,95.17,80.3134,14.21,3,0,0,0,0,0,1,1,73171.72,0.4893,low,0.5
CUST019311,815,excellent,90.65,92.89,88.45,38.85,90.26,85.7716,5.2,14,0,0,0,0,0,0,5,22086.94,0.0199,low,0.0
CUST019312,721,good,56.66,97.84,76.05,41.07,54.88,70.1836,8.82,8,4,3,0,0,0,0,1,12197.7,0.1201,low,0.0
CUST019313,759,excellent,87.75,90.02,41.13,32.23,93.28,76.4388,7.87,1,0,0,0,0,0,0,7,98352.7,0.0077,low,0.0
CUST019314,732,good,59.6,79.92,88.36,48.43,91.01,72.0326,14.76,18,1,4,0,0,0,0,6,37035.54,0.0918,low,0.0
CUST019315,648,high_risk,20.66,96.5,77.63,42.55,59.72,58.0531,0.21,8,4,8,1,0,1,0,5,119903.5,0.5551,low,0.0
CUST019316,830,excellent,85.2,92.87,89.08,74.47,98.55,88.3452,2.26,13,0,0,0,0,0,1,5,234665.08,0.3435,low,0.1667
CUST019317,785,excellent,88.76,87.0,46.68,69.86,96.23,80.7766,10.61,1,0,0,0,0,0,1,3,178395.79,0.6971,low,0.25
CUST019318,675,risky,53.3,97.01,47.65,36.58,40.03,62.5672,4.19,3,3,1,0,0,0,0,2,128038.33,0.1087,low,0.0
CUST019319,807,excellent,95.39,79.93,98.65,42.04,82.06,84.57,11.95,20,1,0,0,0,0,0,0,39091.53,0.102,low,0.0
CUST019320,772,excellent,85.99,85.91,32.09,84.58,95.66,78.7061,13.96,1,0,0,0,0,0,2,6,181472.92,0.8548,low,0.25
CUST019321,612,high_risk,18.82,90.33,86.46,31.51,22.24,52.0287,4.21,10,5,8,0,0,0,0,6,159126.71,0.31,low,0.0
CUST019322,670,risky,41.22,88.05,66.82,42.43,65.24,61.6317,3.06,7,2,3,0,0,0,0,2,1047169.66,0.1295,low,0.0
CUST019323,825,excellent,86.76,97.11,83.28,60.91,94.14,87.4949,7.32,5,0,0,0,0,0,1,2,2725937.74,0.3558,low,0.3333
CUST019324,817,excellent,97.74,84.43,96.2,30.22,91.82,86.1683,10.43,10,0,0,0,0,0,0,0,148714.03,0.1098,low,0.0
CUST019325,609,high_risk,14.4,89.01,66.74,66.48,41.51,51.5522,11.64,7,5,5,0,0,0,1,4,273830.45,2.0334,moderate,0.2
CUST019326,673,risky,48.58,93.74,60.44,37.64,42.62,62.2176,2.77,2,3,4,0,0,0,0,1,124556.73,0.1869,low,0.0
CUST019327,760,excellent,89.22,94.41,33.11,36.87,85.25,76.7263,6.58,1,1,0,0,0,0,0,4,95030.43,0.1569,low,0.0
CUST019328,796,excellent,85.07,99.69,43.07,65.97,99.38,82.6752,0.64,1,0,0,0,0,0,1,7,111752.69,0.655,low,0.125
CUST019329,709,good,56.91,97.73,54.27,35.12,72.29,68.1187,9.3,4,2,3,0,0,0,0,1,62129.34,0.1881,low,0.0
CUST019330,791,excellent,86.62,92.44,64.73,42.1,97.98,81.767,7.82,2,0,0,0,0,0,0,1,64147.75,0.1034,low,0.0
CUST019331,811,excellent,88.35,99.5,66.06,49.07,96.21,85.2095,3.01,7,0,0,0,0,0,0,0,179972.66,0.0251,low,0.0
CUST019332,713,good,51.57,92.03,49.47,78.16,89.69,68.8625,2.17,3,1,1,0,0,0,1,4,501584.16,1.0707,low,0.2
CUST019333,780,excellent,86.42,91.13,70.58,38.18,80.87,80.0812,5.83,6,1,0,0,0,0,0,4,26080.93,0.0551,low,0.0
CUST019334,772,excellent,86.65,96.39,43.48,33.89,95.72,78.7277,4.03,1,0,0,0,0,0,0,6,37699.29,0.0492,low,0.0
CUST019335,683,risky,38.04,93.86,89.57,39.04,50.18,63.8307,5.43,19,3,3,0,0,0,0,4,30177.91,0.1899,low,0.0
CUST019336,797,excellent,86.18,80.87,97.06,43.37,94.35,82.7555,11.04,12,0,0,0,0,0,0,2,97406.36,0.095,low,0.0
CUST019337,662,risky,61.29,87.28,19.11,33.87,64.77,60.3683,11.57,0,4,1,0,0,0,0,6,37605.54,0.1115,low,0.0
CUST019338,762,excellent,51.45,97.31,90.08,76.13,96.91,77.0167,2.94,11,0,1,0,0,0,2,6,102951.93,1.3285,low,0.25
CUST019339,831,excellent,91.46,98.69,84.09,53.14,89.39,88.4854,3.73,7,1,0,0,0,0,1,3,21606.37,0.9439,low,0.25
CUST019340,817,excellent,86.13,99.21,65.71,70.2,94.46,86.2314,1.76,8,0,0,0,0,0,1,2,152384.67,0.6989,low,0.3333
CUST019341,821,excellent,99.59,89.11,87.84,35.67,85.8,86.9139,2.12,19,1,0,0,0,0,0,5,64541.29,0.1608,low,0.0
CUST019342,851,excellent,98.05,98.02,98.37,59.83,73.69,91.8297,3.95,15,2,0,0,0,0,1,0,424367.34,0.7282,low,0.5
CUST019343,805,excellent,88.3,84.5,90.88,61.22,80.89,84.0994,14.09,14,1,0,0,0,0,1,0,157437.41,0.9761,low,0.5
CUST019344,557,high_risk,5.08,82.37,46.48,39.16,53.91,42.7695,13.01,1,4,7,0,1,1,0,3,167094.9,0.4188,low,0.0
CUST019345,710,good,71.18,88.02,29.37,36.79,90.05,68.4076,11.39,0,0,1,0,0,0,0,0,16746.2,0.0628,low,0.0
CUST019346,811,excellent,93.41,83.89,95.12,38.06,91.94,85.1288,11.26,10,0,0,0,0,0,0,4,74158.23,0.1517,low,0.0
CUST019347,620,high_risk,1.71,90.68,84.94,47.78,79.41,53.2635,9.86,6,2,7,1,1,1,0,4,221328.93,0.6452,low,0.0
CUST019348,787,excellent,98.22,75.64,67.95,47.66,90.74,81.1002,11.04,7,0,0,0,0,0,0,3,94260.66,0.1238,low,0.0
CUST019349,863,excellent,99.2,95.08,89.6,73.17,98.01,93.7985,4.95,20,0,0,0,0,0,1,2,18234.57,0.7057,low,0.3333
CUST019350,755,excellent,55.58,99.46,90.7,41.31,88.14,75.842,6.41,11,1,1,0,0,0,0,5,147414.76,0.2202,low,0.0
CUST019351,826,excellent,95.76,96.01,84.58,33.51,92.69,87.6268,1.11,9,0,0,0,0,0,0,1,60326.96,0.0068,low,0.0
CUST019352,671,risky,23.46,97.57,95.15,63.7,47.43,61.866,3.77,20,4,5,0,0,0,1,4,37956.39,1.8637,moderate,0.2
CUST019353,706,good,50.76,90.0,79.23,39.01,70.5,67.6002,11.25,7,2,4,0,0,0,0,0,108343.84,0.0949,low,0.0
CUST019354,745,good,67.9,90.47,70.41,42.18,85.29,74.2156,3.3,5,1,0,0,0,0,0,6,51357.36,0.09,low,0.0
CUST019355,844,excellent,96.58,94.54,96.77,49.28,90.44,90.65,7.05,13,0,0,0,0,0,0,5,80206.75,0.1448,low,0.0
CUST019356,761,excellent,75.35,84.87,86.82,35.56,84.88,76.8988,14.77,17,1,0,0,0,0,0,4,51243.81,0.0932,low,0.0
CUST019357,676,risky,48.04,81.55,81.79,44.48,46.44,62.6404,12.06,5,3,2,0,0,0,0,2,116109.1,0.148,low,0.0
CUST019358,824,excellent,89.14,95.83,88.1,48.27,93.05,87.2953,4.77,18,0,0,0,0,0,0,6,308362.91,0.1016,low,0.0
CUST019359,819,excellent,86.82,94.45,96.0,39.72,93.44,86.4384,2.5,19,0,0,0,0,0,0,4,419292.9,0.0669,low,0.0
CUST019360,778,excellent,85.55,91.4,60.88,42.11,90.22,79.7274,9.16,2,0,0,0,0,0,0,7,25647.28,0.016,low,0.0
CUST019361,789,excellent,93.65,92.65,52.12,39.57,92.32,81.5778,6.05,2,0,0,0,0,0,0,0,83759.77,0.1472,low,0.0
CUST019362,775,excellent,90.51,77.35,68.4,44.44,96.39,79.2268,13.44,9,0,0,0,0,0,0,6,37105.9,0.0105,low,0.0
CUST019363,828,excellent,93.66,93.75,97.74,31.54,92.4,87.9624,9.33,17,0,0,0,0,0,0,4,87403.99,0.1451,low,0.0
CUST019364,752,excellent,89.52,89.12,23.93,44.64,92.47,75.3684,7.14,0,0,0,0,0,0,0,6,246508.88,0.0653,low,0.0
CUST019365,758,excellent,90.72,93.96,24.85,32.34,95.03,76.4045,9.72,0,0,0,0,0,0,0,7,181689.43,0.0064,low,0.0
CUST019366,793,excellent,89.53,77.78,92.71,44.98,91.52,82.225,10.37,11,0,0,0,0,0,0,5,429336.02,0.1575,low,0.0
CUST019367,808,excellent,97.95,94.93,53.98,47.39,91.45,84.7432,4.9,3,0,0,0,0,0,0,4,34842.26,0.0079,low,0.0
CUST019368,831,excellent,98.92,89.61,93.86,57.61,71.88,88.534,14.43,15,2,0,0,0,0,1,1,118939.11,0.554,low,0.5
CUST019369,813,excellent,97.85,74.03,97.88,53.16,90.84,85.539,35.34,12,0,0,0,0,0,0,1,86033.07,0.0554,low,0.0
CUST019370,829,excellent,98.31,93.93,70.52,57.8,91.57,88.1043,6.96,6,1,0,0,0,0,1,1,84954.01,0.7618,low,0.5
CUST019371,616,high_risk,25.86,87.23,15.04,63.98,98.27,52.7037,12.17,0,0,6,0,0,0,1,4,74566.94,2.1866,moderate,0.2
CUST019372,767,excellent,71.83,80.34,86.68,62.63,93.33,77.8435,12.55,16,0,1,0,0,0,1,6,13976.06,0.5831,low,0.1429
CUST019373,838,excellent,97.46,99.02,73.87,49.06,99.07,89.7104,0.7,5,0,0,0,0,0,0,5,39027.17,0.1454,low,0.0
CUST019374,790,excellent,95.45,76.17,75.5,41.32,98.72,81.586,11.84,6,0,0,0,0,0,0,4,25766.98,0.007,low,0.0
CUST019375,817,excellent,95.28,89.53,59.24,72.17,97.87,86.0991,5.51,4,0,0,0,0,0,1,6,102044.19,0.6431,low,0.1429
CUST019376,824,excellent,91.11,90.03,88.57,64.95,86.16,87.2943,1.05,17,1,0,0,0,0,1,5,89173.24,0.7269,low,0.1667
CUST019377,825,excellent,86.46,99.72,95.18,47.98,82.06,87.4591,5.55,13,1,0,0,0,0,0,1,64982.73,0.1264,low,0.0
CUST019378,667,risky,23.41,91.74,99.48,49.51,55.99,61.1864,8.94,19,4,4,0,0,1,0,2,16001.46,0.5211,low,0.0
CUST019379,842,excellent,97.69,97.08,95.91,34.58,92.57,90.4149,3.27,14,0,0,0,0,0,0,2,398651.06,0.121,low,0.0
CUST019380,719,good,75.81,81.77,27.39,49.19,96.8,69.7707,11.4,0,0,1,0,0,0,0,7,79183.8,0.0567,low,0.0
CUST019381,643,high_risk,57.36,83.32,30.39,34.24,40.39,57.0926,11.9,1,3,1,0,0,0,0,2,284726.54,0.1924,low,0.0
CUST019382,809,excellent,94.99,92.96,68.12,43.21,91.87,84.861,1.92,6,0,0,0,0,0,0,4,107882.55,0.0828,low,0.0
CUST019383,771,excellent,89.54,95.29,34.79,34.78,98.46,78.4696,7.86,1,0,0,0,0,0,0,3,85390.74,0.0927,low,0.0
CUST019384,774,excellent,99.18,78.45,48.47,43.96,91.02,79.0155,11.35,2,0,0,0,0,0,0,3,20439.54,0.0718,low,0.0
CUST019385,771,excellent,98.19,86.53,34.7,37.95,91.15,78.4406,13.76,0,0,0,0,0,0,0,3,35380.68,0.1391,low,0.0
CUST019386,758,excellent,90.11,97.97,10.07,41.75,97.15,76.332,9.54,0,0,0,0,0,0,0,7,164001.38,0.0139,low,0.0
CUST019387,807,excellent,94.74,92.64,34.81,88.24,94.63,84.4567,4.95,1,0,0,0,0,0,2,6,224668.75,0.8116,low,0.25
CUST019388,577,high_risk,1.95,88.29,89.76,30.97,24.27,46.1592,4.16,13,5,1,0,1,1,0,7,53826.87,0.3292,low,0.0
CUST019389,676,risky,63.18,78.55,31.3,68.7,53.5,62.5929,13.32,0,4,2,0,0,0,1,0,76478.29,0.7893,low,0.5
CUST019390,830,excellent,86.46,96.28,88.75,68.04,91.35,88.3961,4.16,13,1,0,0,0,0,1,4,37601.06,0.6567,low,0.2
CUST019391,828,excellent,92.0,96.72,92.06,34.43,95.51,88.0189,2.7,18,0,0,0,0,0,0,2,122580.86,0.157,low,0.0
CUST019392,869,excellent,99.69,99.4,93.12,70.75,90.26,94.7786,8.91,18,0,0,0,0,0,1,7,271109.4,0.4924,low,0.125
CUST019393,595,high_risk,20.42,99.04,45.15,34.67,21.05,49.2018,6.96,2,5,3,0,0,1,0,5,13188.05,0.61,low,0.0
CUST019394,611,high_risk,10.08,92.74,97.09,30.74,28.53,51.8394,6.56,18,6,5,1,1,1,0,1,98643.31,0.529,low,0.0
CUST019395,686,risky,36.42,86.43,82.71,49.47,82.24,64.2553,11.19,5,1,2,0,0,0,0,0,599140.66,0.0147,low,0.0
CUST019396,721,good,46.79,97.88,83.13,47.77,71.03,70.0893,7.2,7,2,1,0,0,0,0,1,103228.23,0.0197,low,0.0
CUST019397,823,excellent,85.28,89.27,95.36,75.91,85.9,87.1111,4.93,13,1,0,0,0,0,2,0,182479.6,0.5315,low,0.6667
CUST019398,801,excellent,96.36,88.38,71.14,44.31,82.26,83.5694,5.84,6,1,0,0,0,0,0,5,7160.92,0.0716,low,0.0
CUST019399,794,excellent,86.23,90.21,90.95,30.37,84.66,82.3875,8.68,17,1,0,0,0,0,0,4,65620.91,0.0721,low,0.0
CUST019400,678,risky,46.22,79.31,91.15,47.28,46.37,63.0084,10.68,13,3,4,0,0,0,0,0,20283.46,0.193,low,0.0
CUST019401,635,high_risk,13.88,93.0,76.17,46.83,69.27,55.7916,0.63,9,2,3,0,1,1,0,1,135790.22,0.3648,low,0.0
CUST019402,642,high_risk,43.2,53.06,99.77,54.47,54.89,56.9393,66.86,10,3,2,0,0,0,0,3,71299.0,0.183,low,0.0
CUST019403,829,excellent,90.65,92.39,87.31,75.71,81.3,88.2416,5.03,19,1,0,0,0,0,1,4,857731.69,0.8664,low,0.2
CUST019404,801,excellent,91.64,86.95,89.16,33.13,86.42,83.4894,11.93,18,1,0,0,0,0,0,3,60142.43,0.0467,low,0.0
CUST019405,765,excellent,99.68,83.05,34.23,30.92,94.81,77.5075,10.9,1,0,0,0,0,0,0,6,172531.08,0.0586,low,0.0
CUST019406,744,good,87.95,86.68,26.76,44.8,86.5,73.9315,12.59,0,1,0,0,0,0,0,2,56022.33,0.0123,low,0.0
CUST019407,848,excellent,99.37,95.18,95.73,38.13,99.09,91.4135,7.19,11,0,0,0,0,0,0,1,133817.93,0.01,low,0.0
CUST019408,659,risky,23.85,97.86,82.34,73.6,34.48,59.8654,7.23,5,6,4,0,0,0,1,6,40797.5,2.1796,moderate,0.1429
CUST019409,647,high_risk,49.32,99.12,19.48,35.8,43.11,57.8111,5.82,0,3,1,0,0,0,0,6,62195.84,0.2165,low,0.0
CUST019410,760,excellent,72.51,91.15,61.86,61.24,85.99,76.7218,6.87,4,1,0,0,0,0,1,4,54109.34,0.5531,low,0.2
CUST019411,819,excellent,98.4,92.76,53.36,65.16,97.02,86.4907,7.42,4,0,0,0,0,0,1,5,34031.34,0.4032,low,0.1667
CUST019412,815,excellent,91.25,91.24,60.78,75.65,98.66,85.8599,7.69,4,0,0,0,0,0,1,1,59587.38,0.3893,low,0.5
CUST019413,829,excellent,91.44,94.36,87.82,62.08,85.3,88.2252,6.86,11,1,0,0,0,0,1,5,39202.18,0.9386,low,0.1667
CUST019414,724,good,57.16,89.06,57.86,77.66,85.48,70.7173,10.76,3,1,3,0,0,0,1,1,46358.6,1.2852,low,0.5
CUST019415,813,excellent,86.94,91.42,93.05,45.71,90.44,85.4265,2.41,16,0,0,0,0,0,0,5,441687.88,0.0965,low,0.0
CUST019416,812,excellent,87.08,97.12,68.92,63.12,90.59,85.3239,9.05,8,1,0,0,0,0,1,0,205269.0,0.4374,low,0.5
CUST019417,717,good,44.75,98.74,90.65,33.82,71.77,69.4415,0.88,11,2,4,0,0,0,0,1,183591.59,0.2096,low,0.0
CUST019418,747,good,98.55,82.56,19.42,41.32,81.77,74.4823,10.77,0,1,0,0,0,0,0,5,106251.06,0.0484,low,0.0
CUST019419,662,risky,42.32,80.32,65.42,62.31,53.85,60.3364,14.16,8,3,4,0,0,0,1,5,222571.99,0.8088,low,0.1667
CUST019420,821,excellent,90.59,89.51,92.2,46.97,96.83,86.7701,12.01,19,0,0,0,0,0,0,5,61923.61,0.0544,low,0.0
CUST019421,721,good,75.84,88.17,31.96,37.6,86.99,70.2486,0.44,0,1,1,0,0,0,0,6,38041.66,0.1418,low,0.0
CUST019422,719,good,48.66,81.7,94.93,41.01,99.69,69.8512,13.27,19,0,4,0,0,0,0,6,38487.39,0.2188,low,0.0
CUST019423,742,good,74.69,93.28,45.32,42.37,84.97,73.6568,8.11,1,1,1,0,0,0,0,2,84283.91,0.0677,low,0.0
CUST019424,815,excellent,91.05,89.53,82.07,55.5,92.25,85.8111,5.66,6,0,0,0,0,0,2,6,332880.69,0.8601,low,0.25
CUST019425,797,excellent,89.74,87.28,54.26,75.91,94.92,82.8148,20.05,4,0,0,0,0,0,1,5,132720.04,0.5996,low,0.1667
CUST019426,784,excellent,90.06,94.71,52.42,31.45,97.57,80.6978,7.36,4,0,0,0,0,0,0,4,22970.37,0.0424,low,0.0
CUST019427,745,good,50.85,99.14,86.81,63.64,71.67,74.0929,4.42,11,2,4,0,0,0,1,6,89268.97,0.9976,low,0.1429
CUST019428,810,excellent,93.23,75.73,97.97,58.0,92.27,85.0702,12.05,13,0,0,0,0,0,1,4,396820.22,0.616,low,0.2
CUST019429,813,excellent,89.05,85.85,90.55,70.15,80.64,85.5832,11.93,13,1,0,0,0,0,1,2,52128.94,0.3567,low,0.3333
CUST019430,829,excellent,99.38,89.51,67.82,69.37,93.49,88.0947,3.73,7,0,0,0,0,0,1,1,34800.81,0.678,low,0.5
CUST019431,746,good,90.67,92.92,10.53,36.25,95.68,74.3839,6.91,0,0,0,0,0,0,0,0,27046.45,0.0704,low,0.0
CUST019432,827,excellent,89.48,98.25,96.3,37.12,88.7,87.8175,2.37,20,1,0,0,0,0,0,5,134428.86,0.0276,low,0.0
CUST019433,818,excellent,95.43,91.18,58.08,76.66,92.48,86.3806,7.33,2,0,0,0,0,0,1,5,86168.36,0.3755,low,0.1667
CUST019434,786,excellent,93.02,81.13,63.61,59.25,85.79,80.9406,10.81,2,1,0,0,0,0,1,6,60945.35,0.4267,low,0.1429
CUST019435,745,good,92.2,88.43,15.28,35.18,96.21,74.2309,13.13,0,0,0,0,0,0,0,0,99357.5,0.142,low,0.0
CUST019436,786,excellent,85.9,89.6,79.73,46.47,75.3,81.08,5.4,7,2,0,0,0,0,0,4,21532.66,0.1156,low,0.0
CUST019437,681,risky,45.46,88.18,58.04,61.22,72.28,63.4206,12.72,2,2,1,0,0,0,1,7,73457.69,1.3334,low,0.125
CUST019438,846,excellent,94.82,89.17,95.32,71.22,95.6,90.9203,3.73,11,0,0,0,0,0,1,5,93080.25,0.9852,low,0.1667
CUST019439,815,excellent,90.66,84.33,85.9,64.52,94.9,85.8593,10.31,12,0,0,0,0,0,1,2,173520.54,0.572,low,0.3333
CUST019440,810,excellent,96.02,75.06,98.39,49.67,91.65,85.0163,13.61,18,0,0,0,0,0,0,1,63932.69,0.0633,low,0.0
CUST019441,775,excellent,94.01,76.09,66.48,41.83,92.26,79.1104,14.23,8,0,0,0,0,0,0,3,115489.88,0.0427,low,0.0
CUST019442,823,excellent,88.97,98.48,90.92,39.46,89.19,87.1867,2.52,14,1,0,0,0,0,0,7,96762.72,0.1471,low,0.0
CUST019443,688,risky,51.12,91.94,67.03,39.62,52.47,64.7356,1.37,8,3,4,0,0,0,0,7,20686.48,0.0964,low,0.0
CUST019444,786,excellent,95.24,59.98,95.56,61.82,92.3,81.0747,43.02,11,0,0,0,0,0,0,3,63102.04,0.1349,low,0.0
CUST019445,784,excellent,87.78,86.92,71.83,32.58,97.81,80.6121,14.89,6,0,0,0,0,0,0,5,863485.49,0.0205,low,0.0
CUST019446,818,excellent,92.73,94.44,75.9,44.15,97.95,86.3832,8.81,8,0,0,0,0,0,0,2,269819.01,0.1533,low,0.0
CUST019447,747,good,88.5,76.88,48.47,39.09,92.24,74.4426,13.37,1,0,0,0,0,0,0,2,381863.55,0.0388,low,0.0
CUST019448,847,excellent,95.15,92.39,98.13,65.96,87.72,91.1058,7.07,12,1,0,0,0,0,1,7,79277.53,0.7223,low,0.125
CUST019449,677,risky,29.7,97.39,99.81,68.25,24.61,62.87,8.28,14,5,5,0,0,0,1,0,328321.24,1.5931,moderate,0.5
CUST019450,720,good,74.32,82.07,37.4,46.65,90.37,69.9458,12.04,1,1,0,0,0,0,0,1,64781.78,0.0721,low,0.0
CUST019451,816,excellent,95.41,75.31,89.13,73.6,92.9,86.0071,11.51,15,0,0,0,0,0,1,0,98627.37,0.4635,low,0.5
CUST019452,803,excellent,88.59,93.04,70.5,48.67,94.37,83.7966,5.64,5,0,0,0,0,0,0,0,28232.15,0.0226,low,0.0
CUST019453,738,good,44.78,96.24,85.52,71.49,84.31,72.9538,3.71,13,1,1,0,0,0,1,2,116042.79,0.9281,low,0.3333
CUST019454,817,excellent,94.34,77.51,93.14,61.81,97.69,86.1921,14.1,13,0,0,0,0,0,1,4,11150.56,0.6206,low,0.2
CUST019455,628,high_risk,10.19,92.66,80.26,78.04,44.34,54.6415,6.83,7,5,7,0,0,0,1,7,141018.77,2.2927,moderate,0.125
CUST019456,764,excellent,94.42,88.44,43.87,37.61,74.36,77.3583,10.0,1,2,0,0,0,0,0,0,33255.23,0.0366,low,0.0
CUST019457,780,excellent,98.63,82.54,49.13,47.36,85.34,79.9218,12.69,2,1,0,0,0,0,0,1,94183.13,0.1015,low,0.0
CUST019458,688,risky,41.73,99.61,51.22,37.83,86.32,64.5843,5.54,2,1,1,0,0,0,0,2,130505.59,0.0206,low,0.0
CUST019459,811,excellent,95.71,78.63,93.82,50.08,89.25,85.0944,13.25,15,1,0,0,0,0,1,4,20016.83,0.6303,low,0.2
CUST019460,767,excellent,91.74,89.19,41.61,30.75,96.53,77.8359,12.05,1,0,0,0,0,0,0,7,126541.23,0.0515,low,0.0
CUST019461,770,excellent,86.64,75.45,83.48,34.91,93.84,78.3577,14.71,6,0,0,0,0,0,0,0,125766.46,0.0909,low,0.0
CUST019462,823,excellent,96.72,92.84,87.71,31.32,91.66,87.1607,2.01,15,1,0,0,0,0,0,1,121280.49,0.0462,low,0.0
CUST019463,736,good,90.54,86.0,13.23,40.53,90.86,72.6119,12.4,0,0,0,0,0,0,0,7,169549.88,0.1298,low,0.0
CUST019464,627,high_risk,6.46,88.82,97.18,42.22,67.64,54.4698,8.81,20,2,1,1,1,1,0,0,9127.2,0.3849,low,0.0
CUST019465,714,good,61.68,65.88,89.0,53.71,88.86,68.9597,32.27,17,1,1,0,0,0,0,6,88064.75,0.2241,low,0.0
CUST019466,699,risky,47.83,92.33,55.17,41.89,95.32,66.4356,8.83,2,0,4,0,0,0,0,7,93602.22,0.0935,low,0.0
CUST019467,626,high_risk,9.17,91.93,96.78,49.67,41.27,54.4,3.78,20,5,8,0,1,1,0,5,28849.4,0.3907,low,0.0
CUST019468,770,excellent,88.12,90.48,39.69,49.53,94.18,78.3082,2.28,1,0,0,0,0,0,0,2,52628.06,0.1134,low,0.0
CUST019469,771,excellent,93.97,86.63,47.3,40.37,85.5,78.5634,12.4,2,1,0,0,0,0,0,0,78561.24,0.0557,low,0.0
CUST019470,806,excellent,88.36,97.82,72.33,37.76,95.19,84.4152,6.95,5,0,0,0,0,0,0,6,21168.39,0.1067,low,0.0
CUST019471,843,excellent,93.92,99.71,95.1,39.94,94.62,90.5062,8.22,19,0,0,0,0,0,0,5,210181.57,0.1579,low,0.0
CUST019472,808,excellent,97.59,95.44,45.28,55.21,96.2,84.7214,1.24,4,0,0,0,0,0,1,7,512965.96,0.8462,low,0.125
CUST019473,793,excellent,86.11,88.3,67.12,64.76,90.32,82.204,7.03,7,1,0,0,0,0,1,4,24706.35,0.9337,low,0.2
CUST019474,654,risky,34.44,79.14,75.54,39.22,79.54,59.0022,11.95,5,2,2,0,0,0,0,1,59651.01,0.2192,low,0.0
CUST019475,781,excellent,75.84,80.82,81.01,88.27,84.29,80.1984,24.93,8,1,1,0,0,0,2,5,363962.91,0.4204,low,0.2857
CUST019476,672,risky,54.14,79.61,57.73,30.81,73.83,61.9538,10.52,2,2,4,0,0,0,0,2,46999.17,0.009,low,0.0
CUST019477,555,high_risk,26.39,76.87,13.12,30.89,51.59,42.5129,13.25,0,3,2,0,0,0,0,0,53853.32,0.0503,low,0.0
CUST019478,719,good,73.86,80.77,47.39,34.76,90.98,69.7644,10.49,1,1,0,0,0,0,0,4,34029.67,0.0544,low,0.0
CUST019479,834,excellent,86.3,93.46,87.94,77.18,98.46,88.9991,2.77,13,0,0,0,0,0,1,5,205355.24,0.5813,low,0.1667
CUST019480,808,excellent,93.22,94.83,67.63,62.67,71.37,84.6235,8.0,6,2,0,0,0,0,1,2,22907.35,0.5676,low,0.3333
CUST019481,879,excellent,99.09,99.95,96.47,78.75,95.39,96.5531,3.55,16,0,0,0,0,0,1,1,43028.96,0.7774,low,0.5
CUST019482,838,excellent,91.84,97.92,90.41,46.29,99.01,89.6103,1.55,11,0,0,0,0,0,0,5,42160.09,0.0148,low,0.0
CUST019483,619,high_risk,12.32,96.49,80.25,38.0,40.78,53.1737,7.73,8,4,5,0,0,1,0,0,131703.83,0.4877,low,0.0
CUST019484,704,good,61.1,91.92,46.73,31.56,82.17,67.3447,7.8,2,1,3,0,0,0,0,6,145523.82,0.2015,low,0.0
CUST019485,820,excellent,95.26,98.55,68.5,37.3,97.06,86.6151,4.09,6,0,0,0,0,0,0,4,62433.01,0.0326,low,0.0
CUST019486,816,excellent,92.8,84.93,81.38,67.05,90.81,85.9531,11.83,6,1,0,0,0,0,2,0,202687.6,0.8646,low,0.6667
CUST019487,828,excellent,98.73,90.1,81.98,48.95,92.29,88.0046,9.32,9,0,0,0,0,0,0,4,103069.08,0.1102,low,0.0
CUST019488,603,high_risk,16.07,76.92,90.71,30.89,51.12,50.5112,13.68,15,3,5,0,0,1,0,3,171619.78,0.5563,low,0.0
CUST019489,785,excellent,85.59,98.33,60.4,45.44,77.8,80.8386,0.73,2,2,0,0,0,0,0,6,28057.41,0.0015,low,0.0
CUST019490,838,excellent,97.83,89.27,70.77,81.46,99.38,89.7211,10.7,6,0,0,0,0,0,2,1,557488.03,0.8325,low,0.6667
CUST019491,798,excellent,87.68,93.54,72.91,44.78,88.82,83.0478,9.42,6,1,0,0,0,0,0,3,184924.68,0.1137,low,0.0
CUST019492,801,excellent,97.38,87.28,71.97,40.53,84.36,83.5507,14.6,5,1,0,0,0,0,0,6,154662.5,0.1101,low,0.0
CUST019493,783,excellent,69.55,94.02,99.03,44.26,86.54,80.4827,3.12,18,1,0,0,0,0,0,2,130694.58,0.0066,low,0.0
CUST019494,803,excellent,91.11,82.67,91.15,43.43,92.11,83.9149,13.33,11,0,0,0,0,0,0,1,25570.3,0.0528,low,0.0
CUST019495,793,excellent,93.64,93.98,57.22,46.25,80.7,82.2434,6.51,4,1,0,0,0,0,1,6,193788.22,0.8132,low,0.1429
CUST019496,680,risky,56.39,98.41,23.76,69.21,46.26,63.371,4.68,0,3,3,0,0,0,1,2,52699.73,1.1474,low,0.3333
CUST019497,591,high_risk,15.94,92.09,48.32,62.37,28.63,48.5532,6.64,1,5,8,0,0,0,1,2,436539.29,1.3354,low,0.3333
CUST019498,791,excellent,94.87,99.33,26.75,54.5,93.9,81.8552,7.36,0,0,0,0,0,0,1,0,17638.94,0.3522,low,0.5
CUST019499,819,excellent,92.32,82.22,90.36,75.52,83.38,86.4224,12.26,12,1,0,0,0,0,1,6,57903.62,0.9016,low,0.1429
CUST019500,790,excellent,98.61,97.42,28.62,46.3,90.65,81.7258,2.42,0,0,0,0,0,0,0,2,193894.82,0.0649,low,0.0
CUST019501,627,high_risk,41.29,86.4,20.88,63.75,56.38,54.5154,13.38,0,3,4,0,0,0,1,0,105279.53,1.019,low,0.5
CUST019502,718,good,47.83,96.97,77.32,33.29,88.98,69.6579,5.21,9,1,1,0,0,0,0,2,58820.8,0.2207,low,0.0
CUST019503,800,excellent,95.26,99.61,37.13,49.65,96.06,83.3666,1.94,1,0,0,0,0,0,1,4,74782.45,0.6559,low,0.2
CUST019504,832,excellent,85.1,95.83,96.9,73.33,82.54,88.6566,2.29,15,1,0,0,0,0,1,1,409704.09,0.412,low,0.5
CUST019505,726,good,49.77,94.67,90.18,47.44,69.68,71.057,8.85,16,2,2,0,0,0,0,5,350180.74,0.0237,low,0.0
CUST019506,683,risky,37.04,89.45,86.2,40.69,70.42,63.8411,6.8,12,2,3,0,0,0,0,0,115512.33,0.0307,low,0.0
CUST019507,829,excellent,90.34,88.9,95.68,55.67,98.87,88.0937,22.53,19,0,0,0,0,0,1,4,698430.29,0.4113,low,0.2
CUST019508,550,high_risk,3.83,94.72,37.54,41.36,22.22,41.7446,5.98,1,5,4,1,1,1,0,4,87669.73,0.5377,low,0.0
CUST019509,830,excellent,90.78,94.33,95.38,50.06,90.17,88.4014,1.18,15,0,0,0,0,0,1,6,104184.18,0.944,low,0.1429
CUST019510,677,risky,43.14,89.87,47.14,61.31,85.63,62.8231,21.86,3,1,3,0,0,0,1,0,565199.19,1.3689,low,0.5
CUST019511,768,excellent,91.28,93.54,33.3,44.74,84.61,77.9402,1.43,0,1,0,0,0,0,0,2,34520.05,0.0536,low,0.0
CUST019512,816,excellent,89.48,96.52,68.97,62.78,91.17,86.0136,8.0,6,1,0,0,0,0,1,6,442927.84,0.5312,low,0.1429
CUST019513,780,excellent,97.98,77.17,66.76,39.32,85.62,79.9509,13.98,6,1,0,0,0,0,0,7,35559.38,0.0675,low,0.0
CUST019514,756,excellent,69.76,99.42,57.29,39.2,91.79,75.9333,3.29,2,1,0,0,0,0,0,4,109869.42,0.0822,low,0.0
CUST019515,766,excellent,95.01,97.09,23.17,36.9,81.71,77.7182,4.31,0,1,0,0,0,0,0,0,83318.95,0.1628,low,0.0
CUST019516,789,excellent,90.8,98.83,37.96,48.77,94.73,81.474,7.53,1,0,0,0,0,0,0,2,225875.95,0.1615,low,0.0
CUST019517,844,excellent,99.78,96.18,76.59,57.16,96.49,90.6312,2.16,7,0,0,0,0,0,1,6,96398.0,0.4798,low,0.1429
CUST019518,568,high_risk,2.51,88.23,55.91,48.03,40.96,44.6307,3.14,2,4,6,0,1,1,0,3,9688.12,0.4352,low,0.0
CUST019519,802,excellent,88.38,87.38,90.99,38.07,91.37,83.7398,12.21,14,1,0,0,0,0,0,1,145471.94,0.0337,low,0.0
CUST019520,831,excellent,92.98,95.81,79.22,60.48,92.35,88.4541,6.15,6,0,0,0,0,0,1,5,105975.66,0.7922,low,0.1667
CUST019521,772,excellent,50.58,98.78,96.68,77.06,91.37,78.6836,3.26,20,0,1,0,0,0,1,7,96463.06,0.6897,low,0.125
CUST019522,778,excellent,77.78,82.71,90.75,46.66,92.82,79.5971,14.3,11,0,0,0,0,0,0,1,74208.21,0.1637,low,0.0
CUST019523,633,high_risk,25.42,89.12,69.61,39.98,54.6,55.5311,1.48,5,4,3,0,0,1,0,1,428254.21,0.2631,low,0.0
CUST019524,753,excellent,91.53,67.1,54.41,60.91,91.23,75.5408,42.93,4,0,0,0,0,0,0,4,90704.2,0.123,low,0.0
CUST019525,736,good,56.15,93.04,88.84,44.52,73.51,72.6934,3.77,10,2,2,0,0,0,0,2,80193.85,0.0005,low,0.0
CUST019526,806,excellent,96.68,89.55,77.06,52.6,68.41,84.3621,12.63,7,2,0,0,0,0,1,5,14344.29,0.4243,low,0.1667
CUST019527,573,high_risk,10.67,89.05,51.35,40.7,32.88,45.508,9.2,2,5,8,0,0,1,0,4,31269.7,0.3928,low,0.0
CUST019528,698,risky,63.01,90.66,32.45,46.38,75.9,66.3467,3.29,1,2,3,0,0,0,0,6,99108.59,0.1676,low,0.0
CUST019529,754,excellent,89.56,75.52,57.05,76.99,54.41,75.7014,13.34,2,3,0,0,0,0,2,3,128694.51,0.3344,low,0.4
CUST019530,809,excellent,99.33,89.44,61.64,41.42,99.17,84.9024,4.58,3,0,0,0,0,0,0,0,49901.96,0.0156,low,0.0
CUST019531,819,excellent,99.53,95.97,74.87,35.59,80.87,86.504,7.39,6,1,0,0,0,0,0,1,322980.07,0.1125,low,0.0
CUST019532,797,excellent,93.05,75.22,72.8,73.43,93.8,82.774,12.14,7,0,0,0,0,0,1,0,112076.35,0.6261,low,0.5
CUST019533,629,high_risk,17.13,93.69,85.56,37.52,41.27,54.8168,5.73,10,3,6,0,0,1,0,5,185035.27,0.2387,low,0.0
CUST019534,784,excellent,92.47,81.19,71.26,36.35,96.1,80.6553,10.54,9,0,0,0,0,0,0,7,233488.6,0.0034,low,0.0
CUST019535,774,excellent,68.9,85.51,96.28,49.67,98.44,79.0226,14.94,10,0,0,0,0,0,0,7,110562.61,0.1296,low,0.0
CUST019536,799,excellent,90.14,90.71,84.9,35.15,81.91,83.2032,4.37,5,1,0,0,0,0,0,2,139110.29,0.1614,low,0.0
CUST019537,753,excellent,55.38,91.18,92.1,66.49,83.58,75.5567,6.56,10,1,3,0,0,0,1,5,21160.58,0.9218,low,0.1667
CUST019538,802,excellent,93.56,99.5,47.92,45.36,93.93,83.713,1.95,4,0,0,0,0,0,0,5,51095.14,0.0231,low,0.0
CUST019539,626,high_risk,18.6,99.83,68.54,41.27,34.57,54.324,6.27,6,5,7,0,0,1,0,0,359219.47,0.6398,low,0.0
CUST019540,743,good,75.54,90.45,46.56,44.68,87.84,73.8108,3.84,2,1,0,0,0,0,0,6,103479.67,0.0744,low,0.0
CUST019541,812,excellent,96.74,91.04,73.41,31.45,99.6,85.2845,4.61,8,0,0,0,0,0,0,4,98564.78,0.139,low,0.0
CUST019542,832,excellent,97.42,94.38,57.42,77.93,97.93,88.6073,6.19,2,0,0,0,0,0,1,1,41610.23,0.8895,low,0.5
CUST019543,719,good,68.89,80.01,53.9,51.46,85.41,69.8878,12.43,2,1,0,0,0,0,2,7,173521.32,0.9111,low,0.2222
CUST019544,591,high_risk,12.26,98.01,30.42,45.61,56.03,48.4217,1.19,0,4,3,0,1,1,0,2,90790.53,0.608,low,0.0
CUST019545,819,excellent,95.23,97.29,69.89,36.52,98.59,86.5112,6.45,6,0,0,0,0,0,0,5,65226.22,0.1495,low,0.0
CUST019546,761,excellent,90.15,93.36,20.08,43.06,99.56,76.835,2.15,0,0,0,0,0,0,0,0,70694.7,0.0839,low,0.0
CUST019547,798,excellent,98.37,90.38,56.29,38.74,91.79,83.041,7.65,2,1,0,0,0,0,0,3,113431.08,0.0168,low,0.0
CUST019548,827,excellent,93.97,95.1,90.32,36.07,91.97,87.7714,5.87,16,0,0,0,0,0,0,4,66824.73,0.0154,low,0.0
CUST019549,-1,no_history,97.63,87.57,19.17,31.9,98.31,76.34,14.07,0,0,0,0,0,0,0,7,246821.75,0.1042,low,0.0
CUST019550,816,excellent,86.89,93.88,85.09,47.23,99.23,85.9847,7.96,16,0,0,0,0,0,0,3,35208.28,0.0747,low,0.0
CUST019551,812,excellent,99.08,78.67,89.52,43.24,92.7,85.3017,10.4,19,0,0,0,0,0,0,1,26014.62,0.0289,low,0.0
CUST019552,804,excellent,91.55,94.44,68.79,42.04,91.01,83.9994,3.71,7,0,0,0,0,0,0,0,95550.72,0.127,low,0.0
CUST019553,786,excellent,95.58,81.57,80.73,32.0,77.08,80.9408,10.8,7,2,0,0,0,0,0,2,212404.29,0.0859,low,0.0
CUST019554,828,excellent,99.16,93.1,53.95,79.34,93.05,87.9664,4.06,3,0,0,0,0,0,2,0,27033.24,0.5887,low,0.6667
CUST019555,607,high_risk,52.62,42.47,66.05,53.94,47.07,51.1684,58.91,5,3,3,0,0,0,0,1,153096.57,0.0307,low,0.0
CUST019556,848,excellent,98.15,96.97,81.88,64.39,91.11,91.2755,9.79,5,0,0,0,0,0,1,2,78427.37,0.5833,low,0.3333
CUST019557,794,excellent,95.05,81.2,52.15,74.32,93.9,82.2735,27.26,4,0,0,0,0,0,1,6,158679.6,0.9111,low,0.1429
CUST019558,817,excellent,86.25,95.02,95.09,34.95,96.79,86.1301,7.44,12,0,0,0,0,0,0,2,154621.59,0.1173,low,0.0
CUST019559,616,high_risk,11.56,99.03,52.61,46.84,64.13,52.7439,9.26,3,3,4,0,0,1,0,0,132674.56,0.4776,low,0.0
CUST019560,709,good,38.51,99.71,86.72,43.7,74.66,68.2365,1.49,11,2,4,0,0,0,0,3,375926.93,0.1631,low,0.0
CUST019561,723,good,58.29,77.32,96.12,37.84,86.97,70.4994,11.04,17,1,3,0,0,0,0,1,334148.29,0.0615,low,0.0
CUST019562,714,good,76.05,75.75,56.94,30.91,80.81,69.0561,11.78,2,1,1,0,0,0,0,2,160892.95,0.1114,low,0.0
CUST019563,754,excellent,85.2,89.48,48.41,35.83,81.62,75.668,6.61,2,1,0,0,0,0,0,4,158349.0,0.0127,low,0.0
CUST019564,722,good,47.08,93.23,94.85,68.15,58.25,70.3171,0.3,12,4,3,0,0,0,1,0,101890.64,1.3591,low,0.5
CUST019565,784,excellent,88.05,75.31,85.67,45.93,97.3,80.5841,10.08,14,0,0,0,0,0,1,7,115939.94,0.5319,low,0.125
CUST019566,806,excellent,90.29,86.84,95.24,34.46,89.82,84.3671,13.04,20,1,0,0,0,0,0,4,52991.51,0.0505,low,0.0
CUST019567,764,excellent,92.69,88.16,30.03,47.93,90.63,77.2512,9.74,1,0,0,0,0,0,0,4,173840.07,0.1551,low,0.0
CUST019568,754,excellent,87.29,96.05,21.42,44.73,85.56,75.6091,2.6,0,1,0,0,0,0,0,5,50627.6,0.0385,low,0.0
CUST019569,798,excellent,89.48,73.2,83.48,77.45,94.37,82.9833,32.7,8,0,0,0,0,0,2,6,34651.43,0.9542,low,0.25
CUST019570,772,excellent,91.22,89.84,45.0,42.37,87.34,78.6002,5.01,2,1,0,0,0,0,0,0,17102.81,0.1044,low,0.0
CUST019571,815,excellent,99.7,93.57,65.75,39.37,90.94,85.8594,6.67,8,1,0,0,0,0,0,5,270734.41,0.0143,low,0.0
CUST019572,570,high_risk,3.45,92.12,47.89,30.5,59.53,45.032,7.12,3,3,3,1,1,1,0,2,42314.54,0.4064,low,0.0
CUST019573,830,excellent,91.45,97.29,82.31,64.99,82.47,88.2886,5.94,5,1,0,0,0,0,0,3,171685.73,0.0897,low,0.0
CUST019574,776,excellent,94.69,90.63,39.04,34.96,96.23,79.3057,6.49,1,0,0,0,0,0,0,2,58779.15,0.0913,low,0.0
CUST019575,530,high_risk,7.12,76.12,30.44,33.17,51.6,38.3678,13.86,0,4,6,0,1,1,0,7,22237.39,0.3586,low,0.0
CUST019576,831,excellent,91.99,92.6,98.65,46.24,91.5,88.5493,7.97,14,1,0,0,0,0,0,0,68533.95,0.0038,low,0.0
CUST019577,755,excellent,97.8,86.87,15.27,40.21,93.05,75.908,14.03,0,0,0,0,0,0,0,7,46425.2,0.0985,low,0.0
CUST019578,803,excellent,99.67,94.84,53.08,38.5,86.54,83.8003,9.86,3,1,0,0,0,0,0,2,41588.32,0.1426,low,0.0
CUST019579,742,good,85.53,81.52,39.48,40.57,92.91,73.6624,12.33,1,0,0,0,0,0,0,2,132787.82,0.0925,low,0.0
CUST019580,810,excellent,86.87,95.03,65.42,76.41,85.77,84.9444,8.23,7,1,0,0,0,0,1,5,53234.82,0.481,low,0.1667
CUST019581,808,excellent,97.2,75.11,86.44,62.02,88.75,84.5971,10.38,17,1,0,0,0,0,1,7,76623.23,0.779,low,0.125
CUST019582,791,excellent,95.99,75.17,81.95,37.43,97.0,81.8833,10.26,8,0,0,0,0,0,0,4,179418.68,0.0044,low,0.0
CUST019583,832,excellent,91.45,93.43,87.72,64.1,90.2,88.6235,9.18,12,1,0,0,0,0,1,7,22751.08,0.5243,low,0.125
CUST019584,809,excellent,87.3,95.11,66.67,71.99,84.92,84.7791,1.35,8,1,0,0,0,0,1,1,16385.18,0.347,low,0.5
CUST019585,809,excellent,88.2,91.29,80.38,47.73,97.46,84.8339,1.24,9,0,0,0,0,0,0,3,148489.71,0.0959,low,0.0
CUST019586,787,excellent,93.87,75.07,96.71,43.95,68.27,81.1041,10.61,14,2,0,0,0,0,0,2,202356.37,0.0042,low,0.0
CUST019587,814,excellent,87.33,93.66,70.87,71.32,92.07,85.6346,1.91,5,0,0,0,0,0,1,3,89347.17,0.4196,low,0.25
CUST019588,752,excellent,90.58,90.91,22.28,37.11,92.35,75.267,3.43,0,0,0,0,0,0,0,2,201260.69,0.1133,low,0.0
CUST019589,794,excellent,65.17,98.84,86.65,74.61,93.57,82.2771,1.08,11,0,0,0,0,0,1,5,88972.98,0.6928,low,0.1667
CUST019590,812,excellent,87.12,92.49,90.63,36.37,98.39,85.3092,2.77,13,0,0,0,0,0,0,0,176997.08,0.1303,low,0.0
CUST019591,797,excellent,92.13,62.39,99.93,76.89,91.52,82.7955,47.3,20,0,0,0,0,0,2,2,159551.38,0.5775,low,0.5
CUST019592,812,excellent,89.99,96.41,93.55,42.16,65.91,85.2573,2.91,11,2,0,0,0,0,0,7,81414.87,0.0789,low,0.0
CUST019593,564,high_risk,11.45,85.9,36.83,47.4,40.12,44.053,14.59,1,6,6,1,0,1,0,5,361590.61,0.3048,low,0.0
CUST019594,680,risky,48.67,77.54,88.29,43.31,54.0,63.272,13.36,12,4,3,0,0,0,0,0,77405.64,0.1063,low,0.0
CUST019595,753,excellent,85.3,94.18,27.42,39.71,92.67,75.4617,9.55,0,0,0,0,0,0,0,0,424801.13,0.0246,low,0.0
CUST019596,760,excellent,96.72,93.17,16.77,42.58,81.44,76.7207,5.35,0,1,0,0,0,0,0,3,254183.3,0.0395,low,0.0
CUST019597,646,high_risk,43.15,94.06,15.88,65.9,63.26,57.6179,3.87,0,4,2,0,0,0,0,4,33248.74,1.3585,low,0.0
CUST019598,640,high_risk,19.61,94.61,84.05,48.76,39.19,56.647,1.41,9,5,7,0,0,1,0,6,11754.1,0.2038,low,0.0
CUST019599,805,excellent,95.09,77.76,88.31,54.59,89.32,84.2461,13.55,10,1,0,0,0,0,0,4,46069.85,0.0613,low,0.0
CUST019600,744,good,73.03,99.52,10.47,77.08,93.16,74.012,3.94,0,0,0,0,0,0,1,6,28868.04,0.7875,low,0.1429
CUST019601,640,high_risk,17.49,95.33,99.46,43.83,25.71,56.5917,8.03,14,5,7,1,0,1,0,0,71761.29,0.2245,low,0.0
CUST019602,798,excellent,87.74,84.15,88.68,46.39,91.08,83.0024,12.94,12,0,0,0,0,0,0,5,205777.69,0.0767,low,0.0
CUST019603,675,risky,34.18,98.78,46.83,40.31,97.96,62.4475,6.24,2,0,4,0,0,0,0,4,684640.03,0.2475,low,0.0
CUST019604,740,good,92.75,82.36,20.76,32.43,98.0,73.3261,14.12,0,0,0,0,0,0,0,2,20629.56,0.0957,low,0.0
CUST019605,824,excellent,92.08,98.49,82.63,42.87,89.02,87.3583,5.82,7,1,0,0,0,0,0,5,255710.8,0.1202,low,0.0
CUST019606,831,excellent,98.41,99.75,65.79,49.37,92.98,88.4734,3.31,8,0,0,0,0,0,0,5,52048.86,0.0232,low,0.0
CUST019607,780,excellent,90.31,77.05,56.68,70.6,96.35,79.9189,10.26,3,0,0,0,0,0,1,5,114965.58,0.8742,low,0.1667
CUST019608,758,excellent,87.63,77.56,54.34,45.52,97.74,76.4149,10.25,2,0,0,0,0,0,0,4,37251.96,0.0429,low,0.0
CUST019609,727,good,57.13,94.05,76.29,41.57,74.01,71.2138,6.04,6,2,2,0,0,0,0,6,1768061.92,0.0326,low,0.0
CUST019610,836,excellent,95.02,98.58,86.1,37.89,98.39,89.3721,6.87,17,0,0,0,0,0,0,5,47979.53,0.1481,low,0.0
CUST019611,809,excellent,86.43,88.96,96.12,39.15,95.87,84.8593,7.77,12,0,0,0,0,0,0,2,213200.4,0.0349,low,0.0
CUST019612,827,excellent,92.09,99.43,95.74,33.05,80.6,87.7872,2.22,11,1,0,0,0,0,0,3,83542.14,0.0978,low,0.0
CUST019613,720,good,57.53,98.83,70.62,31.95,64.4,70.0141,2.99,8,3,4,0,0,0,0,3,55058.74,0.1163,low,0.0
CUST019614,804,excellent,94.29,89.88,67.88,40.47,98.21,84.0177,1.73,7,0,0,0,0,0,0,2,254194.83,0.1291,low,0.0
CUST019615,710,good,53.25,84.37,76.26,32.02,97.93,68.3822,11.44,8,0,2,0,0,0,0,2,102907.12,0.1224,low,0.0
CUST019616,813,excellent,91.24,96.69,80.06,32.09,92.62,85.4202,0.05,9,0,0,0,0,0,0,4,246638.47,0.0476,low,0.0
CUST019617,836,excellent,98.27,99.79,70.03,54.85,90.9,89.4099,1.37,8,1,0,0,0,0,1,3,226774.52,0.9791,low,0.25
CUST019618,-1,no_history,98.25,96.82,28.22,48.85,81.74,80.7232,1.78,0,1,0,0,0,0,0,1,72559.74,0.1162,low,0.0
CUST019619,837,excellent,95.7,99.43,79.66,45.96,96.26,89.4926,1.83,5,0,0,0,0,0,0,1,123093.55,0.0841,low,0.0
CUST019620,640,high_risk,25.77,94.82,67.88,74.52,25.48,56.6466,4.24,6,6,5,0,0,0,1,2,102599.64,2.0024,moderate,0.3333
CUST019621,783,excellent,94.86,81.69,80.39,31.82,75.89,80.5391,13.54,8,2,0,0,0,0,0,4,18636.7,0.0116,low,0.0
CUST019622,813,excellent,93.58,93.02,85.67,30.66,89.66,85.5417,7.19,17,1,0,0,0,0,0,6,39766.2,0.1227,low,0.0
CUST019623,754,excellent,86.62,92.73,40.37,34.53,80.44,75.6893,9.37,1,1,0,0,0,0,0,2,53866.26,0.1141,low,0.0
CUST019624,799,excellent,87.06,87.99,84.13,42.14,95.34,83.2369,12.19,7,0,0,0,0,0,0,1,382675.35,0.158,low,0.0
CUST019625,767,excellent,88.18,80.33,63.5,60.67,73.4,77.8962,10.22,2,2,0,0,0,0,1,1,93470.65,0.896,low,0.5
CUST019626,657,risky,29.42,99.62,65.75,40.55,53.76,59.4787,1.11,7,3,1,0,0,0,0,2,112155.53,0.1461,low,0.0
CUST019627,806,excellent,85.1,96.87,63.22,63.64,96.83,84.3785,9.01,2,0,0,0,0,0,1,7,51573.4,0.9441,low,0.125
CUST019628,816,excellent,91.25,96.35,83.74,31.35,94.82,86.0183,6.61,6,0,0,0,0,0,0,5,66971.09,0.0638,low,0.0
CUST019629,800,excellent,93.19,92.57,38.71,76.67,94.61,83.3231,7.18,1,0,0,0,0,0,1,6,296404.27,0.6161,low,0.1429
CUST019630,767,excellent,98.72,77.72,45.64,33.79,97.4,77.8346,12.1,3,0,0,0,0,0,0,2,160142.31,0.0411,low,0.0
CUST019631,687,risky,38.2,94.11,67.27,31.96,95.78,64.4675,7.57,7,0,1,0,0,0,0,6,364201.34,0.2285,low,0.0
CUST019632,808,excellent,87.52,92.81,94.22,45.85,74.22,84.6162,6.08,19,2,0,0,0,0,1,5,266373.9,0.5373,low,0.1667
CUST019633,772,excellent,77.82,97.98,52.99,61.14,80.06,78.7007,1.99,3,1,1,0,0,0,1,6,163198.27,0.5237,low,0.1429
CUST019634,819,excellent,88.2,93.7,91.46,49.44,89.25,86.5695,3.64,17,1,0,0,0,0,0,0,141509.88,0.1608,low,0.0
CUST019635,818,excellent,92.75,90.06,90.4,39.14,94.22,86.3786,2.08,12,0,0,0,0,0,0,4,72453.52,0.0993,low,0.0
CUST019636,781,excellent,99.42,92.55,27.72,36.51,98.09,80.1823,9.2,0,0,0,0,0,0,0,5,34955.07,0.0505,low,0.0
CUST019637,769,excellent,75.41,93.87,88.27,34.07,69.74,78.1755,8.49,15,2,0,0,0,0,0,6,45021.55,0.0789,low,0.0
CUST019638,810,excellent,93.49,77.6,99.25,40.84,99.64,84.938,14.93,14,0,0,0,0,0,0,1,124960.97,0.0998,low,0.0
CUST019639,812,excellent,95.49,82.28,94.94,45.03,84.19,85.2683,11.89,15,1,0,0,0,0,0,1,43432.65,0.1012,low,0.0
CUST019640,756,excellent,91.83,88.95,26.38,48.99,82.75,75.9563,6.69,0,1,0,0,0,0,0,6,190684.23,0.0102,low,0.0
CUST019641,782,excellent,78.21,97.0,43.84,80.74,92.8,80.4034,6.18,1,0,1,0,0,0,2,3,43035.14,0.7864,low,0.4
CUST019642,806,excellent,90.71,89.01,90.77,41.52,81.36,84.3534,12.63,14,1,0,0,0,0,0,2,35676.57,0.1498,low,0.0
CUST019643,803,excellent,87.51,88.75,80.38,52.24,92.33,83.7691,9.04,9,0,0,0,0,0,1,6,200320.88,0.8299,low,0.1429
CUST019644,833,excellent,97.52,84.9,84.49,75.25,90.56,88.8545,10.74,5,0,0,0,0,0,1,3,70976.39,0.3902,low,0.25
CUST019645,671,risky,45.04,93.27,62.22,44.69,43.72,61.9166,3.01,2,4,4,0,0,0,0,2,24677.79,0.2478,low,0.0
CUST019646,787,excellent,98.62,99.42,19.24,42.08,97.79,81.2183,5.82,0,0,0,0,0,0,0,4,153724.66,0.0234,low,0.0
CUST019647,-1,no_history,87.37,98.28,19.05,37.74,95.69,76.2649,3.17,0,0,0,0,0,0,0,1,442355.67,0.0188,low,0.0
CUST019648,776,excellent,96.67,91.83,34.14,37.82,90.22,79.3103,8.82,1,1,0,0,0,0,0,7,146970.07,0.1053,low,0.0
CUST019649,602,high_risk,29.1,98.33,15.8,35.65,47.64,50.3823,3.91,0,4,5,0,0,1,0,0,48399.1,0.3864,low,0.0
CUST019650,762,excellent,86.22,89.54,47.28,37.36,91.02,76.9697,1.71,1,1,0,0,0,0,0,0,65643.22,0.0715,low,0.0
CUST019651,750,excellent,58.46,99.81,85.3,49.45,68.53,74.9953,2.6,15,2,1,0,0,0,0,4,74488.12,0.2189,low,0.0
CUST019652,658,risky,40.6,76.45,69.42,44.8,75.6,59.5953,11.92,5,2,4,0,0,0,0,6,223464.69,0.2279,low,0.0
CUST019653,841,excellent,91.08,97.26,81.88,77.94,90.82,90.2146,7.58,6,1,0,0,0,0,1,3,307403.1,0.3973,low,0.25
CUST019654,776,excellent,92.59,82.12,62.81,46.29,82.96,79.3895,11.43,2,1,0,0,0,0,0,2,91999.31,0.0043,low,0.0
CUST019655,818,excellent,88.6,97.09,88.75,46.97,82.33,86.3792,0.56,14,1,0,0,0,0,0,7,50588.56,0.1639,low,0.0
CUST019656,803,excellent,85.16,96.9,72.72,41.95,98.21,83.7984,4.63,5,0,0,0,0,0,0,4,199222.32,0.0112,low,0.0
CUST019657,716,good,65.19,93.24,30.47,49.89,90.24,69.3728,6.01,0,0,1,0,0,0,1,6,133893.27,0.9028,low,0.1429
CUST019658,621,high_risk,15.8,92.38,63.67,77.62,39.51,53.5086,9.78,2,6,3,1,0,0,1,7,200676.27,1.5738,moderate,0.125
CUST019659,800,excellent,93.75,89.83,75.43,36.73,85.19,83.2695,9.25,9,1,0,0,0,0,0,5,168294.03,0.1128,low,0.0
CUST019660,537,high_risk,0.26,84.47,56.15,36.85,19.94,39.5344,14.5,3,7,4,0,1,1,0,1,119324.47,0.4005,low,0.0
CUST019661,781,excellent,74.45,97.69,69.88,49.11,93.82,80.1405,5.5,6,0,1,0,0,0,0,3,278885.56,0.015,low,0.0
CUST019662,765,excellent,90.65,76.77,60.03,39.0,97.63,77.427,11.26,3,0,0,0,0,0,0,4,71147.35,0.1485,low,0.0
CUST019663,769,excellent,89.37,92.78,54.63,43.56,65.32,78.1953,1.36,3,2,0,0,0,0,0,7,282390.42,0.1662,low,0.0
CUST019664,704,good,39.62,98.48,85.26,37.37,73.21,67.257,3.2,10,2,2,0,0,0,0,1,122999.18,0.1586,low,0.0
CUST019665,802,excellent,87.43,90.23,88.05,36.09,92.63,83.7494,0.98,12,0,0,0,0,0,0,6,98159.25,0.0624,low,0.0
CUST019666,766,excellent,94.7,88.23,34.77,35.51,93.32,77.7107,0.99,1,0,0,0,0,0,0,1,85665.76,0.1003,low,0.0
CUST019667,831,excellent,96.4,93.23,99.67,36.25,81.67,88.4535,2.02,18,1,0,0,0,0,0,2,30876.54,0.0966,low,0.0
CUST019668,745,good,92.66,88.02,15.24,47.76,82.45,74.143,5.7,0,1,0,0,0,0,0,4,104952.03,0.0918,low,0.0
CUST019669,844,excellent,97.51,97.11,76.51,60.15,99.71,90.7208,3.85,7,0,0,0,0,0,1,3,126307.6,0.7272,low,0.25
CUST019670,805,excellent,95.45,83.46,77.45,49.46,91.96,84.2059,11.73,8,1,0,0,0,0,1,4,32693.79,0.3801,low,0.2
CUST019671,770,excellent,85.58,72.21,85.23,50.42,88.56,78.2967,34.62,17,1,0,0,0,0,0,4,36417.23,0.0406,low,0.0
CUST019672,820,excellent,94.16,90.38,95.65,47.2,75.68,86.7033,9.47,10,2,0,0,0,0,0,4,26119.02,0.0531,low,0.0
CUST019673,775,excellent,95.77,90.86,35.58,32.85,97.12,79.1114,9.75,1,0,0,0,0,0,0,2,52482.44,0.0741,low,0.0
CUST019674,765,excellent,86.38,84.12,58.25,40.68,91.85,77.4609,11.95,4,1,0,0,0,0,0,6,26160.09,0.1448,low,0.0
CUST019675,786,excellent,87.75,98.81,43.54,42.78,97.99,80.9642,4.25,1,0,0,0,0,0,0,0,74098.23,0.1087,low,0.0
CUST019676,800,excellent,85.47,91.66,93.21,30.35,89.07,83.3378,9.42,11,1,0,0,0,0,0,3,254492.16,0.0514,low,0.0
CUST019677,740,good,60.36,99.72,67.02,35.4,87.21,73.3551,3.92,6,1,2,0,0,0,0,6,179534.28,0.0094,low,0.0
CUST019678,756,excellent,99.28,89.74,25.54,32.97,71.39,75.9364,11.38,0,2,0,0,0,0,0,2,57054.93,0.0555,low,0.0
CUST019679,754,excellent,52.85,95.49,94.37,78.93,74.54,75.6476,6.85,14,2,1,0,0,0,1,5,47522.82,1.1247,low,0.1667
CUST019680,804,excellent,92.6,75.24,97.61,45.32,97.78,83.9346,13.52,10,0,0,0,0,0,0,4,29675.77,0.0923,low,0.0
CUST019681,865,excellent,99.24,91.27,96.35,79.28,96.57,94.1525,3.96,10,0,0,0,0,0,1,6,60867.4,0.5336,low,0.1429
CUST019682,646,high_risk,18.36,91.35,90.51,40.47,62.89,57.7431,7.05,19,4,5,1,0,1,0,2,82855.63,0.2501,low,0.0
CUST019683,820,excellent,94.06,90.88,72.65,64.98,90.78,86.6588,3.41,7,0,0,0,0,0,1,5,409326.15,0.6224,low,0.1667
CUST019684,686,risky,36.87,92.42,71.38,47.56,82.07,64.3013,1.77,6,1,3,0,0,0,0,5,78872.86,0.077,low,0.0
CUST019685,682,risky,24.89,95.83,92.58,73.5,59.46,63.6447,1.77,10,4,3,0,0,0,1,6,75459.71,1.1885,low,0.1429
CUST019686,680,risky,50.2,82.04,70.47,49.89,56.55,63.3983,11.81,7,4,4,0,0,0,0,5,356588.34,0.0724,low,0.0
CUST019687,770,excellent,91.17,89.13,34.63,46.28,99.08,78.3808,1.35,1,0,0,0,0,0,0,2,51400.85,0.0844,low,0.0
CUST019688,807,excellent,86.4,97.27,67.88,67.68,81.32,84.5058,8.43,7,1,0,0,0,0,2,7,148936.9,0.5289,low,0.2222
CUST019689,767,excellent,64.2,99.49,82.47,40.58,91.46,77.8915,1.28,6,1,4,0,0,0,0,2,149684.19,0.2187,low,0.0
CUST019690,624,high_risk,9.58,89.8,88.49,40.7,63.74,54.011,9.7,18,3,3,0,1,1,0,4,126963.67,0.3266,low,0.0
CUST019691,814,excellent,99.82,88.62,75.71,34.05,93.68,85.6547,1.68,8,0,0,0,0,0,0,7,220000.29,0.1659,low,0.0
CUST019692,818,excellent,92.99,96.58,76.5,48.65,84.04,86.2628,1.62,5,1,0,0,0,0,0,4,103174.45,0.1564,low,0.0
CUST019693,819,excellent,94.65,93.04,77.43,38.59,99.31,86.4452,8.87,6,0,0,0,0,0,0,0,73699.54,0.0029,low,0.0
CUST019694,798,excellent,97.49,96.34,41.82,45.69,90.98,82.9621,7.65,1,0,0,0,0,0,0,0,86978.96,0.0781,low,0.0
CUST019695,811,excellent,75.26,95.95,75.92,92.04,94.56,85.1756,9.3,6,0,0,0,0,0,2,5,128446.75,0.7419,low,0.2857
CUST019696,798,excellent,94.66,79.3,91.59,42.61,81.28,83.0485,11.22,13,1,0,0,0,0,0,1,40800.34,0.0379,low,0.0
CUST019697,579,high_risk,3.86,84.18,79.26,37.16,43.46,46.5535,14.3,5,3,5,0,1,1,0,3,112341.22,0.6221,low,0.0
CUST019698,620,high_risk,29.06,94.4,53.85,46.1,20.88,53.2648,9.07,2,7,7,0,0,1,0,3,295064.42,0.514,low,0.0
CUST019699,771,excellent,92.46,80.06,61.84,33.76,94.07,78.44,10.15,2,0,0,0,0,0,0,1,95777.48,0.0988,low,0.0
CUST019700,741,good,77.86,93.35,24.95,48.28,96.74,73.5018,8.87,0,0,0,0,0,0,0,2,104561.54,0.0234,low,0.0
CUST019701,815,excellent,86.85,93.11,97.52,32.18,96.96,85.872,8.15,10,0,0,0,0,0,0,6,51450.92,0.1534,low,0.0
CUST019702,788,excellent,73.64,89.31,99.66,43.25,95.7,81.4106,2.03,18,0,1,0,0,0,0,6,120003.99,0.0881,low,0.0
CUST019703,829,excellent,96.98,77.44,97.73,69.77,93.85,88.1985,14.95,14,0,0,0,0,0,1,2,99657.76,0.4278,low,0.3333
CUST019704,731,good,86.18,88.93,13.22,39.56,90.8,71.8604,3.52,0,1,0,0,0,0,0,0,73937.94,0.0617,low,0.0
CUST019705,802,excellent,96.74,80.34,64.17,75.32,84.83,83.6029,15.67,2,1,0,0,0,0,1,7,88843.63,0.6335,low,0.125
CUST019706,705,good,53.05,96.93,52.61,37.85,81.36,67.4593,9.73,4,1,2,0,0,0,0,1,178083.36,0.1493,low,0.0
CUST019707,743,good,97.63,79.59,32.96,32.15,75.7,73.7776,13.06,1,2,0,0,0,0,0,5,137644.76,0.0888,low,0.0
CUST019708,808,excellent,92.24,81.61,92.56,46.59,93.68,84.6769,14.88,20,0,0,0,0,0,1,1,191401.53,0.5654,low,0.5
CUST019709,767,excellent,86.89,64.96,92.96,48.97,91.05,77.847,33.51,12,0,0,0,0,0,0,3,72326.25,0.1271,low,0.0
CUST019710,826,excellent,98.15,92.67,85.96,38.26,88.78,87.7496,7.1,11,1,0,0,0,0,0,4,122758.95,0.0774,low,0.0
CUST019711,830,excellent,86.21,99.13,81.92,74.5,86.76,88.328,1.78,7,1,0,0,0,0,1,3,181430.16,0.4641,low,0.25
CUST019712,611,high_risk,19.14,85.78,92.58,33.93,20.95,51.8063,10.54,20,6,6,0,0,1,0,4,66802.22,0.601,low,0.0
CUST019713,823,excellent,97.54,89.93,94.97,30.33,87.75,87.1716,10.47,18,1,0,0,0,0,0,2,14306.31,0.0807,low,0.0
CUST019714,789,excellent,90.24,80.87,80.9,36.82,99.0,81.562,11.86,7,0,0,0,0,0,0,4,72667.26,0.0595,low,0.0
CUST019715,773,excellent,92.81,91.92,38.56,36.18,93.24,78.787,2.34,1,0,0,0,0,0,0,3,47188.65,0.1503,low,0.0
CUST019716,783,excellent,85.87,94.27,60.39,31.14,99.89,80.4953,1.35,3,0,0,0,0,0,0,3,89005.38,0.1187,low,0.0
CUST019717,822,excellent,91.04,92.5,96.01,34.07,95.15,86.938,0.23,13,0,0,0,0,0,0,2,94983.11,0.1198,low,0.0
CUST019718,708,good,44.98,94.16,85.12,39.1,73.85,68.0528,1.1,15,2,2,0,0,0,0,3,43680.81,0.236,low,0.0
CUST019719,803,excellent,87.3,91.06,86.19,33.91,96.61,83.855,8.64,13,0,0,0,0,0,0,2,191812.06,0.06,low,0.0
CUST019720,748,good,89.35,55.83,78.47,55.9,93.13,74.6937,46.32,9,0,0,0,0,0,0,6,350527.86,0.0052,low,0.0
CUST019721,814,excellent,85.07,94.52,90.41,54.26,85.46,85.6656,3.13,10,1,0,0,0,0,1,1,130222.74,0.4829,low,0.5
CUST019722,803,excellent,92.29,93.96,74.72,32.5,89.31,83.8772,4.22,6,1,0,0,0,0,0,0,452622.78,0.0684,low,0.0
CUST019723,802,excellent,86.11,94.55,50.65,84.86,91.26,83.7137,3.85,3,0,0,0,0,0,2,3,64234.1,0.432,low,0.4
CUST019724,667,risky,47.65,75.23,65.16,76.97,54.18,61.133,13.55,6,4,3,0,0,0,1,6,231487.96,1.2904,low,0.1429
CUST019725,744,good,94.67,77.79,30.48,30.12,98.96,73.9545,10.18,1,0,0,0,0,0,0,4,55454.36,0.0003,low,0.0
CUST019726,769,excellent,86.56,80.03,63.05,48.42,96.28,78.2345,14.23,2,0,0,0,0,0,1,7,117805.81,0.6274,low,0.125
CUST019727,795,excellent,94.92,63.34,96.71,61.33,95.69,82.4319,36.23,11,0,0,0,0,0,0,6,46542.65,0.0102,low,0.0
CUST019728,644,high_risk,45.54,88.88,15.16,46.4,78.54,57.3719,6.16,0,2,4,0,0,0,0,6,174831.5,0.0971,low,0.0
CUST019729,829,excellent,92.69,85.2,93.36,70.01,90.96,88.1023,11.3,14,0,0,0,0,0,1,2,151625.66,0.9867,low,0.3333
CUST019730,847,excellent,89.09,98.54,94.1,69.96,93.85,91.2395,7.07,19,0,0,0,0,0,1,5,104354.51,0.9367,low,0.1667
CUST019731,738,good,95.81,75.27,31.06,32.02,90.93,73.0701,12.3,0,0,0,0,0,0,0,5,183099.2,0.0927,low,0.0
CUST019732,844,excellent,98.83,95.64,85.92,48.04,96.55,90.6297,2.14,16,0,0,0,0,0,0,0,249293.27,0.0473,low,0.0
CUST019733,719,good,86.57,49.2,69.61,52.74,91.18,69.8944,56.39,6,1,0,0,0,0,0,1,30982.34,0.0651,low,0.0
CUST019734,814,excellent,95.36,93.75,77.87,57.08,68.11,85.7023,5.0,5,2,0,0,0,0,1,6,46319.55,0.7113,low,0.1429
CUST019735,747,good,97.88,77.29,31.24,47.69,76.57,74.5576,13.65,0,2,0,0,0,0,0,2,81337.26,0.1069,low,0.0
CUST019736,693,risky,40.59,88.43,96.85,30.69,71.58,65.4892,0.78,10,2,2,0,0,0,0,0,67717.73,0.1111,low,0.0
CUST019737,775,excellent,93.61,75.61,70.06,48.68,83.09,79.1309,14.04,6,1,0,0,0,0,0,7,25121.16,0.056,low,0.0
CUST019738,667,risky,26.95,92.55,93.36,32.2,68.13,61.2334,5.66,17,2,2,0,0,0,0,4,190522.41,0.017,low,0.0
CUST019739,734,good,47.22,94.56,98.83,32.15,94.74,72.4085,6.96,14,0,1,0,0,0,0,6,64430.83,0.0569,low,0.0
CUST019740,762,excellent,62.65,98.32,84.54,37.24,91.92,77.0212,0.89,7,1,1,0,0,0,0,6,16802.27,0.0254,low,0.0
CUST019741,802,excellent,98.84,83.47,56.77,73.01,82.3,83.6821,13.8,3,1,0,0,0,0,1,1,20956.37,0.9709,low,0.5
CUST019742,814,excellent,87.56,98.0,91.03,34.84,84.47,85.6322,7.93,15,1,0,0,0,0,0,4,257133.64,0.0946,low,0.0
CUST019743,792,excellent,94.14,95.62,45.86,49.05,85.45,81.9627,8.07,1,1,0,0,0,0,1,5,174736.28,0.6408,low,0.1667
CUST019744,823,excellent,88.65,80.88,95.32,79.34,96.01,87.1238,14.75,11,0,0,0,0,0,1,4,20712.83,0.8912,low,0.2
CUST019745,638,high_risk,37.04,86.22,76.59,30.52,30.11,56.3823,13.17,9,5,2,0,0,0,0,1,462967.56,0.1257,low,0.0
CUST019746,798,excellent,91.63,95.12,59.77,49.88,85.04,83.0645,0.99,2,1,0,0,0,0,0,4,92715.82,0.124,low,0.0
CUST019747,740,good,87.75,75.37,39.94,43.16,96.54,73.2825,11.63,1,0,0,0,0,0,0,3,163165.16,0.1119,low,0.0
CUST019748,836,excellent,92.4,99.93,86.41,45.35,94.86,89.3039,0.33,20,0,0,0,0,0,0,4,115392.98,0.0301,low,0.0
CUST019749,790,excellent,90.64,94.96,54.88,35.91,96.26,81.6615,3.62,2,0,0,0,0,0,0,5,407195.46,0.0729,low,0.0
CUST019750,821,excellent,94.72,87.89,80.16,63.51,89.1,86.8049,11.15,9,1,0,0,0,0,1,5,29929.3,0.5542,low,0.1667
CUST019751,826,excellent,92.83,99.17,76.33,49.94,90.47,87.7322,9.21,6,0,0,0,0,0,0,5,130755.86,0.1275,low,0.0
CUST019752,684,risky,42.12,96.06,69.82,36.27,63.7,64.031,4.05,7,3,2,0,0,0,0,0,368319.28,0.2192,low,0.0
CUST019753,771,excellent,94.7,81.12,51.28,36.97,96.54,78.5235,12.29,2,0,0,0,0,0,0,2,24157.73,0.0051,low,0.0
CUST019754,749,good,67.52,92.38,63.56,44.38,94.73,74.7903,2.35,2,0,1,0,0,0,0,4,51005.88,0.0709,low,0.0
CUST019755,743,good,85.42,88.24,18.65,48.55,98.76,73.8962,4.96,0,0,0,0,0,0,0,1,85166.19,0.0438,low,0.0
CUST019756,748,good,85.7,80.97,46.12,45.24,89.58,74.6867,14.41,2,1,0,0,0,0,1,3,74113.81,0.4814,low,0.25
CUST019757,760,excellent,90.16,94.32,26.73,35.94,91.34,76.5909,9.31,0,1,0,0,0,0,0,2,180975.92,0.1489,low,0.0
CUST019758,809,excellent,90.48,88.97,94.5,31.71,91.33,84.8381,10.35,11,1,0,0,0,0,0,4,61055.26,0.0701,low,0.0
CUST019759,829,excellent,90.0,92.6,99.86,49.97,89.11,88.1687,9.36,15,1,0,0,0,0,0,5,42906.55,0.033,low,0.0
CUST019760,764,excellent,75.57,87.27,72.71,42.15,95.54,77.3036,12.94,7,0,0,0,0,0,0,6,143878.64,0.1636,low,0.0
CUST019761,722,good,40.47,89.96,98.74,79.59,73.64,70.2867,2.57,18,2,1,0,0,0,1,0,271336.76,1.3063,low,0.5
CUST019762,813,excellent,86.07,91.2,96.21,44.71,90.46,85.4343,7.91,18,0,0,0,0,0,0,1,30337.98,0.1428,low,0.0
CUST019763,813,excellent,85.96,88.69,77.3,78.88,92.48,85.4233,2.45,8,0,0,0,0,0,1,6,51250.92,0.4845,low,0.1429
CUST019764,820,excellent,85.56,88.46,99.39,61.68,90.4,86.6006,6.92,15,0,0,0,0,0,1,4,77973.37,0.8197,low,0.2
CUST019765,768,excellent,88.88,88.84,44.64,45.97,89.99,78.0495,8.86,1,1,0,0,0,0,1,3,82955.14,0.9854,low,0.25
CUST019766,788,excellent,87.7,96.52,69.69,31.98,80.4,81.3431,5.96,5,1,0,0,0,0,0,6,253712.01,0.1354,low,0.0
CUST019767,689,risky,44.62,98.37,80.69,34.88,41.54,64.8745,3.52,5,3,4,0,0,0,0,7,67184.32,0.208,low,0.0
CUST019768,727,good,98.09,49.67,41.77,63.52,93.0,71.1535,59.12,1,0,0,0,0,0,0,4,43580.15,0.1446,low,0.0
CUST019769,817,excellent,88.5,97.39,76.24,50.49,94.85,86.1633,9.37,7,0,0,0,0,0,1,4,181223.2,0.8395,low,0.2
CUST019770,836,excellent,92.79,99.16,98.75,32.21,90.8,89.3388,8.55,13,0,0,0,0,0,0,0,6821.07,0.0353,low,0.0
CUST019771,829,excellent,94.4,89.79,98.62,41.46,92.92,88.2063,0.16,11,0,0,0,0,0,0,0,79857.18,0.0497,low,0.0
CUST019772,818,excellent,92.03,99.19,69.12,44.47,95.58,86.3411,8.9,6,0,0,0,0,0,0,6,156674.07,0.1368,low,0.0
CUST019773,748,good,58.78,91.68,88.39,42.92,90.6,74.6884,7.93,20,1,4,0,0,0,0,3,109983.36,0.2232,low,0.0
CUST019774,814,excellent,86.06,94.5,90.46,39.02,98.03,85.7464,2.0,10,0,0,0,0,0,0,5,39803.55,0.1414,low,0.0
CUST019775,737,good,85.21,97.1,16.03,48.13,66.41,72.8098,9.91,0,2,0,0,0,0,0,0,18468.58,0.1297,low,0.0
CUST019776,756,excellent,96.21,81.67,23.22,66.41,77.12,76.0114,18.76,0,2,0,0,0,0,1,7,186127.94,0.4405,low,0.125
CUST019777,736,good,60.65,82.37,94.04,37.3,88.11,72.5874,12.37,19,1,1,0,0,0,0,4,24033.07,0.0244,low,0.0
CUST019778,816,excellent,90.98,88.27,80.54,60.73,95.56,86.0355,10.92,6,0,0,0,0,0,1,3,19792.93,0.8933,low,0.25
CUST019779,781,excellent,87.55,92.18,53.85,41.41,96.66,80.1817,2.73,3,0,0,0,0,0,0,3,153718.63,0.0159,low,0.0
CUST019780,821,excellent,98.68,95.13,51.76,59.82,99.43,86.7665,2.29,3,0,0,0,0,0,2,4,19974.87,0.4409,low,0.3333
CUST019781,778,excellent,99.17,75.32,67.25,41.21,81.42,79.6534,10.79,8,1,0,0,0,0,0,6,40796.97,0.0688,low,0.0
CUST019782,765,excellent,96.7,89.92,22.0,35.33,98.9,77.5436,7.78,0,0,0,0,0,0,0,7,455606.98,0.0766,low,0.0
CUST019783,804,excellent,90.71,85.35,93.14,44.79,82.13,84.0165,14.42,12,1,0,0,0,0,0,2,47922.99,0.0819,low,0.0
CUST019784,791,excellent,88.94,75.59,89.82,47.76,98.4,81.8965,12.17,11,0,0,0,0,0,0,6,66641.99,0.0419,low,0.0
CUST019785,741,good,68.61,93.09,53.77,40.34,94.95,73.5351,1.28,3,0,1,0,0,0,0,0,190222.54,0.1583,low,0.0
CUST019786,776,excellent,88.2,92.82,49.62,40.19,91.81,79.3604,8.46,2,0,0,0,0,0,0,7,360362.94,0.069,low,0.0
CUST019787,702,good,34.74,89.83,97.02,40.13,92.93,66.9658,4.07,15,0,3,0,0,0,0,1,48679.06,0.2382,low,0.0
CUST019788,847,excellent,98.36,96.13,91.32,49.26,92.52,91.14,1.27,12,0,0,0,0,0,1,6,461330.0,0.945,low,0.1429
CUST019789,754,excellent,91.21,79.37,67.8,32.1,65.04,75.6183,10.08,8,2,0,0,0,0,0,4,85089.46,0.0687,low,0.0
CUST019790,837,excellent,97.23,83.58,91.11,73.57,93.74,89.5013,14.41,10,0,0,0,0,0,1,6,121275.79,0.8015,low,0.1429
CUST019791,727,good,62.39,81.42,92.27,55.77,55.66,71.2452,29.82,14,3,2,0,0,0,0,3,67709.91,0.0578,low,0.0
CUST019792,758,excellent,85.56,89.14,46.8,36.2,89.87,76.3166,6.94,1,1,0,0,0,0,0,0,83335.83,0.1449,low,0.0
CUST019793,810,excellent,74.5,97.59,90.43,62.06,99.4,85.06,0.02,17,0,1,0,0,0,1,2,453864.41,0.6553,low,0.3333
CUST019794,793,excellent,87.19,97.51,64.56,34.92,91.99,82.1457,2.18,2,1,0,0,0,0,0,5,216787.9,0.031,low,0.0
CUST019795,838,excellent,99.61,90.35,89.69,57.78,84.53,89.6542,4.24,11,1,0,0,0,0,1,1,53127.75,0.6037,low,0.5
CUST019796,832,excellent,96.0,88.88,80.93,71.98,91.35,88.7367,2.46,5,0,0,0,0,0,1,5,51575.96,0.9622,low,0.1667
CUST019797,799,excellent,88.14,79.47,93.54,53.28,91.6,83.2091,20.62,14,0,0,0,0,0,0,4,151831.81,0.0461,low,0.0
CUST019798,616,high_risk,43.12,39.49,88.03,54.28,70.37,52.6106,58.87,15,2,4,0,0,0,0,2,171060.53,0.1046,low,0.0
CUST019799,691,risky,47.13,89.22,69.09,47.66,68.06,65.195,4.34,7,2,2,0,0,0,0,4,58484.35,0.0826,low,0.0
CUST019800,781,excellent,67.25,91.24,76.43,78.8,98.59,80.1113,4.03,6,0,0,0,0,0,1,4,613335.76,0.8497,low,0.2
CUST019801,749,good,90.57,81.45,54.28,34.18,71.32,74.8265,10.46,2,2,0,0,0,0,0,0,67384.71,0.117,low,0.0
CUST019802,758,excellent,72.53,81.99,87.09,39.93,93.74,76.412,12.53,16,0,1,0,0,0,0,5,19695.71,0.102,low,0.0
CUST019803,673,risky,43.55,88.65,63.96,42.02,65.21,62.1538,6.34,2,2,3,0,0,0,0,7,43366.37,0.0064,low,0.0
CUST019804,776,excellent,85.96,94.13,53.41,35.31,94.79,79.3478,9.61,2,0,0,0,0,0,0,3,273140.52,0.1583,low,0.0
CUST019805,686,risky,42.45,83.42,91.0,68.37,49.67,64.3371,13.01,11,3,2,0,0,0,1,1,315513.54,1.4536,low,0.5
CUST019806,838,excellent,89.34,97.14,96.87,56.59,90.06,89.6064,3.98,10,1,0,0,0,0,1,3,50903.66,0.9071,low,0.25
CUST019807,825,excellent,91.8,93.81,96.61,38.9,88.91,87.5437,4.66,11,1,0,0,0,0,0,3,37818.4,0.1297,low,0.0
CUST019808,805,excellent,87.91,99.46,51.06,64.81,94.69,84.2176,2.37,2,0,0,0,0,0,1,2,661329.77,0.6211,low,0.3333
CUST019809,764,excellent,92.62,91.8,33.33,31.77,92.54,77.3862,7.49,1,0,0,0,0,0,0,7,34459.84,0.0668,low,0.0
CUST019810,792,excellent,99.0,79.69,46.35,66.03,98.08,81.9218,12.21,3,0,0,0,0,0,1,0,139186.34,0.4822,low,0.5
CUST019811,757,excellent,93.19,86.89,32.43,38.44,86.95,76.0862,14.49,0,1,0,0,0,0,0,6,150765.67,0.0016,low,0.0
CUST019812,707,good,44.74,91.27,79.38,45.71,82.38,67.7551,5.2,8,1,1,0,0,0,0,4,330039.02,0.1525,low,0.0
CUST019813,820,excellent,96.45,90.41,85.6,42.51,87.73,86.7433,3.38,14,1,0,0,0,0,0,1,299683.86,0.11,low,0.0
CUST019814,751,excellent,68.92,84.66,83.28,39.66,92.59,75.2363,12.32,9,0,0,0,0,0,0,4,206950.23,0.0772,low,0.0
CUST019815,816,excellent,87.4,92.64,93.75,45.93,90.29,86.0653,3.31,16,0,0,0,0,0,0,0,52388.67,0.023,low,0.0
CUST019816,786,excellent,88.02,85.7,59.44,71.14,85.21,81.0651,19.15,4,1,0,0,0,0,1,1,171484.13,0.7752,low,0.5
CUST019817,776,excellent,65.52,92.4,95.72,45.99,97.07,79.3167,2.44,18,0,1,0,0,0,1,1,147335.04,0.5035,low,0.5
CUST019818,803,excellent,86.92,93.37,73.24,45.93,97.93,83.8042,3.52,6,0,0,0,0,0,1,4,431224.76,0.7517,low,0.2
CUST019819,645,high_risk,17.99,98.89,87.5,40.63,43.15,57.4641,0.93,16,3,4,0,0,1,0,5,94924.59,0.4483,low,0.0
CUST019820,686,risky,33.88,89.8,87.79,38.53,85.24,64.3444,12.52,16,1,1,0,0,0,0,5,111040.83,0.0133,low,0.0
CUST019821,789,excellent,98.76,99.37,33.47,31.64,89.37,81.499,4.01,1,1,0,0,0,0,0,3,83265.16,0.0335,low,0.0
CUST019822,746,good,67.3,91.05,76.2,38.88,80.78,74.2668,7.3,8,1,0,0,0,0,0,6,130244.96,0.0108,low,0.0
CUST019823,815,excellent,77.0,91.41,93.07,77.43,98.15,85.8896,7.62,10,0,1,0,0,0,1,2,51467.65,0.7078,low,0.3333
CUST019824,661,risky,25.47,86.72,85.81,30.74,93.29,60.2042,14.75,13,0,2,0,0,0,0,7,48448.19,0.1418,low,0.0
CUST019825,783,excellent,92.16,89.77,49.04,42.83,96.73,80.4987,0.17,4,0,0,0,0,0,0,1,73617.3,0.1261,low,0.0
CUST019826,766,excellent,90.67,83.11,54.02,46.61,81.69,77.6003,10.89,2,1,0,0,0,0,0,4,301416.51,0.01,low,0.0
CUST019827,778,excellent,98.47,90.82,31.48,34.88,98.0,79.7206,4.52,1,0,0,0,0,0,0,4,88510.14,0.1329,low,0.0
CUST019828,758,excellent,67.9,95.17,63.19,47.59,97.63,76.315,0.04,2,0,1,0,0,0,0,6,113289.65,0.0126,low,0.0
CUST019829,783,excellent,91.81,89.55,47.47,51.03,92.44,80.4661,3.18,1,0,0,0,0,0,1,0,190610.39,0.6155,low,0.5
CUST019830,783,excellent,92.5,77.96,73.72,37.4,99.07,80.4664,13.72,8,0,0,0,0,0,0,7,32288.39,0.1388,low,0.0
CUST019831,732,good,56.64,96.89,79.48,64.29,58.21,72.0632,8.69,7,3,1,0,0,0,1,7,142135.48,1.0747,low,0.125
CUST019832,788,excellent,91.38,97.21,47.81,32.33,98.54,81.4042,4.34,1,0,0,0,0,0,0,1,75662.42,0.002,low,0.0
CUST019833,739,good,72.48,99.04,45.9,31.3,80.56,73.1518,9.0,4,1,1,0,0,0,0,0,115408.08,0.1594,low,0.0
CUST019834,658,risky,31.43,80.54,87.53,70.22,53.02,59.6148,14.09,15,3,1,0,0,0,1,4,118709.89,1.2506,low,0.2
CUST019835,775,excellent,88.24,97.94,43.34,32.7,91.27,79.165,8.06,1,0,0,0,0,0,0,1,38169.2,0.0973,low,0.0
CUST019836,804,excellent,90.82,80.1,94.27,50.06,90.72,84.0337,14.09,15,0,0,0,0,0,1,5,201048.81,0.6407,low,0.1667
CUST019837,833,excellent,94.64,98.97,82.18,45.97,90.61,88.8006,8.37,5,0,0,0,0,0,0,4,89507.33,0.0272,low,0.0
CUST019838,672,risky,40.61,87.61,67.66,47.6,65.31,61.9366,14.13,9,2,4,0,0,0,0,1,29758.88,0.2138,low,0.0
CUST019839,710,good,54.39,84.96,86.08,44.53,64.39,68.3296,14.87,15,3,2,0,0,0,0,4,240688.79,0.2197,low,0.0
CUST019840,817,excellent,99.18,86.81,66.39,73.18,81.86,86.2179,11.92,8,1,0,0,0,0,1,0,61043.39,0.3712,low,0.5
CUST019841,793,excellent,91.0,99.58,66.64,32.63,71.39,82.1207,5.27,5,2,0,0,0,0,0,0,139700.6,0.1567,low,0.0
CUST019842,683,risky,40.36,99.13,59.83,34.33,75.08,63.7828,7.5,2,2,3,0,0,0,0,6,719180.97,0.1739,low,0.0
CUST019843,845,excellent,94.23,99.49,96.31,48.38,86.68,90.7807,7.06,10,1,0,0,0,0,1,1,300688.18,0.8908,low,0.5
CUST019844,797,excellent,93.44,93.56,49.8,54.99,90.4,82.7806,4.01,1,0,0,0,0,0,1,4,263725.02,0.4082,low,0.2
CUST019845,773,excellent,90.43,81.07,67.18,31.61,96.32,78.8421,11.49,8,0,0,0,0,0,0,0,198402.16,0.155,low,0.0
CUST019846,790,excellent,98.39,83.98,59.33,35.82,95.04,81.6156,12.64,2,0,0,0,0,0,0,3,46138.34,0.1133,low,0.0
CUST019847,736,good,85.26,82.91,22.25,49.53,96.39,72.6421,11.29,0,0,0,0,0,0,0,2,535738.13,0.1213,low,0.0
CUST019848,749,good,90.07,80.18,37.39,40.23,96.31,74.8427,10.97,1,0,0,0,0,0,0,6,214710.25,0.0822,low,0.0
CUST019849,775,excellent,92.18,92.69,36.44,36.88,98.95,79.1171,0.34,1,0,0,0,0,0,0,7,151903.29,0.0986,low,0.0
CUST019850,829,excellent,98.14,86.23,96.11,37.89,97.2,88.1424,10.28,19,0,0,0,0,0,0,3,47831.01,0.0006,low,0.0
CUST019851,724,good,98.49,35.19,62.75,64.44,97.36,70.6215,54.54,2,0,0,0,0,0,0,4,50569.03,0.0315,low,0.0
CUST019852,828,excellent,92.69,99.14,89.69,31.07,92.51,87.9957,8.22,19,0,0,0,0,0,0,0,85920.32,0.128,low,0.0
CUST019853,709,good,35.84,96.26,96.89,46.71,75.77,68.2046,1.46,20,2,3,0,0,0,0,3,140998.48,0.1741,low,0.0
CUST019854,748,good,88.76,94.42,18.28,44.79,80.1,74.621,7.13,0,1,0,0,0,0,0,4,452582.24,0.1531,low,0.0
CUST019855,683,risky,41.46,91.43,64.25,63.49,58.34,63.7616,9.28,3,3,1,0,0,0,1,2,44882.38,0.7889,low,0.3333
CUST019856,803,excellent,98.54,89.93,57.68,39.93,97.33,83.8453,10.41,2,0,0,0,0,0,0,0,307804.51,0.0673,low,0.0
CUST019857,794,excellent,92.99,90.7,67.43,33.05,91.63,82.3389,8.49,8,0,0,0,0,0,0,4,8882.92,0.0134,low,0.0
CUST019858,791,excellent,91.01,95.38,49.91,40.46,99.09,81.9088,0.59,1,0,0,0,0,0,0,7,138346.93,0.1545,low,0.0
CUST019859,791,excellent,93.89,89.6,49.6,61.48,84.98,81.83,9.73,3,1,0,0,0,0,1,7,79123.73,0.3541,low,0.125
CUST019860,741,good,72.6,99.25,36.47,41.79,86.21,73.4559,2.11,1,1,0,0,0,0,0,3,642317.53,0.0144,low,0.0
CUST019861,757,excellent,64.54,99.9,76.91,43.08,78.21,76.2253,3.07,8,2,1,0,0,0,0,2,96482.26,0.1783,low,0.0
CUST019862,826,excellent,89.92,98.92,84.94,49.66,88.31,87.6869,7.62,8,1,0,0,0,0,1,6,359600.43,0.7648,low,0.1429
CUST019863,836,excellent,96.87,81.43,81.99,90.85,96.82,89.398,11.54,7,0,0,0,0,0,2,3,21171.44,0.7107,low,0.4
CUST019864,796,excellent,95.72,88.78,55.83,55.16,86.86,82.7133,21.26,4,1,0,0,0,0,0,1,49861.86,0.0306,low,0.0
CUST019865,631,high_risk,25.76,82.16,65.94,33.75,82.02,55.1311,12.47,5,1,1,0,0,0,0,1,166544.89,0.2027,low,0.0
CUST019866,790,excellent,86.28,93.92,69.95,32.06,96.55,81.7263,1.82,5,0,0,0,0,0,0,2,11892.1,0.1335,low,0.0
CUST019867,836,excellent,95.2,90.84,93.06,67.28,80.95,89.3547,9.13,11,1,0,0,0,0,1,4,18733.86,0.9655,low,0.2
CUST019868,787,excellent,88.27,89.0,67.26,36.08,99.52,81.2415,9.88,8,0,0,0,0,0,0,5,1153830.04,0.0733,low,0.0
CUST019869,767,excellent,78.08,76.64,78.27,65.13,92.95,77.8689,11.77,9,0,0,0,0,0,1,1,66372.31,0.4534,low,0.5
CUST019870,710,good,45.51,92.9,78.05,48.09,79.73,68.2867,5.99,7,2,4,0,0,0,0,2,81844.24,0.0904,low,0.0
CUST019871,795,excellent,85.54,93.79,67.89,44.01,97.97,82.4573,7.47,5,0,0,0,0,0,0,4,30558.13,0.1069,low,0.0
CUST019872,577,high_risk,29.1,76.95,17.77,32.63,70.21,46.2201,13.46,0,2,4,0,0,0,0,5,356542.27,0.0075,low,0.0
CUST019873,807,excellent,90.38,90.11,49.44,87.29,96.93,84.5028,3.68,4,0,0,0,0,0,2,6,241984.72,0.4835,low,0.25
CUST019874,812,excellent,93.92,80.13,94.61,42.32,99.59,85.2959,11.48,12,0,0,0,0,0,0,1,183047.96,0.0507,low,0.0
CUST019875,705,good,43.08,85.82,93.35,73.28,63.94,67.5483,10.57,10,3,2,0,0,0,1,0,64830.77,1.4042,low,0.5
CUST019876,784,excellent,97.46,78.92,66.3,43.49,85.4,80.6212,11.64,6,1,0,0,0,0,0,1,104230.47,0.0604,low,0.0
CUST019877,773,excellent,96.84,75.24,60.97,37.32,95.08,78.849,12.12,2,0,0,0,0,0,0,4,53544.58,0.0978,low,0.0
CUST019878,828,excellent,95.74,96.46,81.18,39.51,93.9,87.9621,8.35,9,0,0,0,0,0,0,3,109650.02,0.0785,low,0.0
CUST019879,792,excellent,95.34,99.37,39.84,36.51,91.45,81.9502,0.68,1,1,0,0,0,0,0,4,53148.51,0.0043,low,0.0
CUST019880,665,risky,52.24,83.84,57.1,38.65,50.25,60.8901,13.48,4,3,3,0,0,0,0,6,77429.71,0.0481,low,0.0
CUST019881,796,excellent,91.53,82.36,86.11,32.41,97.53,82.6546,11.49,13,0,0,0,0,0,0,0,25651.19,0.162,low,0.0
CUST019882,649,high_risk,43.78,76.7,77.9,40.12,41.43,58.1749,10.55,9,5,3,0,0,0,0,0,35246.07,0.1089,low,0.0
CUST019883,847,excellent,98.79,96.04,99.44,36.15,91.85,91.1044,7.76,13,0,0,0,0,0,0,4,35004.45,0.0479,low,0.0
CUST019884,833,excellent,88.39,89.03,90.88,79.81,96.51,88.9111,12.52,11,0,0,0,0,0,1,1,513637.68,0.7758,low,0.5
CUST019885,809,excellent,89.39,94.49,68.74,58.71,90.85,84.9008,1.86,9,0,0,0,0,0,1,4,55944.0,0.4898,low,0.2
CUST019886,601,high_risk,15.15,95.54,52.52,42.72,40.63,50.1788,7.88,2,3,3,0,0,1,0,7,245380.71,0.6456,low,0.0
CUST019887,797,excellent,94.72,87.04,72.17,33.07,93.6,82.7568,14.66,7,0,0,0,0,0,0,2,241564.5,0.0572,low,0.0
CUST019888,798,excellent,94.29,83.28,62.13,71.59,84.81,82.9455,10.2,3,1,0,0,0,0,1,4,41244.1,0.4727,low,0.2
CUST019889,722,good,93.85,43.21,65.88,63.44,82.91,70.3284,53.94,9,1,0,0,0,0,0,7,198720.59,0.145,low,0.0
CUST019890,820,excellent,92.81,91.42,90.8,44.45,87.26,86.7003,0.51,14,1,0,0,0,0,0,7,57639.5,0.0822,low,0.0
CUST019891,700,good,78.3,76.32,30.37,32.56,84.77,66.587,10.02,0,1,0,0,0,0,0,4,49789.08,0.0182,low,0.0
CUST019892,770,excellent,67.96,88.83,73.66,77.74,90.15,78.2727,5.06,7,1,0,0,0,0,1,6,120579.38,0.7264,low,0.1429
CUST019893,807,excellent,98.0,88.42,80.79,33.24,82.08,84.478,11.17,7,1,0,0,0,0,0,3,25471.18,0.0998,low,0.0
CUST019894,786,excellent,90.4,92.86,76.11,34.47,66.54,81.0173,9.94,6,2,0,0,0,0,0,7,87330.02,0.0105,low,0.0
CUST019895,798,excellent,92.2,81.44,97.74,31.64,85.49,83.0739,12.89,11,1,0,0,0,0,0,2,560414.14,0.141,low,0.0
CUST019896,796,excellent,86.0,96.98,66.63,43.52,91.51,82.6896,1.96,6,1,0,0,0,0,0,3,81130.36,0.0899,low,0.0
CUST019897,678,risky,28.8,96.5,86.8,44.04,64.88,62.9426,5.96,11,3,3,0,0,1,0,3,276092.45,0.5079,low,0.0
CUST019898,780,excellent,86.66,81.83,88.36,31.35,87.09,79.978,10.12,14,1,0,0,0,0,0,2,191751.15,0.0118,low,0.0
CUST019899,818,excellent,89.66,93.1,93.7,49.72,80.58,86.3973,7.75,16,1,0,0,0,0,1,5,29273.08,0.9796,low,0.1667
CUST019900,672,risky,42.78,99.33,33.94,42.06,79.85,62.0576,7.8,1,2,4,0,0,0,0,1,603469.76,0.0992,low,0.0
CUST019901,783,excellent,90.46,77.82,74.93,70.33,72.05,80.4833,14.99,7,2,0,0,0,0,1,2,34686.25,0.7372,low,0.3333
CUST019902,820,excellent,98.07,87.87,87.76,40.05,88.91,86.7473,13.66,10,1,0,0,0,0,0,0,23827.86,0.0825,low,0.0
CUST019903,821,excellent,93.18,88.89,95.59,40.17,91.89,86.8227,8.07,13,0,0,0,0,0,0,5,344487.42,0.0366,low,0.0
CUST019904,633,high_risk,19.97,95.2,67.67,63.67,44.26,55.4906,0.02,8,4,5,0,0,0,1,5,237278.79,2.2154,moderate,0.1667
CUST019905,831,excellent,91.66,90.04,93.87,55.21,97.44,88.436,5.09,12,0,0,0,0,0,1,1,110711.42,0.7387,low,0.5
CUST019906,787,excellent,95.49,93.86,61.9,37.99,65.43,81.2055,5.69,3,2,0,0,0,0,0,2,33203.19,0.0069,low,0.0
CUST019907,795,excellent,94.02,88.92,48.13,61.96,95.38,82.5365,5.93,1,0,0,0,0,0,1,5,126591.1,0.3611,low,0.1667
CUST019908,771,excellent,77.85,95.93,63.33,40.32,88.68,78.4267,5.77,2,1,1,0,0,0,0,6,78130.06,0.1115,low,0.0
CUST019909,766,excellent,76.39,80.1,90.8,51.56,82.03,77.7444,11.62,19,1,1,0,0,0,1,6,84831.62,0.4059,low,0.1429
CUST019910,795,excellent,90.72,93.65,60.86,46.51,88.27,82.4564,3.49,4,1,0,0,0,0,0,6,106868.2,0.05,low,0.0
CUST019911,815,excellent,90.78,90.63,65.05,79.82,91.62,85.8608,9.47,5,0,0,0,0,0,2,3,11163.01,0.6775,low,0.4
CUST019912,656,risky,53.16,79.27,55.08,31.61,55.65,59.3745,10.82,3,3,3,0,0,0,0,0,167375.22,0.0561,low,0.0
CUST019913,779,excellent,99.61,82.71,48.77,34.22,94.17,79.8307,10.17,2,0,0,0,0,0,0,4,92442.32,0.1485,low,0.0
CUST019914,612,high_risk,10.65,84.74,85.69,64.21,45.45,51.9665,10.89,16,3,5,0,0,0,1,5,189220.26,2.2235,moderate,0.1667
CUST019915,794,excellent,86.17,80.13,90.65,54.37,90.78,82.3125,11.66,11,0,0,0,0,0,1,6,12322.35,0.8908,low,0.1429
CUST019916,702,good,50.71,92.41,96.52,37.01,33.65,67.0151,2.93,12,5,2,0,0,0,0,7,350732.59,0.1381,low,0.0
CUST019917,768,excellent,95.15,88.92,34.04,38.58,90.94,78.0381,11.21,1,0,0,0,0,0,0,4,55278.99,0.097,low,0.0
CUST019918,720,good,56.66,89.85,72.67,47.68,75.66,70.0185,4.74,6,2,4,0,0,0,0,1,224646.07,0.0067,low,0.0
CUST019919,764,excellent,98.66,80.59,25.94,49.07,98.79,77.3848,13.13,0,0,0,0,0,0,0,2,71595.78,0.0735,low,0.0
CUST019920,821,excellent,93.52,82.35,97.6,60.34,87.6,86.8696,21.83,16,1,0,0,0,0,1,5,48774.56,0.9841,low,0.1667
CUST019921,816,excellent,94.22,91.36,83.87,47.68,82.34,85.9654,9.93,8,1,0,0,0,0,0,3,115592.02,0.081,low,0.0
CUST019922,818,excellent,94.25,97.34,58.71,61.87,90.99,86.2821,4.3,3,1,0,0,0,0,2,6,58525.39,0.5796,low,0.25
CUST019923,854,excellent,99.37,92.92,81.71,78.98,94.8,92.2893,2.96,8,0,0,0,0,0,1,4,166413.2,0.375,low,0.2
CUST019924,829,excellent,88.54,97.92,98.62,47.28,83.25,88.2121,4.26,14,1,0,0,0,0,1,0,24466.84,0.9799,low,0.5
CUST019925,793,excellent,90.71,81.39,95.19,35.42,82.1,82.1968,14.64,15,1,0,0,0,0,0,7,30702.73,0.0705,low,0.0
CUST019926,589,high_risk,14.86,92.58,52.96,60.09,22.09,48.1357,1.42,2,6,8,0,0,0,1,5,131624.06,1.6873,moderate,0.1667
CUST019927,743,good,51.69,96.58,95.52,38.58,85.97,73.8486,4.87,15,1,4,0,0,0,0,3,99952.96,0.2005,low,0.0
CUST019928,788,excellent,88.04,79.32,90.04,35.26,96.63,81.3062,14.79,19,0,0,0,0,0,0,1,421067.25,0.0416,low,0.0
CUST019929,760,excellent,78.34,86.74,64.24,43.9,92.36,76.7021,10.98,2,0,0,0,0,0,0,7,127786.26,0.011,low,0.0
CUST019930,712,good,85.08,55.97,75.52,50.82,56.11,68.5911,44.01,8,3,0,0,0,0,1,0,108336.68,0.6735,low,0.5
CUST019931,827,excellent,96.3,92.97,78.49,60.01,84.85,87.8546,5.81,6,1,0,0,0,0,1,1,37598.81,0.7595,low,0.5
CUST019932,836,excellent,96.22,89.38,99.08,45.74,94.53,89.38,7.33,11,0,0,0,0,0,1,6,179312.54,0.4837,low,0.1429
CUST019933,835,excellent,96.3,93.38,85.38,61.04,85.81,89.2121,6.03,10,1,0,0,0,0,1,2,124640.2,0.924,low,0.3333
CUST019934,716,good,60.22,95.98,31.35,48.79,98.45,69.298,6.29,1,0,4,0,0,0,0,3,84106.01,0.092,low,0.0
CUST019935,798,excellent,85.68,78.32,74.54,83.41,99.65,82.9716,13.44,7,0,0,0,0,0,2,6,56913.78,0.8056,low,0.25
CUST019936,672,risky,43.49,93.31,72.16,33.89,45.32,61.9604,6.15,8,3,3,0,0,0,0,0,45464.49,0.1589,low,0.0
CUST019937,844,excellent,96.45,89.51,96.58,63.97,91.85,90.68,7.35,13,1,0,0,0,0,1,3,49418.09,0.447,low,0.25
CUST019938,620,high_risk,38.51,94.92,15.82,35.4,54.05,53.2725,2.09,0,3,2,0,0,0,0,2,360093.28,0.1041,low,0.0
CUST019939,670,risky,43.41,82.25,54.99,42.62,92.79,61.6573,10.51,2,0,2,0,0,0,0,7,62757.17,0.1969,low,0.0
CUST019940,745,good,91.63,83.75,25.18,42.45,88.87,74.1052,14.2,0,1,0,0,0,0,0,4,36321.44,0.0684,low,0.0
CUST019941,785,excellent,86.47,79.78,87.68,35.41,98.67,80.7581,14.21,13,0,0,0,0,0,0,7,68384.57,0.0545,low,0.0
CUST019942,822,excellent,96.94,93.7,72.45,48.66,91.48,86.9217,8.53,9,0,0,0,0,0,0,1,119866.18,0.0881,low,0.0
CUST019943,744,good,77.91,98.13,18.23,49.93,94.99,73.9316,9.61,0,0,1,0,0,0,0,3,167596.95,0.0292,low,0.0
CUST019944,790,excellent,97.68,97.16,44.88,45.06,71.74,81.7496,3.39,1,2,0,0,0,0,0,5,96680.1,0.1548,low,0.0
CUST019945,826,excellent,95.7,84.3,95.04,55.05,91.71,87.7199,11.77,11,0,0,0,0,0,1,1,271435.82,0.7529,low,0.5
CUST019946,810,excellent,87.69,91.32,84.17,45.42,97.27,84.9803,1.96,8,0,0,0,0,0,1,7,111672.13,0.7617,low,0.125
CUST019947,808,excellent,87.64,86.08,99.72,37.15,94.36,84.607,11.43,15,0,0,0,0,0,0,3,234529.06,0.0134,low,0.0
CUST019948,756,excellent,71.19,71.21,86.83,75.9,91.68,76.0611,30.87,17,0,1,0,0,0,1,0,278498.56,0.4369,low,0.5
CUST019949,809,excellent,89.92,90.75,86.55,41.42,89.59,84.7786,9.72,12,1,0,0,0,0,0,6,29529.42,0.0266,low,0.0
CUST019950,763,excellent,93.13,75.52,53.47,47.95,91.2,77.1842,12.41,2,0,0,0,0,0,0,1,122412.73,0.1608,low,0.0
CUST019951,800,excellent,97.41,81.27,84.23,30.5,91.43,83.3014,14.89,5,0,0,0,0,0,0,6,213446.85,0.1211,low,0.0
CUST019952,661,risky,41.45,88.58,61.77,32.45,66.33,60.2242,14.4,3,2,2,0,0,0,0,7,44077.03,0.2341,low,0.0
CUST019953,728,good,50.14,99.89,81.22,48.96,67.57,71.3521,4.92,6,2,3,0,0,0,0,6,36580.81,0.1264,low,0.0
CUST019954,793,excellent,97.21,65.63,86.07,62.24,93.35,82.1792,47.55,10,0,0,0,0,0,1,6,58054.06,0.666,low,0.1429
CUST019955,827,excellent,98.21,85.28,81.33,64.75,91.62,87.7945,13.31,7,0,0,0,0,0,1,7,194659.06,0.6547,low,0.125
CUST019956,808,excellent,97.9,97.93,45.1,46.61,95.97,84.6689,9.22,4,0,0,0,0,0,0,5,81940.51,0.0926,low,0.0
CUST019957,762,excellent,86.77,83.49,62.01,50.35,73.21,77.0727,12.13,4,2,0,0,0,0,1,7,28526.7,0.8993,low,0.125
CUST019958,738,good,73.02,93.66,42.98,42.01,86.36,72.9365,7.37,1,1,0,0,0,0,0,1,397781.73,0.0842,low,0.0
CUST019959,839,excellent,98.16,97.95,47.83,94.62,94.04,89.7833,6.71,1,0,0,0,0,0,2,5,92873.54,0.4198,low,0.2857
CUST019960,797,excellent,87.48,83.22,95.26,31.53,98.78,82.9014,13.62,10,0,0,0,0,0,0,3,86697.76,0.0979,low,0.0
CUST019961,847,excellent,96.28,91.58,91.15,63.55,99.3,91.1294,1.29,15,0,0,0,0,0,1,0,61675.54,0.524,low,0.5
CUST019962,834,excellent,95.97,90.42,85.01,63.69,91.42,88.9781,2.64,14,0,0,0,0,0,1,7,248562.95,0.8965,low,0.125
CUST019963,843,excellent,98.86,82.89,97.77,63.76,99.8,90.4904,12.46,13,0,0,0,0,0,1,5,23235.85,0.7732,low,0.1667
CUST019964,841,excellent,96.8,88.85,87.0,75.07,91.09,90.203,8.87,13,1,0,0,0,0,1,2,49342.93,0.9607,low,0.3333
CUST019965,797,excellent,95.75,90.14,57.99,54.2,82.4,82.9145,5.35,3,1,0,0,0,0,1,6,86517.9,0.5801,low,0.1429
CUST019966,621,high_risk,11.11,92.81,83.01,72.15,30.86,53.4845,2.66,7,5,6,0,0,0,1,0,47057.03,1.9985,moderate,0.5
CUST019967,794,excellent,95.82,79.93,78.53,48.42,82.44,82.3819,13.02,8,1,0,0,0,0,1,2,18610.1,0.7079,low,0.3333
CUST019968,771,excellent,85.33,97.51,40.41,33.34,99.09,78.4203,8.9,1,0,0,0,0,0,0,7,160726.42,0.1572,low,0.0
CUST019969,734,good,87.8,56.92,64.15,50.53,98.07,72.2902,40.41,4,0,0,0,0,0,0,0,213814.31,0.0312,low,0.0
CUST019970,818,excellent,90.41,89.22,87.39,62.23,86.47,86.3884,14.11,18,1,0,0,0,0,1,0,51541.38,0.7429,low,0.5
CUST019971,673,risky,62.54,97.53,11.31,47.29,45.35,62.1084,3.52,0,3,1,0,0,0,0,4,97785.58,0.2035,low,0.0
CUST019972,791,excellent,85.81,98.89,61.33,37.44,91.82,81.8278,8.88,2,1,0,0,0,0,0,5,86693.22,0.1039,low,0.0
CUST019973,575,high_risk,7.94,88.7,25.99,39.83,85.17,45.7873,7.81,0,1,4,0,1,1,0,6,16048.8,0.205,low,0.0
CUST019974,814,excellent,98.49,92.12,65.65,38.51,98.24,85.6331,5.08,6,0,0,0,0,0,0,2,204826.25,0.1394,low,0.0
CUST019975,755,excellent,56.46,90.62,87.2,66.69,90.77,75.7709,5.18,20,1,1,0,0,0,1,2,291750.4,0.8729,low,0.3333
CUST019976,759,excellent,63.03,92.79,99.88,46.38,70.16,76.5335,5.49,13,2,2,0,0,0,0,2,453310.71,0.1731,low,0.0
CUST019977,767,excellent,87.12,98.62,31.66,37.23,92.21,77.7692,9.03,0,0,0,0,0,0,0,2,73016.44,0.1181,low,0.0
CUST019978,785,excellent,94.14,81.43,64.29,57.07,80.58,80.7849,26.53,2,1,0,0,0,0,0,5,171567.34,0.1169,low,0.0
CUST019979,769,excellent,88.85,77.77,67.81,47.58,87.59,78.1159,16.02,8,1,0,0,0,0,0,1,96652.9,0.0128,low,0.0
CUST019980,804,excellent,93.07,77.13,94.81,49.45,91.09,83.9903,12.18,19,1,0,0,0,0,0,3,29373.82,0.0219,low,0.0
CUST019981,653,risky,56.19,91.74,12.38,36.24,60.91,58.7616,5.67,0,4,1,0,0,0,0,5,261105.83,0.1115,low,0.0
CUST019982,830,excellent,98.28,93.59,91.44,40.34,80.41,88.2659,6.29,20,1,0,0,0,0,0,0,24093.19,0.1359,low,0.0
CUST019983,771,excellent,99.14,95.16,11.75,43.1,91.16,78.4359,0.51,0,0,0,0,0,0,0,7,430395.8,0.0826,low,0.0
CUST019984,690,risky,43.9,92.53,89.19,37.2,48.48,65.0711,1.49,16,3,1,0,0,0,0,2,379356.84,0.1285,low,0.0
CUST019985,808,excellent,97.75,83.23,80.0,43.81,91.86,84.7495,11.57,8,0,0,0,0,0,0,4,126487.72,0.1603,low,0.0
CUST019986,707,good,41.75,88.63,92.48,37.15,90.72,67.8627,4.36,19,0,3,0,0,0,0,2,27540.38,0.1871,low,0.0
CUST019987,828,excellent,98.88,88.7,66.63,73.81,94.81,88.0732,12.37,6,0,0,0,0,0,1,3,147116.78,0.5941,low,0.25
CUST019988,804,excellent,86.82,89.44,96.59,31.24,91.11,83.9422,4.55,10,1,0,0,0,0,0,4,108473.72,0.0375,low,0.0
CUST019989,813,excellent,95.61,84.95,68.11,64.16,99.16,85.4971,14.86,7,0,0,0,0,0,2,5,147669.94,0.7708,low,0.2857
CUST019990,829,excellent,97.83,88.91,95.96,37.41,91.23,88.1738,9.52,10,0,0,0,0,0,0,4,139120.94,0.0417,low,0.0
CUST019991,778,excellent,85.29,95.99,46.67,42.85,97.43,79.6759,2.5,2,0,0,0,0,0,0,4,112213.75,0.0798,low,0.0
CUST019992,815,excellent,98.14,84.61,77.25,48.82,96.29,85.8298,11.74,9,0,0,0,0,0,0,7,42669.62,0.1135,low,0.0
CUST019993,814,excellent,94.78,93.19,92.94,47.03,59.2,85.6953,0.64,15,3,0,0,0,0,1,6,42290.8,0.7066,low,0.1429
CUST019994,822,excellent,96.81,89.4,88.61,36.55,94.09,87.0569,11.91,12,0,0,0,0,0,0,1,32076.45,0.0218,low,0.0
CUST019995,788,excellent,95.33,96.45,44.35,30.82,92.53,81.289,4.52,1,0,0,0,0,0,0,1,277228.49,0.1479,low,0.0
CUST019996,660,risky,22.66,89.93,89.38,37.06,79.14,59.9383,11.1,13,2,5,0,0,1,0,7,72302.38,0.1852,low,0.0
CUST019997,823,excellent,87.16,95.63,87.72,57.36,90.12,87.1004,7.22,10,0,0,0,0,0,1,5,379647.35,0.5483,low,0.1667
CUST019998,836,excellent,95.83,94.32,85.93,55.82,90.84,89.3933,8.48,19,1,0,0,0,0,1,0,320813.86,0.9557,low,0.5
CUST019999,762,excellent,66.4,90.1,91.12,39.26,90.84,76.9474,9.6,19,0,0,0,0,0,0,2,193736.07,0.1162,low,0.0
CUST020000,814,excellent,98.54,88.64,86.93,35.31,80.91,85.7405,3.35,12,1,0,0,0,0,0,3,63503.17,0.1466,low,0.0
